155183.56, 1419167.34, 0.4183
155965.52, 1419752.6, 0.4183
155712.33, 1419759.54, 0.4183
155775.64, 1419883.44, 0.4183
155700.45, 1419849.7, 0.4183
155906.87, 1419382.61, 0.4183
155749.76, 1419847.01, 0.4183
155221.45, 1419194.0, 0.4183
155827.97, 1419839.77, 0.4183
155062.95, 1419476.38, 0.4183
155433.67, 1419066.93, 0.4183
155051.79, 1419793.68, 0.4183
155873.39, 1419720.36, 0.4183
155029.37, 1419489.71, 0.4183
155587.69, 1419923.73, 0.4183
155697.51, 1419825.05, 0.4183
155673.24, 1419933.72, 0.4183
155830.69, 1419626.18, 0.4183
155936.65, 1419462.49, 0.4183
155254.62, 1419243.64, 0.4183
155878.06, 1419800.66, 0.4183
155166.69, 1419217.73, 0.4183
155127.81, 1419206.26, 0.4183
155802.24, 1419619.5, 0.4183
155925.09, 1419483.71, 0.4183
155921.87, 1419743.14, 0.4183
155820.05, 1419659.86, 0.4183
155911.29, 1419444.5, 0.4183
155234.56, 1419116.08, 0.4183
155916.43, 1419718.55, 0.4183
155089.22, 1419196.61, 0.4183
155698.12, 1419906.73, 0.4183
155945.97, 1419530.54, 0.4183
155857.69, 1419907.35, 0.4183
155699.14, 1419948.67, 0.4183
155891.33, 1419518.1, 0.4183
155876.9, 1419819.26, 0.4183
155984.38, 1419881.11, 0.4183
158113.16, 1419640.67, 0.40218
158834.14, 1419059.03, 0.40218
158700.01, 1419145.59, 0.40218
158611.11, 1419154.25, 0.40218
158804.27, 1419309.22, 0.40218
158904.15, 1419146.73, 0.40218
158926.74, 1419078.2, 0.40218
158654.81, 1419253.84, 0.40218
158708.25, 1419317.47, 0.40218
158584.92, 1419237.83, 0.40218
158470.62, 1419871.49, 0.40218
158848.42, 1419154.66, 0.40218
158888.93, 1419084.67, 0.40218
158621.09, 1419243.62, 0.40218
158543.76, 1419249.03, 0.40218
158593.46, 1419329.47, 0.40218
158662.69, 1419350.48, 0.40218
158750.06, 1419244.71, 0.40218
158562.96, 1419261.21, 0.40218
158829.56, 1419830.11, 0.40218
158437.38, 1419209.25, 0.40218
158650.23, 1419138.69, 0.40218
158354.74, 1419799.61, 0.40218
158947.35, 1419981.96, 0.40218
158694.53, 1419305.33, 0.40218
158702.4, 1419250.01, 0.40218
158686.73, 1419873.3, 0.40218
158973.02, 1419133.59, 0.40218
158830.6, 1419249.55, 0.40218
158088.09, 1419244.99, 0.40218
158661.54, 1419115.92, 0.40218
158796.79, 1419082.01, 0.40218
158985.98, 1419041.61, 0.40218
158987.66, 1419209.15, 0.40218
158829.03, 1419278.63, 0.40218
159751.76, 1419300.44, 0.41232
159098.01, 1419202.52, 0.41232
159233.91, 1419475.52, 0.41232
159306.34, 1419627.94, 0.41232
159034.91, 1419154.54, 0.41232
159168.53, 1419116.33, 0.41232
159917.03, 1419797.57, 0.41232
159136.79, 1419068.07, 0.41232
159210.63, 1419133.94, 0.41232
159045.34, 1419027.66, 0.41232
159127.13, 1419104.61, 0.41232
159284.26, 1419778.13, 0.41232
159254.14, 1419522.67, 0.41232
159591.67, 1419351.53, 0.41232
159137.29, 1419192.66, 0.41232
159441.51, 1419053.17, 0.41232
159945.4, 1419810.03, 0.41232
159018.94, 1419966.37, 0.41232
159017.73, 1419070.31, 0.41232
159115.17, 1419089.17, 0.41232
159335.09, 1419125.46, 0.41232
159309.82, 1419103.73, 0.41232
156316.88, 1419424.68, 0.4051
156462.52, 1419736.9, 0.4051
156364.4, 1419473.98, 0.4051
156831.06, 1419238.08, 0.4051
156261.19, 1419333.83, 0.4051
156293.24, 1419491.36, 0.4051
156763.58, 1419142.65, 0.4051
156265.41, 1419141.42, 0.4051
156803.79, 1419407.07, 0.4051
156368.3, 1419163.56, 0.4051
156832.86, 1419668.44, 0.4051
156136.59, 1419466.9, 0.4051
156462.73, 1419217.5, 0.4051
156788.34, 1419486.31, 0.4051
156715.45, 1419143.04, 0.4051
156786.33, 1419542.04, 0.4051
156389.02, 1419573.34, 0.4051
156030.15, 1419732.03, 0.4051
156501.39, 1419244.72, 0.4051
156666.13, 1419418.38, 0.4051
156489.53, 1419135.38, 0.4051
156931.24, 1419804.57, 0.4051
156363.1, 1419549.84, 0.4051
156501.28, 1419215.77, 0.4051
156839.73, 1419158.34, 0.4051
156313.12, 1419615.35, 0.4051
156875.72, 1419336.98, 0.4051
156035.61, 1419682.88, 0.4051
156100.86, 1419427.06, 0.4051
156194.94, 1419839.2, 0.4051
156153.32, 1419824.09, 0.4051
156099.38, 1419386.19, 0.4051
156241.85, 1419268.27, 0.4051
156647.36, 1419431.63, 0.4051
156924.52, 1419186.83, 0.4051
156683.58, 1419345.99, 0.4051
156859.52, 1419243.09, 0.4051
156230.32, 1419556.55, 0.4051
156947.39, 1419855.92, 0.4051
156682.08, 1419391.89, 0.4051
156153.32, 1419561.57, 0.4051
156880.07, 1419294.73, 0.4051
156904.83, 1419725.15, 0.4051
156673.86, 1419033.21, 0.4051
156965.96, 1419310.15, 0.4051
156266.65, 1419646.07, 0.4051
156039.82, 1419402.89, 0.4051
156932.54, 1419233.45, 0.4051
156489.91, 1419063.3, 0.4051
156906.07, 1419862.34, 0.4051
156896.89, 1419894.47, 0.4051
156980.49, 1419243.72, 0.4051
156685.87, 1419114.87, 0.4051
156963.26, 1419050.57, 0.4051
156828.9, 1419689.68, 0.4051
156126.61, 1419811.23, 0.4051
156591.92, 1419279.82, 0.4051
156017.24, 1419429.08, 0.4051
156189.67, 1419658.6, 0.4051
156354.59, 1419576.6, 0.4051
156521.75, 1419329.87, 0.4051
156423.28, 1419884.63, 0.4051
156384.99, 1419420.58, 0.4051
156522.93, 1419118.05, 0.4051
156911.55, 1419023.83, 0.4051
156511.61, 1419028.71, 0.4051
156110.76, 1419778.62, 0.4051
156605.39, 1419432.3, 0.4051
156522.57, 1419135.21, 0.4051
156330.37, 1419638.68, 0.4051
156383.6, 1419529.55, 0.4051
156418.55, 1419746.47, 0.4051
156827.58, 1419356.13, 0.4051
156816.35, 1419756.22, 0.4051
156565.49, 1419549.07, 0.4051
156793.91, 1419336.47, 0.4051
156975.89, 1419265.42, 0.4051
156570.1, 1419925.36, 0.4051
156502.21, 1419152.46, 0.4051
156952.28, 1419159.12, 0.4051
156575.84, 1419507.65, 0.4051
156860.37, 1419578.97, 0.4051
156881.14, 1419273.15, 0.4051
156817.39, 1419015.4, 0.4051
156761.87, 1419243.05, 0.4051
156089.99, 1419770.99, 0.4051
156270.81, 1419180.56, 0.4051
156678.42, 1419126.73, 0.4051
156534.43, 1419750.1, 0.4051
156834.38, 1419897.8, 0.4051
156716.0, 1419115.69, 0.4051
156046.48, 1419361.86, 0.4051
156324.28, 1419682.27, 0.4051
156257.36, 1419064.71, 0.4051
157696.03, 1419065.3, 0.40222
157159.88, 1419202.97, 0.40222
157176.01, 1419306.12, 0.40222
157596.14, 1419916.6, 0.40222
157092.45, 1419197.7, 0.40222
157729.08, 1419952.54, 0.40222
157261.82, 1419086.54, 0.40222
157723.16, 1419068.0, 0.40222
157035.49, 1419472.39, 0.40222
157510.05, 1419058.15, 0.40222
157494.58, 1419379.23, 0.40222
157919.39, 1419203.13, 0.40222
157196.84, 1419283.93, 0.40222
157616.61, 1419282.35, 0.40222
157361.59, 1419071.57, 0.40222
157209.24, 1419144.12, 0.40222
157251.21, 1419356.5, 0.40222
157610.38, 1419309.3, 0.40222
157214.51, 1419633.72, 0.40222
157960.17, 1419948.45, 0.40222
157611.93, 1419948.41, 0.40222
157416.02, 1419015.32, 0.40222
157093.84, 1419015.58, 0.40222
157355.94, 1419026.22, 0.40222
157157.48, 1419024.47, 0.40222
157683.49, 1419870.22, 0.40222
157751.75, 1419071.61, 0.40222
157214.05, 1419218.22, 0.40222
157287.89, 1419075.1, 0.40222
157921.02, 1419972.14, 0.40222
157415.78, 1419504.91, 0.40222
157409.13, 1419472.46, 0.40222
157314.95, 1419112.72, 0.40222
157292.68, 1419094.88, 0.40222
157615.98, 1419338.15, 0.40222
157930.97, 1419745.05, 0.40222
155353.78, 1416714.14, 0.40387
155285.86, 1416620.44, 0.40387
155188.15, 1416569.39, 0.40387
155259.72, 1416851.31, 0.40387
155168.53, 1416638.77, 0.40387
155234.39, 1416613.31, 0.40387
155219.79, 1416596.58, 0.40387
155108.38, 1416594.74, 0.40387
155303.62, 1416833.74, 0.40387
155094.37, 1416158.07, 0.40387
155488.74, 1416074.41, 0.40387
155268.98, 1416437.42, 0.40387
155134.7, 1416894.29, 0.40387
155195.79, 1416673.69, 0.40387
155314.12, 1416801.13, 0.40387
155118.4, 1416813.21, 0.40387
155249.05, 1416449.21, 0.40387
155149.74, 1416790.47, 0.40387
155035.48, 1416061.46, 0.40387
155207.51, 1416412.81, 0.40387
155027.0, 1416254.15, 0.40387
155031.6, 1416896.05, 0.40387
155398.08, 1416775.84, 0.40387
155264.61, 1416403.17, 0.40387
155363.99, 1416792.86, 0.40387
155322.57, 1416726.18, 0.40387
155141.39, 1416446.47, 0.40387
155200.02, 1416844.38, 0.40387
155176.31, 1416522.42, 0.40387
155278.56, 1416459.35, 0.40387
155138.34, 1416666.78, 0.40387
155149.27, 1416331.24, 0.40387
155275.27, 1416843.73, 0.40387
155266.85, 1416696.34, 0.40387
155174.48, 1416774.24, 0.40387
155194.58, 1416818.36, 0.40387
155117.82, 1416651.32, 0.40387
155137.86, 1416421.07, 0.40387
155063.54, 1416621.89, 0.40387
155162.7, 1416756.87, 0.40387
155169.39, 1416620.79, 0.40387
155044.52, 1416367.85, 0.40387
155203.31, 1416782.24, 0.40387
158720.58, 1416463.8, 0.40547
158846.64, 1416275.6, 0.40547
158765.49, 1416277.4, 0.40547
158486.77, 1416040.17, 0.40547
158637.71, 1416580.87, 0.40547
158501.45, 1416109.68, 0.40547
158839.54, 1416089.66, 0.40547
158529.1, 1416507.13, 0.40547
158703.21, 1416136.69, 0.40547
158556.58, 1416031.95, 0.40547
158035.14, 1416417.89, 0.40547
158202.31, 1416246.75, 0.40547
158971.87, 1416487.11, 0.40547
158540.78, 1416561.43, 0.40547
158613.48, 1416142.05, 0.40547
158749.79, 1416439.14, 0.40547
158856.37, 1416812.15, 0.40547
158586.32, 1416143.48, 0.40547
158751.49, 1416154.98, 0.40547
158645.19, 1416399.25, 0.40547
158833.27, 1416135.9, 0.40547
158555.89, 1416433.05, 0.40547
158219.85, 1416207.87, 0.40547
158512.99, 1416032.57, 0.40547
158647.81, 1416048.17, 0.40547
158189.83, 1416023.3, 0.40547
158855.15, 1416254.26, 0.40547
158585.19, 1416077.46, 0.40547
158582.99, 1416326.91, 0.40547
158690.15, 1416017.68, 0.40547
158671.26, 1416212.05, 0.40547
158627.15, 1416419.62, 0.40547
158881.9, 1416226.09, 0.40547
158154.25, 1416462.1, 0.40547
158922.97, 1416182.19, 0.40547
158686.91, 1416494.65, 0.40547
158736.17, 1416365.1, 0.40547
158190.6, 1416450.27, 0.40547
158767.19, 1416412.01, 0.40547
158618.94, 1416107.29, 0.40547
158064.45, 1416455.31, 0.40547
158628.9, 1416608.16, 0.40547
158121.54, 1416648.61, 0.40547
158604.83, 1416474.84, 0.40547
159554.02, 1416316.26, 0.41667
159199.0, 1416452.44, 0.41667
159617.75, 1416276.97, 0.41667
159617.88, 1416699.64, 0.41667
159293.53, 1416505.11, 0.41667
159151.25, 1416062.38, 0.41667
159161.7, 1416319.99, 0.41667
159582.78, 1416715.7, 0.41667
159524.3, 1416300.04, 0.41667
159438.62, 1416544.29, 0.41667
159047.95, 1416068.0, 0.41667
159456.54, 1416629.01, 0.41667
159186.24, 1416295.82, 0.41667
159666.27, 1416435.39, 0.41667
159643.16, 1416434.42, 0.41667
159498.98, 1416266.55, 0.41667
156361.75, 1416788.87, 0.41418
156516.27, 1416278.24, 0.41418
156943.49, 1416352.11, 0.41418
156178.43, 1416930.86, 0.41418
156332.03, 1416408.43, 0.41418
156445.46, 1416409.95, 0.41418
156578.64, 1416162.3, 0.41418
156361.34, 1416297.49, 0.41418
156288.29, 1416165.71, 0.41418
156333.15, 1416743.93, 0.41418
156437.76, 1416443.59, 0.41418
156478.56, 1416453.9, 0.41418
156409.98, 1416384.45, 0.41418
156915.52, 1416088.37, 0.41418
156455.46, 1416632.75, 0.41418
156410.46, 1416121.71, 0.41418
156592.16, 1416777.26, 0.41418
156527.92, 1416455.22, 0.41418
156228.86, 1416791.38, 0.41418
156528.1, 1416125.12, 0.41418
156245.23, 1416405.57, 0.41418
156469.32, 1416507.15, 0.41418
156494.64, 1416321.31, 0.41418
156179.1, 1416796.89, 0.41418
156708.03, 1416447.99, 0.41418
156425.15, 1416758.56, 0.41418
156163.73, 1416433.9, 0.41418
156290.79, 1416534.29, 0.41418
156433.81, 1416358.41, 0.41418
156283.21, 1416956.18, 0.41418
156253.8, 1416943.31, 0.41418
156318.0, 1416761.59, 0.41418
156508.46, 1416204.69, 0.41418
156447.79, 1416558.9, 0.41418
156263.26, 1416290.91, 0.41418
156813.43, 1416277.91, 0.41418
156520.84, 1416484.26, 0.41418
156279.99, 1416430.91, 0.41418
156401.36, 1416582.3, 0.41418
156335.07, 1416324.9, 0.41418
156968.56, 1416386.63, 0.41418
156199.51, 1416839.58, 0.41418
156371.95, 1416821.72, 0.41418
156466.09, 1416187.14, 0.41418
156360.89, 1416377.16, 0.41418
156392.69, 1416294.0, 0.41418
156951.83, 1416078.66, 0.41418
156363.08, 1416392.42, 0.41418
156348.74, 1416428.44, 0.41418
156578.62, 1416750.57, 0.41418
156149.38, 1416831.58, 0.41418
156327.04, 1416093.37, 0.41418
156148.21, 1416967.79, 0.41418
156752.38, 1416465.63, 0.41418
156366.74, 1416529.6, 0.41418
156305.17, 1416298.9, 0.41418
156293.98, 1416246.97, 0.41418
156298.31, 1416896.53, 0.41418
156220.14, 1416887.75, 0.41418
156311.68, 1416843.32, 0.41418
156829.11, 1416212.38, 0.41418
156320.4, 1416758.35, 0.41418
156416.63, 1416687.18, 0.41418
156262.3, 1416507.43, 0.41418
156386.19, 1416213.93, 0.41418
156265.87, 1416490.93, 0.41418
156487.58, 1416393.74, 0.41418
156402.27, 1416365.25, 0.41418
156667.96, 1416029.37, 0.41418
156372.7, 1416457.0, 0.41418
156360.2, 1416507.44, 0.41418
156303.83, 1416545.79, 0.41418
156397.12, 1416719.35, 0.41418
156595.69, 1416727.09, 0.41418
156402.4, 1416069.96, 0.41418
156413.58, 1416145.65, 0.41418
156313.26, 1416452.56, 0.41418
156374.5, 1416710.17, 0.41418
156767.04, 1416400.42, 0.41418
156223.4, 1416416.59, 0.41418
156930.05, 1416386.99, 0.41418
156319.84, 1416227.76, 0.41418
156496.04, 1416596.11, 0.41418
156222.63, 1416945.02, 0.41418
156478.44, 1416070.35, 0.41418
156344.48, 1416225.79, 0.41418
156412.83, 1416256.22, 0.41418
156421.97, 1416709.09, 0.41418
156148.33, 1416468.22, 0.41418
156354.34, 1416745.45, 0.41418
156516.95, 1416242.54, 0.41418
156191.6, 1416388.3, 0.41418
156445.12, 1416769.72, 0.41418
156353.18, 1416354.45, 0.41418
156354.4, 1416711.88, 0.41418
156387.4, 1416759.8, 0.41418
156447.1, 1416614.52, 0.41418
156731.04, 1416459.58, 0.41418
156549.73, 1416268.59, 0.41418
156511.88, 1416330.97, 0.41418
157633.4, 1416816.77, 0.40012
157616.34, 1416696.7, 0.40012
157574.61, 1416398.99, 0.40012
157299.63, 1416898.1, 0.40012
157880.85, 1416377.55, 0.40012
157262.68, 1416288.46, 0.40012
157319.27, 1416461.74, 0.40012
157865.2, 1416541.02, 0.40012
157355.16, 1416706.31, 0.40012
157392.44, 1416922.55, 0.40012
157600.21, 1416446.76, 0.40012
157298.91, 1416498.85, 0.40012
157503.19, 1416456.1, 0.40012
157431.75, 1416763.44, 0.40012
157482.54, 1416952.82, 0.40012
157224.11, 1416187.87, 0.40012
157426.87, 1416698.55, 0.40012
157238.9, 1416148.87, 0.40012
157264.73, 1416364.29, 0.40012
157456.31, 1416569.59, 0.40012
157602.67, 1416167.57, 0.40012
157564.6, 1416780.59, 0.40012
157424.53, 1416551.49, 0.40012
157465.67, 1416787.89, 0.40012
157531.64, 1416747.96, 0.40012
157539.55, 1416427.32, 0.40012
157613.02, 1416196.79, 0.40012
157582.85, 1416178.08, 0.40012
157551.07, 1416747.4, 0.40012
157367.01, 1416957.22, 0.40012
157432.91, 1416460.0, 0.40012
157780.77, 1416122.31, 0.40012
157207.14, 1416877.61, 0.40012
157830.22, 1416218.8, 0.40012
157400.43, 1416316.33, 0.40012
157810.48, 1416336.45, 0.40012
157375.08, 1416401.62, 0.40012
157472.43, 1416751.9, 0.40012
157330.63, 1416969.83, 0.40012
157379.55, 1416584.83, 0.40012
157653.38, 1416295.11, 0.40012
157752.38, 1416911.42, 0.40012
157416.32, 1416936.77, 0.40012
157909.67, 1416361.98, 0.40012
157877.67, 1416187.36, 0.40012
157567.34, 1416496.97, 0.40012
157378.63, 1416144.27, 0.40012
157364.75, 1416338.64, 0.40012
157457.16, 1416210.1, 0.40012
157392.21, 1416501.17, 0.40012
157297.6, 1416534.03, 0.40012
157309.55, 1416432.25, 0.40012
157051.82, 1416050.38, 0.40012
157524.63, 1416786.34, 0.40012
157492.59, 1416738.14, 0.40012
157419.17, 1416521.07, 0.40012
157827.36, 1416362.19, 0.40012
157928.16, 1416544.49, 0.40012
157491.45, 1416198.21, 0.40012
157424.35, 1416596.36, 0.40012
157825.72, 1416536.45, 0.40012
157483.56, 1416690.43, 0.40012
157526.26, 1416704.28, 0.40012
155625.01, 1415328.31, 0.40406
155614.07, 1415798.01, 0.40406
155666.35, 1415711.7, 0.40406
155778.19, 1415633.79, 0.40406
155671.81, 1415584.47, 0.40406
155430.24, 1415628.46, 0.40406
155424.23, 1415831.34, 0.40406
155608.56, 1415572.0, 0.40406
155581.56, 1415443.29, 0.40406
155555.74, 1415589.19, 0.40406
155832.27, 1415423.07, 0.40406
155399.83, 1415783.51, 0.40406
155064.79, 1415224.68, 0.40406
155766.54, 1415581.67, 0.40406
155673.75, 1415822.58, 0.40406
155519.86, 1415399.85, 0.40406
155936.44, 1415251.73, 0.40406
155487.42, 1415579.69, 0.40406
155337.98, 1415084.91, 0.40406
155743.99, 1415632.14, 0.40406
155529.49, 1415602.56, 0.40406
155643.49, 1415541.11, 0.40406
155851.19, 1415397.81, 0.40406
155713.89, 1415573.75, 0.40406
155854.3, 1415566.11, 0.40406
155810.25, 1415579.97, 0.40406
155631.01, 1415597.69, 0.40406
155437.56, 1415784.74, 0.40406
155525.21, 1415485.31, 0.40406
155978.87, 1415310.78, 0.40406
155417.98, 1415042.03, 0.40406
155859.1, 1415628.56, 0.40406
155375.13, 1415808.5, 0.40406
155889.49, 1415405.22, 0.40406
155096.27, 1415200.14, 0.40406
155974.14, 1415373.83, 0.40406
155596.33, 1415554.43, 0.40406
155569.92, 1415653.65, 0.40406
155586.86, 1415364.37, 0.40406
155785.87, 1415597.72, 0.40406
155454.17, 1415545.62, 0.40406
155857.9, 1415509.49, 0.40406
155120.53, 1415273.56, 0.40406
155628.99, 1415690.67, 0.40406
155827.51, 1415638.75, 0.40406
155839.09, 1415380.62, 0.40406
155932.72, 1415187.89, 0.40406
155756.02, 1415534.27, 0.40406
155891.97, 1415545.22, 0.40406
155925.3, 1415280.64, 0.40406
155679.07, 1415737.3, 0.40406
155426.83, 1415553.41, 0.40406
155727.12, 1415443.36, 0.40406
155029.03, 1415051.73, 0.40406
155764.55, 1415479.66, 0.40406
155735.9, 1415569.09, 0.40406
155947.74, 1415355.03, 0.40406
155933.06, 1415353.15, 0.40406
155699.56, 1415509.59, 0.40406
155471.12, 1415823.98, 0.40406
155611.39, 1415896.86, 0.40406
155760.68, 1415431.7, 0.40406
155886.46, 1415308.73, 0.40406
155579.22, 1415693.2, 0.40406
155911.62, 1415384.34, 0.40406
155842.41, 1415465.2, 0.40406
155475.91, 1415772.78, 0.40406
155395.7, 1415066.48, 0.40406
155382.49, 1415847.96, 0.40406
155829.07, 1415598.29, 0.40406
155964.42, 1415397.0, 0.40406
155644.7, 1415742.37, 0.40406
155670.43, 1415912.4, 0.40406
155869.89, 1415644.1, 0.40406
155891.23, 1415380.62, 0.40406
155020.13, 1415302.85, 0.40406
155937.61, 1415449.83, 0.40406
155591.95, 1415836.81, 0.40406
158294.41, 1415095.21, 0.42058
158167.93, 1415278.75, 0.42058
158823.03, 1415931.97, 0.42058
158727.37, 1415963.01, 0.42058
158614.61, 1415913.41, 0.42058
158940.96, 1415588.42, 0.42058
158370.27, 1415091.97, 0.42058
158704.18, 1415914.7, 0.42058
158973.23, 1415961.91, 0.42058
158925.68, 1415959.35, 0.42058
158502.24, 1415918.17, 0.42058
158099.58, 1415261.87, 0.42058
158258.88, 1415083.33, 0.42058
158253.36, 1415596.31, 0.42058
158704.59, 1415889.37, 0.42058
158945.86, 1415671.16, 0.42058
158667.65, 1415878.95, 0.42058
158861.17, 1415933.12, 0.42058
158843.93, 1415952.39, 0.42058
158676.6, 1415937.63, 0.42058
158623.7, 1415935.87, 0.42058
158833.86, 1415562.42, 0.42058
158691.13, 1415962.87, 0.42058
159434.53, 1415262.49, 0.41394
159514.54, 1415416.05, 0.41394
159111.83, 1415537.42, 0.41394
159427.32, 1415486.48, 0.41394
159073.95, 1415630.87, 0.41394
159200.66, 1415093.99, 0.41394
159359.82, 1415456.55, 0.41394
159307.84, 1415339.1, 0.41394
159618.25, 1415282.05, 0.41394
159527.77, 1415498.4, 0.41394
159621.46, 1415184.24, 0.41394
159201.99, 1415113.45, 0.41394
159870.74, 1415625.27, 0.41394
159504.75, 1415363.41, 0.41394
159310.17, 1415487.95, 0.41394
156650.54, 1415623.96, 0.40141
156698.23, 1415631.12, 0.40141
156408.81, 1415929.18, 0.40141
156074.03, 1415047.72, 0.40141
156726.44, 1415367.87, 0.40141
156050.72, 1415200.49, 0.40141
156208.07, 1415101.07, 0.40141
156862.55, 1415955.09, 0.40141
156590.13, 1415695.82, 0.40141
156048.84, 1415344.72, 0.40141
156189.32, 1415145.12, 0.40141
156285.54, 1415095.54, 0.40141
156574.01, 1415602.34, 0.40141
156646.24, 1415327.17, 0.40141
156891.06, 1415243.17, 0.40141
156699.48, 1415151.62, 0.40141
156625.13, 1415777.78, 0.40141
156743.96, 1415088.79, 0.40141
156052.23, 1415160.04, 0.40141
156618.85, 1415732.36, 0.40141
156488.42, 1415932.92, 0.40141
156170.19, 1415091.13, 0.40141
156756.51, 1415937.55, 0.40141
156706.75, 1415099.17, 0.40141
156559.27, 1415861.75, 0.40141
156620.91, 1415913.0, 0.40141
156583.86, 1415806.04, 0.40141
156476.02, 1415762.49, 0.40141
156607.3, 1415869.99, 0.40141
156185.27, 1415048.24, 0.40141
156656.92, 1415752.53, 0.40141
156883.91, 1415620.39, 0.40141
156695.23, 1415395.26, 0.40141
156389.98, 1415293.56, 0.40141
156550.32, 1415416.73, 0.40141
156514.34, 1415901.22, 0.40141
156936.51, 1415239.3, 0.40141
156111.2, 1415253.69, 0.40141
156812.88, 1415792.54, 0.40141
156349.44, 1415087.47, 0.40141
156589.55, 1415425.85, 0.40141
156127.71, 1415143.54, 0.40141
156062.49, 1415114.35, 0.40141
156111.24, 1415171.7, 0.40141
156662.89, 1415546.38, 0.40141
156037.87, 1415428.13, 0.40141
156651.15, 1415735.47, 0.40141
156531.47, 1415940.9, 0.40141
156927.22, 1415310.84, 0.40141
156675.98, 1415073.77, 0.40141
156053.32, 1415378.42, 0.40141
156459.84, 1415925.11, 0.40141
156501.94, 1415397.88, 0.40141
156938.52, 1415879.03, 0.40141
156314.87, 1415058.71, 0.40141
156018.51, 1415360.83, 0.40141
156416.25, 1415914.14, 0.40141
156575.29, 1415985.0, 0.40141
156047.24, 1415130.15, 0.40141
156920.05, 1415267.1, 0.40141
156596.06, 1415970.58, 0.40141
156806.35, 1415033.09, 0.40141
156816.9, 1415531.51, 0.40141
156659.22, 1415265.03, 0.40141
156879.9, 1415129.95, 0.40141
156402.3, 1415317.49, 0.40141
156558.03, 1415506.94, 0.40141
156586.28, 1415522.31, 0.40141
156642.89, 1415828.09, 0.40141
156048.4, 1415141.5, 0.40141
156529.7, 1415983.87, 0.40141
156344.71, 1415071.43, 0.40141
156292.39, 1415073.63, 0.40141
156967.41, 1415799.11, 0.40141
157374.27, 1415361.36, 0.41862
157627.77, 1415582.31, 0.41862
157397.27, 1415716.59, 0.41862
157217.73, 1415541.7, 0.41862
157384.32, 1415168.7, 0.41862
157777.52, 1415399.99, 0.41862
157346.31, 1415344.01, 0.41862
157694.16, 1415954.53, 0.41862
157736.07, 1415410.07, 0.41862
157146.28, 1415071.88, 0.41862
157563.13, 1415420.58, 0.41862
157370.5, 1415623.24, 0.41862
157542.87, 1415599.44, 0.41862
157901.64, 1415897.33, 0.41862
157343.34, 1415130.81, 0.41862
157455.97, 1415791.4, 0.41862
157326.31, 1415326.75, 0.41862
157705.37, 1415980.96, 0.41862
157048.63, 1415965.08, 0.41862
157946.81, 1415317.63, 0.41862
157419.64, 1415730.15, 0.41862
155431.59, 1418712.89, 0.41321
155316.85, 1418774.3, 0.41321
155325.73, 1418379.11, 0.41321
155675.02, 1418718.26, 0.41321
155230.03, 1418677.82, 0.41321
155355.62, 1418606.4, 0.41321
155054.68, 1418677.04, 0.41321
155521.61, 1418664.92, 0.41321
155592.37, 1418512.65, 0.41321
155389.88, 1418467.69, 0.41321
155805.87, 1418416.61, 0.41321
155518.88, 1418704.1, 0.41321
155672.46, 1418119.84, 0.41321
155336.56, 1418669.59, 0.41321
155909.12, 1418345.29, 0.41321
155643.89, 1418316.13, 0.41321
155678.48, 1418313.35, 0.41321
155448.21, 1418584.53, 0.41321
155802.43, 1418102.46, 0.41321
155409.7, 1418371.01, 0.41321
155127.9, 1418700.15, 0.41321
155597.75, 1418405.14, 0.41321
155534.7, 1418628.82, 0.41321
155799.11, 1418242.61, 0.41321
155670.6, 1418342.73, 0.41321
155554.5, 1418374.18, 0.41321
155171.35, 1418860.33, 0.41321
155955.69, 1418205.84, 0.41321
155193.77, 1418906.41, 0.41321
155344.94, 1418517.28, 0.41321
155497.19, 1418955.08, 0.41321
155829.59, 1418120.39, 0.41321
155640.05, 1418500.76, 0.41321
155121.32, 1418531.41, 0.41321
155779.08, 1418337.79, 0.41321
155838.7, 1418027.76, 0.41321
155173.1, 1418703.72, 0.41321
155887.62, 1418056.74, 0.41321
155876.85, 1418153.06, 0.41321
155631.07, 1418928.88, 0.41321
155277.72, 1418781.77, 0.41321
155197.7, 1418729.89, 0.41321
155272.95, 1418754.31, 0.41321
155210.13, 1418618.53, 0.41321
155585.65, 1418334.24, 0.41321
155753.4, 1418441.94, 0.41321
155602.67, 1418707.05, 0.41321
155979.07, 1418106.68, 0.41321
155303.1, 1418715.1, 0.41321
155394.25, 1418701.97, 0.41321
155749.36, 1418112.52, 0.41321
155238.69, 1418656.25, 0.41321
155544.4, 1418696.86, 0.41321
155310.51, 1418805.05, 0.41321
155223.76, 1418763.28, 0.41321
155930.59, 1418025.65, 0.41321
155400.82, 1418720.68, 0.41321
155841.52, 1418248.62, 0.41321
155366.3, 1418532.26, 0.41321
155872.34, 1418906.37, 0.41321
155405.09, 1418503.83, 0.41321
155923.75, 1418258.06, 0.41321
155923.31, 1418291.14, 0.41321
155867.64, 1418320.59, 0.41321
155893.76, 1418123.09, 0.41321
155217.0, 1418861.71, 0.41321
155293.99, 1418831.32, 0.41321
155846.96, 1418188.67, 0.41321
155627.81, 1418466.07, 0.41321
155825.81, 1418212.15, 0.41321
155326.72, 1418542.1, 0.41321
155766.89, 1418874.92, 0.41321
155539.9, 1418315.52, 0.41321
155839.91, 1418094.98, 0.41321
155710.12, 1418117.74, 0.41321
155419.58, 1418522.86, 0.41321
155211.33, 1418839.45, 0.41321
155442.5, 1418656.99, 0.41321
155133.5, 1418676.77, 0.41321
155902.34, 1418161.96, 0.41321
155205.17, 1418647.74, 0.41321
155872.59, 1418121.79, 0.41321
155645.7, 1418450.87, 0.41321
155385.83, 1418610.75, 0.41321
155711.51, 1418135.66, 0.41321
155072.51, 1418521.32, 0.41321
155233.84, 1418740.48, 0.41321
155749.95, 1418129.57, 0.41321
155829.42, 1418240.79, 0.41321
155096.98, 1418712.01, 0.41321
155528.84, 1418353.16, 0.41321
155533.83, 1418383.43, 0.41321
155497.1, 1418683.82, 0.41321
155029.84, 1418731.94, 0.41321
155968.92, 1418234.11, 0.41321
155532.55, 1418737.58, 0.41321
155021.04, 1418542.51, 0.41321
155737.91, 1418305.39, 0.41321
155338.24, 1418581.28, 0.41321
155987.43, 1418363.26, 0.41321
155554.46, 1418225.85, 0.41321
155556.56, 1418398.03, 0.41321
158048.7, 1418387.27, 0.41926
158243.75, 1418859.7, 0.41926
158053.62, 1418339.88, 0.41926
158677.66, 1418184.53, 0.41926
158164.49, 1418037.22, 0.41926
158215.66, 1418564.87, 0.41926
158904.59, 1418903.27, 0.41926
158302.93, 1418051.47, 0.41926
158170.53, 1418070.28, 0.41926
158193.6, 1418129.61, 0.41926
158361.63, 1418035.65, 0.41926
158086.48, 1418826.63, 0.41926
158124.35, 1418032.43, 0.41926
158059.24, 1418140.63, 0.41926
158621.62, 1418669.73, 0.41926
158190.14, 1418499.86, 0.41926
158702.22, 1418776.95, 0.41926
158655.86, 1418024.88, 0.41926
158934.47, 1418934.85, 0.41926
158021.02, 1418368.3, 0.41926
158023.56, 1418399.32, 0.41926
158464.8, 1418336.8, 0.41926
158229.04, 1418025.43, 0.41926
159661.46, 1418700.88, 0.41275
159739.49, 1418712.31, 0.41275
159266.72, 1418911.25, 0.41275
159717.22, 1418426.09, 0.41275
159825.48, 1418549.12, 0.41275
159442.43, 1418945.81, 0.41275
159802.27, 1418337.92, 0.41275
159774.63, 1418841.98, 0.41275
159088.32, 1418786.73, 0.41275
159791.14, 1418567.16, 0.41275
159580.0, 1418110.01, 0.41275
159878.58, 1418444.61, 0.41275
159923.59, 1418629.14, 0.41275
159962.02, 1418737.88, 0.41275
159481.07, 1418932.81, 0.41275
159258.22, 1418040.73, 0.41275
159426.85, 1418584.85, 0.41275
159387.85, 1418899.95, 0.41275
159570.88, 1418705.98, 0.41275
159468.42, 1418032.5, 0.41275
159790.63, 1418732.07, 0.41275
159186.27, 1418786.12, 0.41275
159194.27, 1418823.29, 0.41275
159504.53, 1418104.08, 0.41275
159206.57, 1418887.75, 0.41275
159769.7, 1418392.19, 0.41275
159348.91, 1418631.99, 0.41275
159811.02, 1418366.28, 0.41275
159917.05, 1418734.48, 0.41275
159771.08, 1418815.55, 0.41275
159945.32, 1418691.98, 0.41275
159405.13, 1418864.5, 0.41275
159843.54, 1418825.16, 0.41275
159962.11, 1418547.46, 0.41275
159209.45, 1418285.67, 0.41275
159954.85, 1418466.53, 0.41275
159629.89, 1418901.76, 0.41275
159418.4, 1418102.45, 0.41275
159736.82, 1418749.22, 0.41275
159616.31, 1418554.97, 0.41275
159240.3, 1418870.16, 0.41275
159119.55, 1418324.56, 0.41275
159900.6, 1418538.46, 0.41275
159775.04, 1418371.39, 0.41275
159877.4, 1418409.31, 0.41275
159239.9, 1418824.17, 0.41275
159513.74, 1418936.17, 0.41275
159967.32, 1418648.46, 0.41275
159581.15, 1418688.83, 0.41275
159297.61, 1418929.96, 0.41275
159669.8, 1418908.85, 0.41275
159743.86, 1418312.29, 0.41275
159224.09, 1418762.23, 0.41275
159695.35, 1418947.9, 0.41275
159400.01, 1418678.76, 0.41275
159754.3, 1418553.15, 0.41275
159895.71, 1418351.5, 0.41275
159360.56, 1418614.99, 0.41275
159964.96, 1418400.47, 0.41275
159885.18, 1418731.08, 0.41275
159860.03, 1418536.79, 0.41275
159805.59, 1418780.84, 0.41275
159213.47, 1418915.35, 0.41275
159531.21, 1418062.46, 0.41275
159466.16, 1418711.81, 0.41275
159250.41, 1418819.92, 0.41275
159132.44, 1418835.98, 0.41275
159080.39, 1418643.88, 0.41275
159493.86, 1418662.13, 0.41275
159812.05, 1418314.66, 0.41275
159877.34, 1418509.38, 0.41275
159149.19, 1418788.87, 0.41275
159746.26, 1418364.13, 0.41275
159694.84, 1418742.65, 0.41275
159668.95, 1418928.82, 0.41275
159837.22, 1418770.83, 0.41275
159808.01, 1418753.43, 0.41275
159554.8, 1418533.29, 0.41275
159702.81, 1418652.84, 0.41275
159887.15, 1418627.0, 0.41275
159770.34, 1418255.29, 0.41275
159865.15, 1418607.07, 0.41275
159366.66, 1418048.39, 0.41275
159437.26, 1418895.95, 0.41275
159355.2, 1418686.42, 0.41275
159452.81, 1418664.85, 0.41275
159781.12, 1418776.86, 0.41275
159845.03, 1418267.36, 0.41275
159757.9, 1418252.45, 0.41275
159723.27, 1418757.53, 0.41275
159489.64, 1418958.62, 0.41275
159727.55, 1418853.17, 0.41275
159555.54, 1418807.92, 0.41275
159245.1, 1418822.97, 0.41275
159267.27, 1418096.1, 0.41275
159764.86, 1418878.26, 0.41275
159608.06, 1418919.45, 0.41275
159634.22, 1418920.5, 0.41275
159897.03, 1418594.11, 0.41275
159608.69, 1418775.72, 0.41275
159860.44, 1418665.75, 0.41275
159747.28, 1418844.83, 0.41275
156564.08, 1418135.68, 0.40761
156637.47, 1418052.5, 0.40761
156237.02, 1418377.22, 0.40761
156618.91, 1418290.12, 0.40761
156291.2, 1418342.18, 0.40761
156555.99, 1418217.13, 0.40761
156688.36, 1418945.04, 0.40761
156964.32, 1418795.88, 0.40761
156310.79, 1418032.5, 0.40761
156101.45, 1418247.31, 0.40761
156221.23, 1418093.94, 0.40761
156437.04, 1418240.82, 0.40761
156108.09, 1418142.21, 0.40761
156605.98, 1418818.8, 0.40761
156460.98, 1418024.17, 0.40761
156282.52, 1418025.42, 0.40761
156968.44, 1418918.25, 0.40761
156594.58, 1418975.68, 0.40761
156417.95, 1418054.26, 0.40761
156017.7, 1418273.23, 0.40761
156501.72, 1418023.12, 0.40761
156504.83, 1418868.62, 0.40761
156383.15, 1418052.31, 0.40761
156467.51, 1418901.89, 0.40761
156364.56, 1418059.15, 0.40761
156717.12, 1418031.74, 0.40761
156673.8, 1418880.27, 0.40761
156443.16, 1418080.63, 0.40761
156537.42, 1418170.21, 0.40761
156261.46, 1418088.55, 0.40761
156501.63, 1418338.34, 0.40761
156499.64, 1418175.7, 0.40761
156231.58, 1418031.5, 0.40761
156224.23, 1418119.99, 0.40761
156682.19, 1418049.72, 0.40761
156447.6, 1418843.64, 0.40761
156317.24, 1418156.31, 0.40761
157739.23, 1418698.96, 0.41242
157596.36, 1418105.83, 0.41242
157693.93, 1418706.95, 0.41242
157182.21, 1418712.12, 0.41242
157206.74, 1418259.7, 0.41242
157350.46, 1418371.48, 0.41242
157811.11, 1418584.16, 0.41242
157685.81, 1418803.43, 0.41242
157361.82, 1418580.0, 0.41242
157778.24, 1418790.62, 0.41242
157349.9, 1418332.7, 0.41242
157136.89, 1418718.83, 0.41242
157684.22, 1418060.56, 0.41242
157689.72, 1418853.98, 0.41242
157359.63, 1418946.61, 0.41242
157477.14, 1418268.72, 0.41242
157683.75, 1418100.99, 0.41242
157909.34, 1418533.22, 0.41242
157755.86, 1418527.87, 0.41242
157047.98, 1418406.61, 0.41242
157268.66, 1418609.93, 0.41242
157756.72, 1418062.03, 0.41242
157107.08, 1418945.78, 0.41242
157233.15, 1418729.68, 0.41242
157847.13, 1418419.0, 0.41242
157796.98, 1418516.53, 0.41242
157536.17, 1418815.77, 0.41242
157870.57, 1418762.42, 0.41242
157390.71, 1418323.36, 0.41242
157857.85, 1418398.94, 0.41242
157945.37, 1418388.82, 0.41242
157761.26, 1418936.44, 0.41242
157753.28, 1418723.19, 0.41242
157692.75, 1418967.7, 0.41242
157348.08, 1418787.61, 0.41242
157623.14, 1418742.54, 0.41242
157513.61, 1418242.09, 0.41242
157605.1, 1418218.55, 0.41242
157715.11, 1418488.19, 0.41242
157727.12, 1418116.4, 0.41242
157530.87, 1418727.74, 0.41242
157553.8, 1418254.0, 0.41242
157324.71, 1418348.06, 0.41242
157090.17, 1418903.81, 0.41242
157129.58, 1418873.1, 0.41242
157338.94, 1418293.31, 0.41242
157029.94, 1418765.5, 0.41242
157193.83, 1418964.04, 0.41242
157746.59, 1418458.97, 0.41242
157503.21, 1418838.29, 0.41242
157273.76, 1418395.92, 0.41242
157794.22, 1418333.28, 0.41242
157421.67, 1418766.94, 0.41242
157835.75, 1418077.47, 0.41242
157360.25, 1418152.89, 0.41242
157967.32, 1418331.63, 0.41242
157784.47, 1418747.74, 0.41242
157941.79, 1418438.2, 0.41242
157611.11, 1418670.85, 0.41242
157947.93, 1418232.72, 0.41242
157471.37, 1418890.73, 0.41242
157156.84, 1418636.84, 0.41242
157413.45, 1418132.45, 0.41242
157615.03, 1418338.63, 0.41242
157310.67, 1418367.37, 0.41242
157308.48, 1418700.66, 0.41242
157519.55, 1418281.55, 0.41242
157464.79, 1418802.08, 0.41242
157787.41, 1418315.61, 0.41242
157706.37, 1418801.08, 0.41242
157752.64, 1418169.92, 0.41242
157950.91, 1418273.03, 0.41242
157094.18, 1418847.39, 0.41242
157460.03, 1418750.79, 0.41242
157303.46, 1418597.9, 0.41242
157649.35, 1418859.4, 0.41242
157824.62, 1418867.93, 0.41242
157372.24, 1418290.46, 0.41242
157974.61, 1418449.91, 0.41242
157586.68, 1418723.16, 0.41242
157904.07, 1418226.32, 0.41242
157143.38, 1418830.27, 0.41242
157594.32, 1418880.57, 0.41242
157357.07, 1418749.41, 0.41242
157461.19, 1418605.2, 0.41242
157331.22, 1418648.29, 0.41242
157702.71, 1418916.98, 0.41242
157368.54, 1418179.53, 0.41242
157388.32, 1418023.4, 0.41242
157711.82, 1418071.76, 0.41242
157296.47, 1418538.9, 0.41242
157888.47, 1418552.36, 0.41242
157102.71, 1418718.79, 0.41242
157579.9, 1418552.03, 0.41242
157475.89, 1418098.71, 0.41242
157407.11, 1418587.11, 0.41242
157538.98, 1418297.66, 0.41242
157654.22, 1418061.49, 0.41242
157623.78, 1418935.58, 0.41242
157807.15, 1418165.34, 0.41242
157503.36, 1418919.78, 0.41242
157066.83, 1418816.43, 0.41242
157578.13, 1418326.18, 0.41242
157470.31, 1418688.38, 0.41242
157639.72, 1418825.88, 0.41242
157395.0, 1418735.33, 0.41242
157387.33, 1418405.29, 0.41242
157758.74, 1418131.23, 0.41242
157241.77, 1418764.67, 0.41242
157799.78, 1418884.03, 0.41242
157349.52, 1418559.63, 0.41242
157598.85, 1418516.36, 0.41242
157235.74, 1418402.21, 0.41242
157775.31, 1418811.62, 0.41242
157429.98, 1418159.31, 0.41242
157834.25, 1418895.25, 0.41242
157541.4, 1418527.47, 0.41242
157667.56, 1418670.3, 0.41242
157744.67, 1418840.2, 0.41242
157829.71, 1418565.07, 0.41242
157608.83, 1418734.02, 0.41242
157732.0, 1418878.98, 0.41242
157592.16, 1418142.1, 0.41242
157392.84, 1418423.28, 0.41242
157838.47, 1418305.73, 0.41242
157499.63, 1418717.45, 0.41242
157404.2, 1418710.43, 0.41242
157786.69, 1418062.81, 0.41242
157465.0, 1418526.32, 0.41242
157241.27, 1418199.87, 0.41242
155549.53, 1417541.55, 0.41293
155452.06, 1417558.23, 0.41293
155183.09, 1417067.26, 0.41293
155588.41, 1417564.6, 0.41293
155781.86, 1417485.57, 0.41293
155471.3, 1417498.61, 0.41293
155657.73, 1417439.17, 0.41293
155565.75, 1417450.46, 0.41293
155506.13, 1417503.26, 0.41293
155058.45, 1417809.11, 0.41293
155711.75, 1417365.88, 0.41293
155742.47, 1417481.48, 0.41293
155065.44, 1417111.14, 0.41293
155173.76, 1417101.92, 0.41293
155561.43, 1417514.21, 0.41293
155562.15, 1417601.3, 0.41293
155576.11, 1417383.27, 0.41293
155507.06, 1417564.48, 0.41293
155694.47, 1417470.76, 0.41293
155722.91, 1417532.3, 0.41293
155093.3, 1417142.42, 0.41293
155756.6, 1417493.76, 0.41293
155097.13, 1417112.76, 0.41293
155164.51, 1417294.45, 0.41293
155235.82, 1417545.3, 0.41293
155148.63, 1417054.52, 0.41293
155738.0, 1417404.07, 0.41293
155648.86, 1417380.3, 0.41293
158682.5, 1417697.84, 0.40321
158679.12, 1417501.97, 0.40321
158594.3, 1417602.35, 0.40321
158784.04, 1417365.0, 0.40321
158403.81, 1417738.48, 0.40321
158588.03, 1417463.47, 0.40321
158599.52, 1417801.08, 0.40321
158384.38, 1417370.52, 0.40321
158445.02, 1417624.8, 0.40321
158773.9, 1417167.47, 0.40321
158568.49, 1417533.39, 0.40321
158052.51, 1417651.85, 0.40321
158241.23, 1417898.41, 0.40321
158506.48, 1417668.42, 0.40321
158344.32, 1417577.96, 0.40321
158320.36, 1417929.1, 0.40321
158857.21, 1417334.42, 0.40321
158373.33, 1417687.29, 0.40321
158822.27, 1417251.84, 0.40321
158926.17, 1417502.92, 0.40321
158484.81, 1417493.71, 0.40321
158934.71, 1417165.32, 0.40321
158949.21, 1417423.91, 0.40321
158457.74, 1417666.87, 0.40321
158931.59, 1417093.34, 0.40321
158905.91, 1417585.2, 0.40321
158805.45, 1417170.31, 0.40321
158923.63, 1417388.16, 0.40321
158268.22, 1417888.69, 0.40321
158257.58, 1417615.91, 0.40321
158085.69, 1417677.47, 0.40321
158866.63, 1417520.35, 0.40321
158112.5, 1417881.63, 0.40321
158575.03, 1417506.02, 0.40321
158947.29, 1417529.42, 0.40321
158641.82, 1417407.87, 0.40321
158504.03, 1417516.14, 0.40321
158555.67, 1417461.4, 0.40321
158078.66, 1417657.14, 0.40321
158948.95, 1417367.55, 0.40321
158129.18, 1417898.65, 0.40321
158293.32, 1417960.1, 0.40321
158186.56, 1417930.92, 0.40321
158878.58, 1417401.43, 0.40321
158795.63, 1417301.95, 0.40321
158106.35, 1417723.22, 0.40321
158734.8, 1417290.24, 0.40321
158066.95, 1417699.87, 0.40321
158538.2, 1417704.53, 0.40321
158107.47, 1417950.48, 0.40321
158390.2, 1417795.5, 0.40321
158334.43, 1417902.14, 0.40321
158643.36, 1417475.21, 0.40321
158890.34, 1417409.54, 0.40321
158891.16, 1417427.97, 0.40321
158747.38, 1417643.01, 0.40321
158841.47, 1417960.61, 0.40321
158421.21, 1417605.19, 0.40321
158806.68, 1417036.99, 0.40321
158549.88, 1417692.23, 0.40321
158023.9, 1417081.09, 0.40321
158960.42, 1417498.94, 0.40321
158507.67, 1417874.86, 0.40321
158141.74, 1417883.73, 0.40321
158764.1, 1417228.84, 0.40321
158779.76, 1417901.32, 0.40321
158553.14, 1417663.16, 0.40321
158158.86, 1417853.31, 0.40321
159611.82, 1417608.22, 0.4148
159382.25, 1417814.76, 0.4148
159314.5, 1417617.25, 0.4148
159202.97, 1417396.55, 0.4148
159716.98, 1417368.7, 0.4148
159419.57, 1417562.41, 0.4148
159254.83, 1417414.21, 0.4148
159823.22, 1417704.03, 0.4148
159763.02, 1417582.79, 0.4148
159304.92, 1417711.27, 0.4148
159750.84, 1417606.58, 0.4148
159793.17, 1417735.62, 0.4148
159448.54, 1417693.18, 0.4148
159641.01, 1417550.09, 0.4148
159800.26, 1417564.82, 0.4148
159317.62, 1417686.4, 0.4148
159479.67, 1417819.83, 0.4148
159563.81, 1417828.59, 0.4148
159264.88, 1417153.38, 0.4148
159427.54, 1417968.76, 0.4148
159666.7, 1417422.01, 0.4148
159354.35, 1417669.51, 0.4148
159588.57, 1417438.67, 0.4148
159858.13, 1417326.42, 0.4148
159480.15, 1417636.36, 0.4148
159598.16, 1417875.46, 0.4148
159834.19, 1417540.74, 0.4148
159820.49, 1417748.31, 0.4148
159782.21, 1417535.01, 0.4148
159465.15, 1417591.16, 0.4148
159115.14, 1417470.6, 0.4148
159542.63, 1417679.51, 0.4148
159736.27, 1417719.03, 0.4148
159908.0, 1417477.1, 0.4148
159344.99, 1417693.62, 0.4148
159359.07, 1417827.12, 0.4148
159077.71, 1417478.06, 0.4148
159665.77, 1417357.1, 0.4148
159958.55, 1417264.12, 0.4148
159851.93, 1417377.08, 0.4148
159281.56, 1417549.52, 0.4148
159597.63, 1417632.65, 0.4148
159217.44, 1417178.03, 0.4148
159420.42, 1417856.43, 0.4148
159771.71, 1417841.9, 0.4148
159274.48, 1417182.92, 0.4148
159144.46, 1417275.85, 0.4148
159973.28, 1417506.48, 0.4148
159962.7, 1417750.36, 0.4148
159480.31, 1417417.49, 0.4148
159150.47, 1417169.49, 0.4148
159885.42, 1417679.94, 0.4148
159899.52, 1417341.15, 0.4148
159340.51, 1417651.85, 0.4148
159235.61, 1417393.36, 0.4148
159055.32, 1417540.81, 0.4148
159649.94, 1417823.85, 0.4148
159762.15, 1417636.17, 0.4148
159537.77, 1417635.3, 0.4148
159717.93, 1417904.74, 0.4148
159032.31, 1417211.75, 0.4148
159946.03, 1417778.74, 0.4148
159810.56, 1417529.92, 0.4148
159740.05, 1417824.0, 0.4148
159514.52, 1417510.14, 0.4148
159076.01, 1417535.52, 0.4148
159331.96, 1417595.37, 0.4148
159723.44, 1417546.16, 0.4148
159445.02, 1417367.16, 0.4148
159540.98, 1417455.92, 0.4148
159074.72, 1417033.16, 0.4148
159272.96, 1417635.76, 0.4148
159569.86, 1417576.32, 0.4148
159471.39, 1417573.53, 0.4148
159575.46, 1417449.34, 0.4148
159016.84, 1417567.88, 0.4148
159036.3, 1417020.09, 0.4148
156545.02, 1417811.79, 0.42715
156702.99, 1417890.75, 0.42715
156858.38, 1417828.93, 0.42715
156311.31, 1417945.52, 0.42715
156234.64, 1417029.33, 0.42715
156381.45, 1417857.66, 0.42715
156828.34, 1417562.38, 0.42715
156918.71, 1417844.33, 0.42715
156494.03, 1417877.55, 0.42715
156481.29, 1417833.92, 0.42715
156883.41, 1417560.64, 0.42715
156295.36, 1417844.75, 0.42715
156688.93, 1417941.86, 0.42715
156832.44, 1417942.46, 0.42715
156241.17, 1417963.7, 0.42715
156107.62, 1417901.95, 0.42715
156777.61, 1417900.06, 0.42715
156124.86, 1417935.18, 0.42715
156948.4, 1417708.76, 0.42715
156950.43, 1417964.89, 0.42715
156403.79, 1417710.84, 0.42715
156828.22, 1417772.06, 0.42715
156667.79, 1417932.98, 0.42715
156482.0, 1417769.84, 0.42715
156931.97, 1417674.09, 0.42715
156519.63, 1417911.23, 0.42715
156416.31, 1417982.33, 0.42715
156928.69, 1417679.33, 0.42715
156852.72, 1417795.5, 0.42715
156981.89, 1417690.89, 0.42715
156807.13, 1417954.72, 0.42715
156295.75, 1417983.46, 0.42715
156248.67, 1417046.07, 0.42715
156957.61, 1417623.92, 0.42715
156498.51, 1417825.88, 0.42715
156910.08, 1417767.31, 0.42715
156251.2, 1417947.18, 0.42715
156809.15, 1417889.42, 0.42715
157863.09, 1417664.75, 0.40111
157681.83, 1417648.65, 0.40111
157666.78, 1417539.58, 0.40111
157797.0, 1417605.68, 0.40111
157624.24, 1417925.06, 0.40111
157569.27, 1417968.78, 0.40111
157299.48, 1417063.12, 0.40111
157412.41, 1417715.68, 0.40111
157832.29, 1417635.15, 0.40111
157578.35, 1417631.09, 0.40111
157770.43, 1417867.99, 0.40111
157680.57, 1417872.2, 0.40111
157598.86, 1417124.69, 0.40111
157344.36, 1417161.92, 0.40111
157689.73, 1417950.8, 0.40111
157485.44, 1417825.12, 0.40111
157243.13, 1417182.76, 0.40111
157609.52, 1417589.17, 0.40111
157523.99, 1417868.82, 0.40111
157068.07, 1417705.62, 0.40111
157743.13, 1417568.84, 0.40111
157402.86, 1417765.16, 0.40111
157843.45, 1417723.89, 0.40111
157410.93, 1417785.8, 0.40111
157819.87, 1417476.0, 0.40111
157130.05, 1417390.88, 0.40111
157750.9, 1417696.09, 0.40111
157413.3, 1417675.1, 0.40111
157703.59, 1417922.22, 0.40111
157680.37, 1417782.45, 0.40111
157851.78, 1417611.76, 0.40111
157637.64, 1417786.98, 0.40111
157676.47, 1417936.63, 0.40111
157636.23, 1417632.84, 0.40111
157703.79, 1417866.91, 0.40111
157661.56, 1417286.45, 0.40111
157537.85, 1417777.19, 0.40111
157553.43, 1417861.64, 0.40111
157973.59, 1417835.09, 0.40111
157615.84, 1417774.47, 0.40111
157607.69, 1417104.17, 0.40111
157651.06, 1417972.49, 0.40111
157773.68, 1417906.92, 0.40111
157579.62, 1417672.11, 0.40111
157396.09, 1417881.49, 0.40111
157743.68, 1417643.15, 0.40111
157813.64, 1417646.54, 0.40111
157198.35, 1417071.42, 0.40111
157727.33, 1417067.54, 0.40111
157883.96, 1417748.88, 0.40111
157763.91, 1417597.51, 0.40111
157849.2, 1417493.81, 0.40111
157262.94, 1417187.15, 0.40111
157880.43, 1417255.25, 0.40111
157800.4, 1417905.54, 0.40111
157881.73, 1417697.37, 0.40111
157860.13, 1417719.03, 0.40111
157280.0, 1417190.42, 0.40111
157876.6, 1417017.55, 0.40111
157921.88, 1417822.78, 0.40111
157967.0, 1417928.16, 0.40111
157604.04, 1417657.14, 0.40111
157850.24, 1417692.13, 0.40111
157879.15, 1417784.86, 0.40111
157734.65, 1417920.54, 0.40111
157734.8, 1417870.11, 0.40111
157668.63, 1417737.07, 0.40111
157917.51, 1417803.76, 0.40111
157467.96, 1417090.87, 0.40111
157954.17, 1417821.71, 0.40111
157276.68, 1417044.66, 0.40111
157496.14, 1417612.56, 0.40111
157946.1, 1417536.77, 0.40111
157724.95, 1417661.08, 0.40111
157584.75, 1417773.08, 0.40111
157838.9, 1417666.74, 0.40111
157477.64, 1417068.06, 0.40111
157526.25, 1417922.95, 0.40111
157270.75, 1417092.68, 0.40111
