165969.47, 1429748.59, 0.41965
165858.0, 1429905.32, 0.41965
165391.96, 1429402.5, 0.41965
165551.86, 1429037.64, 0.41965
165937.34, 1429808.41, 0.41965
165109.58, 1429317.29, 0.41965
165415.8, 1429075.41, 0.41965
165748.51, 1429956.91, 0.41965
165407.97, 1429107.08, 0.41965
165053.16, 1429817.31, 0.41965
165055.99, 1429027.94, 0.41965
165385.09, 1429695.71, 0.41965
165949.71, 1429642.1, 0.41965
165050.6, 1429059.18, 0.41965
165728.52, 1429720.83, 0.41965
165363.83, 1429133.1, 0.41965
165383.68, 1429664.61, 0.41965
165414.19, 1429678.02, 0.41965
165021.22, 1429066.01, 0.41965
165289.29, 1429066.74, 0.41965
165489.4, 1429078.3, 0.41965
168702.05, 1429375.4, 0.41067
168397.75, 1429174.77, 0.41067
168177.02, 1429846.4, 0.41067
168376.53, 1429111.43, 0.41067
168641.7, 1429713.77, 0.41067
168098.49, 1429588.12, 0.41067
168853.49, 1429801.82, 0.41067
168199.21, 1429529.85, 0.41067
168031.7, 1429237.24, 0.41067
168669.15, 1429769.9, 0.41067
168205.18, 1429419.02, 0.41067
168773.76, 1429273.97, 0.41067
168782.92, 1429524.37, 0.41067
168902.24, 1429196.45, 0.41067
168200.86, 1429046.35, 0.41067
168304.88, 1429403.89, 0.41067
168824.86, 1429323.31, 0.41067
168527.38, 1429152.43, 0.41067
168425.25, 1429430.96, 0.41067
168177.28, 1429390.89, 0.41067
168920.25, 1429258.13, 0.41067
168418.38, 1429127.2, 0.41067
168399.6, 1429783.34, 0.41067
168640.88, 1429054.34, 0.41067
168547.03, 1429496.48, 0.41067
168528.98, 1429797.92, 0.41067
168795.35, 1429385.2, 0.41067
168474.28, 1429790.09, 0.41067
168636.32, 1429104.55, 0.41067
168038.0, 1429117.4, 0.41067
168852.75, 1429421.69, 0.41067
168792.65, 1429027.43, 0.41067
168144.66, 1429316.42, 0.41067
168670.79, 1429066.77, 0.41067
168188.43, 1429609.45, 0.41067
168741.75, 1429384.6, 0.41067
168634.73, 1429460.23, 0.41067
168514.16, 1429024.07, 0.41067
168051.32, 1429070.98, 0.41067
168452.17, 1429043.81, 0.41067
168953.44, 1429223.41, 0.41067
168762.29, 1429382.89, 0.41067
168871.56, 1429109.45, 0.41067
168028.17, 1429316.89, 0.41067
168157.77, 1429085.79, 0.41067
168865.18, 1429394.34, 0.41067
168812.85, 1429036.23, 0.41067
168392.37, 1429476.04, 0.41067
168197.6, 1429283.54, 0.41067
168838.68, 1429352.61, 0.41067
168857.7, 1429272.65, 0.41067
168717.91, 1429449.61, 0.41067
168647.69, 1429513.14, 0.41067
168488.62, 1429694.01, 0.41067
168092.1, 1429073.77, 0.41067
168242.43, 1429493.06, 0.41067
168288.46, 1429352.85, 0.41067
168426.27, 1429076.41, 0.41067
168654.92, 1429463.74, 0.41067
168017.9, 1429083.98, 0.41067
168800.36, 1429907.65, 0.41067
168500.79, 1429105.29, 0.41067
168289.84, 1429534.61, 0.41067
168464.55, 1429112.77, 0.41067
168080.62, 1429145.01, 0.41067
168372.61, 1429730.37, 0.41067
168175.67, 1429377.9, 0.41067
168230.22, 1429469.4, 0.41067
168227.4, 1429504.68, 0.41067
168790.06, 1429448.63, 0.41067
168272.4, 1429369.47, 0.41067
168648.87, 1429129.31, 0.41067
168527.43, 1429841.05, 0.41067
168766.92, 1429344.36, 0.41067
168979.78, 1429377.57, 0.41067
168892.63, 1429871.58, 0.41067
168103.12, 1429087.37, 0.41067
168276.95, 1429477.15, 0.41067
168778.31, 1429790.1, 0.41067
168848.2, 1429281.11, 0.41067
168081.76, 1429432.98, 0.41067
168544.46, 1429149.83, 0.41067
168601.48, 1429562.71, 0.41067
168611.48, 1429191.06, 0.41067
168952.66, 1429203.98, 0.41067
168882.84, 1429553.98, 0.41067
168511.6, 1429515.79, 0.41067
168934.78, 1429251.75, 0.41067
168866.17, 1429218.59, 0.41067
168675.67, 1429718.19, 0.41067
168824.9, 1429466.38, 0.41067
168686.72, 1429009.61, 0.41067
168225.11, 1429748.19, 0.41067
168816.39, 1429417.83, 0.41067
169338.6, 1429609.26, 0.40066
169377.12, 1429523.72, 0.40066
169837.46, 1429333.44, 0.40066
169169.57, 1429276.31, 0.40066
169827.04, 1429353.41, 0.40066
169857.64, 1429076.31, 0.40066
169167.03, 1429562.41, 0.40066
169867.22, 1429263.54, 0.40066
169528.92, 1429166.77, 0.40066
169583.93, 1429480.57, 0.40066
169734.11, 1429223.93, 0.40066
169254.22, 1429611.18, 0.40066
169094.82, 1429528.92, 0.40066
169572.09, 1429126.81, 0.40066
169578.45, 1429343.57, 0.40066
169664.48, 1429058.95, 0.40066
169637.14, 1429383.34, 0.40066
169902.99, 1429602.25, 0.40066
169834.21, 1429548.31, 0.40066
169125.91, 1429078.09, 0.40066
169227.34, 1429142.87, 0.40066
169791.93, 1429125.27, 0.40066
169451.0, 1429395.34, 0.40066
169146.24, 1429966.63, 0.40066
169838.2, 1429578.82, 0.40066
169108.02, 1429563.7, 0.40066
169638.11, 1429324.74, 0.40066
169693.91, 1429265.0, 0.40066
169660.99, 1429190.29, 0.40066
169161.52, 1429057.43, 0.40066
169654.09, 1429228.53, 0.40066
169859.72, 1429572.48, 0.40066
169530.18, 1429512.16, 0.40066
169608.43, 1429455.11, 0.40066
169763.44, 1429062.92, 0.40066
169617.97, 1429397.54, 0.40066
169779.61, 1429030.03, 0.40066
169672.32, 1429113.05, 0.40066
169575.18, 1429088.15, 0.40066
169692.1, 1429097.31, 0.40066
169568.43, 1429213.23, 0.40066
169195.62, 1429097.79, 0.40066
169628.56, 1429103.91, 0.40066
169756.99, 1429090.58, 0.40066
169199.69, 1429444.47, 0.40066
169825.85, 1429252.54, 0.40066
169667.89, 1429311.07, 0.40066
169572.9, 1429161.41, 0.40066
169704.82, 1429241.65, 0.40066
169206.59, 1429068.57, 0.40066
169465.36, 1429404.06, 0.40066
169695.84, 1429016.97, 0.40066
169855.85, 1429032.52, 0.40066
169565.54, 1429056.57, 0.40066
169558.37, 1429386.58, 0.40066
169162.71, 1429128.03, 0.40066
169900.95, 1429280.78, 0.40066
169793.68, 1429615.59, 0.40066
169557.14, 1429138.35, 0.40066
169760.54, 1429200.41, 0.40066
169617.91, 1429293.05, 0.40066
169557.66, 1429429.66, 0.40066
169304.97, 1429595.59, 0.40066
169716.86, 1429157.53, 0.40066
169689.03, 1429531.24, 0.40066
169037.96, 1429023.16, 0.40066
169352.29, 1429378.09, 0.40066
169451.69, 1429538.54, 0.40066
169834.82, 1429616.81, 0.40066
169839.09, 1429009.58, 0.40066
169656.66, 1429150.16, 0.40066
169387.65, 1429547.92, 0.40066
169068.59, 1429193.92, 0.40066
169089.05, 1429145.88, 0.40066
169019.77, 1429048.17, 0.40066
169398.29, 1429457.72, 0.40066
169739.14, 1429450.94, 0.40066
169888.07, 1429012.57, 0.40066
169061.22, 1429278.21, 0.40066
169789.83, 1429059.41, 0.40066
169675.56, 1429349.83, 0.40066
169894.57, 1429059.08, 0.40066
166660.49, 1429348.31, 0.40008
166394.33, 1429144.94, 0.40008
166353.44, 1429195.46, 0.40008
166216.25, 1429662.5, 0.40008
166113.04, 1429682.93, 0.40008
166159.74, 1429609.92, 0.40008
166720.34, 1429270.47, 0.40008
166299.01, 1429594.3, 0.40008
166574.24, 1429393.8, 0.40008
166557.34, 1429678.33, 0.40008
166634.27, 1429600.88, 0.40008
166824.68, 1429216.31, 0.40008
166438.08, 1429117.77, 0.40008
166752.37, 1429969.81, 0.40008
166195.1, 1429805.55, 0.40008
166095.21, 1429753.68, 0.40008
166281.11, 1429840.15, 0.40008
166432.07, 1429228.87, 0.40008
166689.1, 1429441.58, 0.40008
166140.73, 1429547.81, 0.40008
166727.58, 1429096.67, 0.40008
166191.35, 1429715.88, 0.40008
166400.95, 1429191.14, 0.40008
166437.72, 1429049.69, 0.40008
166900.08, 1429744.37, 0.40008
166783.38, 1429290.16, 0.40008
166573.41, 1429516.14, 0.40008
166758.8, 1429180.87, 0.40008
166640.08, 1429890.96, 0.40008
166689.65, 1429216.97, 0.40008
166263.21, 1429423.67, 0.40008
166459.02, 1429830.57, 0.40008
166228.74, 1429620.12, 0.40008
166644.31, 1429518.1, 0.40008
166279.19, 1429252.19, 0.40008
166050.05, 1429842.55, 0.40008
166389.38, 1429369.32, 0.40008
166712.27, 1429402.4, 0.40008
166566.13, 1429188.1, 0.40008
166907.98, 1429706.63, 0.40008
166687.46, 1429196.51, 0.40008
166309.0, 1429248.9, 0.40008
166421.36, 1429270.84, 0.40008
166545.4, 1429340.54, 0.40008
166171.19, 1429646.81, 0.40008
166732.49, 1429141.0, 0.40008
166902.38, 1429599.35, 0.40008
166956.05, 1429727.12, 0.40008
166138.54, 1429802.88, 0.40008
166382.38, 1429469.17, 0.40008
166783.26, 1429390.26, 0.40008
166308.26, 1429436.78, 0.40008
166871.41, 1429830.69, 0.40008
166396.14, 1429424.49, 0.40008
166693.06, 1429353.97, 0.40008
166261.66, 1429819.03, 0.40008
166625.56, 1429423.39, 0.40008
166740.02, 1429510.94, 0.40008
166040.02, 1429868.89, 0.40008
166622.0, 1429405.04, 0.40008
166278.82, 1429863.77, 0.40008
166743.41, 1429490.88, 0.40008
166197.12, 1429610.19, 0.40008
166797.37, 1429427.42, 0.40008
166675.2, 1429534.5, 0.40008
166364.66, 1429217.62, 0.40008
166486.73, 1429011.93, 0.40008
166583.38, 1429301.92, 0.40008
166692.14, 1429327.01, 0.40008
166403.24, 1429385.16, 0.40008
166082.67, 1429782.07, 0.40008
166600.73, 1429603.04, 0.40008
166048.68, 1429022.43, 0.40008
166756.18, 1429902.1, 0.40008
166080.0, 1429839.9, 0.40008
166255.91, 1429857.67, 0.40008
166787.97, 1429984.19, 0.40008
166987.1, 1429107.74, 0.40008
166792.88, 1429011.48, 0.40008
166760.09, 1429507.0, 0.40008
166581.38, 1429901.28, 0.40008
166614.92, 1429675.52, 0.40008
166380.53, 1429602.51, 0.40008
166823.41, 1429370.61, 0.40008
166226.12, 1429206.82, 0.40008
166642.72, 1429300.64, 0.40008
167765.6, 1429296.3, 0.4012
167648.02, 1429423.92, 0.4012
167237.1, 1429482.31, 0.4012
167188.23, 1429411.7, 0.4012
167961.21, 1429401.41, 0.4012
167357.4, 1429154.58, 0.4012
167585.43, 1429466.11, 0.4012
167179.71, 1429363.26, 0.4012
167646.58, 1429383.92, 0.4012
167745.84, 1429673.39, 0.4012
167788.81, 1429156.35, 0.4012
167165.6, 1429745.63, 0.4012
167950.84, 1429338.19, 0.4012
167102.37, 1429238.69, 0.4012
167134.2, 1429241.4, 0.4012
167065.84, 1429335.98, 0.4012
167130.33, 1429428.13, 0.4012
167947.84, 1429087.26, 0.4012
167176.42, 1429293.14, 0.4012
167164.45, 1429574.93, 0.4012
167470.61, 1429604.92, 0.4012
167964.25, 1429443.58, 0.4012
167934.44, 1429563.64, 0.4012
167104.05, 1429821.62, 0.4012
167709.57, 1429581.83, 0.4012
167034.11, 1429423.88, 0.4012
167074.94, 1429264.54, 0.4012
167443.07, 1429282.85, 0.4012
167090.02, 1429627.42, 0.4012
167472.25, 1429659.18, 0.4012
167235.61, 1429420.74, 0.4012
167076.63, 1429418.08, 0.4012
167609.19, 1429707.12, 0.4012
167521.73, 1429447.23, 0.4012
167046.76, 1429776.74, 0.4012
167714.12, 1429601.94, 0.4012
167749.39, 1429341.35, 0.4012
167497.58, 1429153.78, 0.4012
167228.18, 1429110.98, 0.4012
167134.82, 1429592.41, 0.4012
167740.98, 1429316.44, 0.4012
167101.62, 1429312.43, 0.4012
167720.16, 1429284.13, 0.4012
167195.57, 1429274.95, 0.4012
167057.11, 1429042.98, 0.4012
167189.3, 1429329.27, 0.4012
167092.93, 1429601.68, 0.4012
167152.61, 1429415.65, 0.4012
167176.3, 1429060.65, 0.4012
167110.5, 1429033.63, 0.4012
167522.73, 1429413.66, 0.4012
167843.1, 1429081.03, 0.4012
167886.48, 1429210.9, 0.4012
167083.78, 1429023.91, 0.4012
167072.54, 1429818.52, 0.4012
167726.77, 1429226.79, 0.4012
167958.87, 1429246.26, 0.4012
167468.23, 1429632.59, 0.4012
167392.95, 1429073.68, 0.4012
167068.56, 1429771.25, 0.4012
167357.5, 1429459.75, 0.4012
167682.24, 1429097.89, 0.4012
167146.76, 1429750.94, 0.4012
167154.09, 1429524.23, 0.4012
167625.6, 1429112.78, 0.4012
167328.86, 1429440.16, 0.4012
167207.91, 1429532.21, 0.4012
167221.14, 1429671.88, 0.4012
167110.0, 1429475.96, 0.4012
167120.27, 1429489.64, 0.4012
167639.53, 1429094.01, 0.4012
167046.63, 1429739.93, 0.4012
167215.04, 1429344.71, 0.4012
167954.64, 1429285.98, 0.4012
167703.01, 1429196.3, 0.4012
167522.79, 1429506.72, 0.4012
167195.82, 1429609.69, 0.4012
167029.16, 1429226.33, 0.4012
167175.3, 1429094.07, 0.4012
167860.66, 1429020.86, 0.4012
167632.92, 1429359.42, 0.4012
167047.12, 1429393.59, 0.4012
167932.36, 1429464.53, 0.4012
167173.34, 1429427.11, 0.4012
167304.66, 1429051.68, 0.4012
167056.88, 1429115.66, 0.4012
167916.65, 1429251.89, 0.4012
167134.98, 1429259.47, 0.4012
167041.23, 1429247.14, 0.4012
167210.02, 1429280.3, 0.4012
165285.44, 1426944.13, 0.40413
165512.82, 1426894.01, 0.40413
165759.35, 1426970.82, 0.40413
165490.06, 1426808.55, 0.40413
165210.51, 1426025.62, 0.40413
165264.03, 1426834.74, 0.40413
165528.56, 1426922.92, 0.40413
165037.19, 1426820.46, 0.40413
165373.55, 1426745.0, 0.40413
165582.5, 1426981.99, 0.40413
165407.06, 1426756.37, 0.40413
165625.71, 1426978.94, 0.40413
165412.19, 1426349.58, 0.40413
165320.37, 1426898.15, 0.40413
165853.16, 1426527.75, 0.40413
165257.44, 1426939.89, 0.40413
165393.54, 1426907.16, 0.40413
165240.42, 1426904.96, 0.40413
165253.42, 1426967.27, 0.40413
165899.38, 1426592.78, 0.40413
165648.94, 1426964.3, 0.40413
165684.88, 1426986.85, 0.40413
165466.94, 1426875.88, 0.40413
165015.1, 1426895.01, 0.40413
165129.67, 1426151.47, 0.40413
165048.48, 1426877.21, 0.40413
165484.86, 1426859.53, 0.40413
168805.8, 1426727.19, 0.40616
168400.85, 1426770.47, 0.40616
168635.74, 1426618.9, 0.40616
168785.26, 1426704.74, 0.40616
168551.35, 1426854.19, 0.40616
168797.98, 1426653.36, 0.40616
168793.61, 1426758.11, 0.40616
168516.38, 1426272.43, 0.40616
168693.85, 1426016.25, 0.40616
168590.58, 1426756.74, 0.40616
168346.12, 1426774.53, 0.40616
168817.79, 1426760.8, 0.40616
168743.27, 1426705.88, 0.40616
168916.46, 1426052.28, 0.40616
168761.71, 1426575.79, 0.40616
168611.77, 1426742.52, 0.40616
168519.56, 1426719.4, 0.40616
168674.56, 1426964.83, 0.40616
168952.22, 1426315.5, 0.40616
168540.14, 1426290.65, 0.40616
168810.27, 1426893.1, 0.40616
168581.72, 1426278.32, 0.40616
168658.74, 1426642.79, 0.40616
168131.18, 1426073.95, 0.40616
168782.62, 1426545.97, 0.40616
168527.25, 1426865.34, 0.40616
169679.04, 1426418.42, 0.40741
169800.38, 1426114.67, 0.40741
169676.78, 1426356.19, 0.40741
169593.01, 1426963.77, 0.40741
169377.21, 1426406.87, 0.40741
169647.21, 1426890.3, 0.40741
169314.88, 1426363.29, 0.40741
169394.3, 1426365.45, 0.40741
169917.1, 1426041.97, 0.40741
169088.9, 1426048.89, 0.40741
169361.04, 1426025.89, 0.40741
169955.99, 1426145.44, 0.40741
169677.12, 1426126.0, 0.40741
169360.88, 1426967.0, 0.40741
169504.06, 1426941.84, 0.40741
169182.19, 1426619.11, 0.40741
169545.12, 1426076.83, 0.40741
169277.23, 1426367.95, 0.40741
169145.38, 1426485.67, 0.40741
169738.36, 1426326.11, 0.40741
169670.13, 1426458.1, 0.40741
169385.59, 1426342.42, 0.40741
169231.82, 1426362.09, 0.40741
169145.81, 1426339.03, 0.40741
169896.34, 1426348.84, 0.40741
169961.33, 1426025.25, 0.40741
169259.11, 1426039.36, 0.40741
169157.32, 1426613.76, 0.40741
169372.67, 1426384.11, 0.40741
169242.67, 1426049.34, 0.40741
169260.27, 1426352.51, 0.40741
166444.13, 1426172.8, 0.45542
166582.34, 1426418.75, 0.45542
166387.17, 1426149.96, 0.45542
167689.83, 1426737.84, 0.40226
167277.85, 1426659.65, 0.40226
167385.78, 1426309.33, 0.40226
167508.9, 1426886.0, 0.40226
167447.28, 1426554.73, 0.40226
167275.91, 1426730.23, 0.40226
167277.98, 1426315.23, 0.40226
167893.49, 1426859.55, 0.40226
167558.13, 1426706.69, 0.40226
167676.14, 1426695.51, 0.40226
167384.08, 1426175.87, 0.40226
167337.38, 1426168.71, 0.40226
167335.51, 1426138.48, 0.40226
167212.19, 1426035.5, 0.40226
167267.49, 1426346.91, 0.40226
167506.28, 1426845.12, 0.40226
167521.51, 1426915.24, 0.40226
167416.93, 1426660.39, 0.40226
167692.91, 1426779.16, 0.40226
167303.49, 1426810.87, 0.40226
167426.66, 1426542.52, 0.40226
167472.39, 1426567.33, 0.40226
167373.25, 1426704.82, 0.40226
167313.76, 1426410.75, 0.40226
167797.03, 1426967.57, 0.40226
167308.86, 1426735.35, 0.40226
167294.44, 1426288.31, 0.40226
167391.85, 1426736.29, 0.40226
167535.74, 1426705.47, 0.40226
167550.79, 1426028.38, 0.40226
167419.67, 1426360.25, 0.40226
167190.34, 1426692.65, 0.40226
167249.8, 1426695.91, 0.40226
167359.86, 1426043.18, 0.40226
167687.17, 1426907.53, 0.40226
167312.31, 1426829.03, 0.40226
167416.72, 1426724.67, 0.40226
167502.04, 1426910.42, 0.40226
167377.32, 1426772.37, 0.40226
167364.04, 1426153.7, 0.40226
167290.1, 1426775.08, 0.40226
167365.16, 1426676.18, 0.40226
167318.67, 1426013.15, 0.40226
167516.21, 1426958.89, 0.40226
167339.4, 1426064.09, 0.40226
167477.98, 1426663.63, 0.40226
167376.2, 1426856.71, 0.40226
167196.62, 1426616.91, 0.40226
167297.85, 1426586.02, 0.40226
167163.35, 1426848.03, 0.40226
167554.26, 1426733.59, 0.40226
167551.42, 1426817.37, 0.40226
167242.47, 1426032.86, 0.40226
167532.96, 1426745.25, 0.40226
167245.05, 1426598.7, 0.40226
165753.07, 1425858.09, 0.41054
165457.55, 1425917.46, 0.41054
165823.55, 1425786.11, 0.41054
165108.78, 1425877.36, 0.41054
165783.07, 1425933.51, 0.41054
165176.41, 1425891.53, 0.41054
165787.13, 1425873.52, 0.41054
165918.67, 1425057.93, 0.41054
168077.15, 1425296.85, 0.4256
168163.72, 1425249.15, 0.4256
168604.45, 1425053.95, 0.4256
168887.47, 1425820.37, 0.4256
168605.84, 1425919.28, 0.4256
168355.02, 1425253.98, 0.4256
168179.57, 1425352.13, 0.4256
168197.81, 1425255.33, 0.4256
168880.68, 1425924.99, 0.4256
168293.25, 1425283.14, 0.4256
168452.33, 1425122.79, 0.4256
168813.05, 1425952.24, 0.4256
168309.15, 1425249.61, 0.4256
168722.24, 1425795.17, 0.4256
168450.55, 1425075.99, 0.4256
168937.49, 1425868.73, 0.4256
168929.39, 1425822.9, 0.4256
168166.43, 1425082.55, 0.4256
168502.39, 1425130.75, 0.4256
168329.5, 1425233.54, 0.4256
168238.93, 1425299.63, 0.4256
168140.49, 1425025.11, 0.4256
168778.31, 1425879.37, 0.4256
168400.17, 1425072.12, 0.4256
168335.63, 1425191.99, 0.4256
168626.89, 1425839.62, 0.4256
168384.39, 1425278.06, 0.4256
168362.25, 1425110.45, 0.4256
168517.12, 1425180.54, 0.4256
168633.57, 1425076.93, 0.4256
168593.98, 1425126.13, 0.4256
168540.36, 1425807.8, 0.4256
168508.1, 1425825.73, 0.4256
168122.42, 1425172.89, 0.4256
168788.33, 1425907.52, 0.4256
168142.94, 1425148.22, 0.4256
168257.42, 1425174.15, 0.4256
168864.72, 1425883.75, 0.4256
168542.06, 1425125.21, 0.4256
168482.73, 1425052.56, 0.4256
168557.85, 1425169.1, 0.4256
168456.05, 1425143.26, 0.4256
168658.28, 1425740.96, 0.4256
168484.4, 1425162.03, 0.4256
168590.23, 1425429.18, 0.4256
168844.87, 1425924.91, 0.4256
168568.86, 1425122.38, 0.4256
168089.77, 1425126.03, 0.4256
168491.01, 1425912.25, 0.4256
168219.12, 1425353.26, 0.4256
168920.73, 1425900.31, 0.4256
168446.75, 1425212.41, 0.4256
168308.28, 1425039.49, 0.4256
168330.24, 1425138.61, 0.4256
169267.49, 1425893.97, 0.40919
169349.84, 1425813.44, 0.40919
169644.1, 1425969.42, 0.40919
169673.14, 1425975.61, 0.40919
169101.84, 1425924.17, 0.40919
169128.03, 1425837.36, 0.40919
169836.14, 1425941.86, 0.40919
169388.82, 1425123.27, 0.40919
169195.06, 1425391.44, 0.40919
169643.44, 1425067.37, 0.40919
169388.24, 1425841.56, 0.40919
169754.64, 1425927.43, 0.40919
169694.31, 1425652.48, 0.40919
169490.34, 1425873.25, 0.40919
169891.06, 1425948.3, 0.40919
169461.37, 1425949.06, 0.40919
169427.76, 1425912.32, 0.40919
169415.47, 1425849.6, 0.40919
169381.6, 1425214.99, 0.40919
169354.81, 1425881.21, 0.40919
169805.17, 1425900.49, 0.40919
169875.99, 1425085.45, 0.40919
169464.94, 1425127.02, 0.40919
169268.22, 1425666.84, 0.40919
169718.36, 1425932.35, 0.40919
169340.83, 1425954.02, 0.40919
169037.01, 1425811.52, 0.40919
169622.37, 1425115.43, 0.40919
169853.99, 1425921.59, 0.40919
169549.72, 1425099.29, 0.40919
169364.29, 1425978.49, 0.40919
169879.4, 1425856.6, 0.40919
169061.87, 1425942.35, 0.40919
169147.13, 1425979.85, 0.40919
169477.48, 1425907.17, 0.40919
169454.54, 1425156.8, 0.40919
169016.88, 1425868.19, 0.40919
169036.98, 1425947.38, 0.40919
169974.38, 1425875.77, 0.40919
169284.23, 1425950.17, 0.40919
169706.9, 1425984.93, 0.40919
169520.5, 1425903.83, 0.40919
169836.02, 1425231.62, 0.40919
169057.05, 1425903.09, 0.40919
169616.32, 1425043.45, 0.40919
169054.93, 1425987.14, 0.40919
169280.69, 1425975.85, 0.40919
169751.66, 1425882.92, 0.40919
169383.42, 1425789.59, 0.40919
169948.12, 1425864.82, 0.40919
169093.26, 1425906.1, 0.40919
169487.05, 1425800.28, 0.40919
169194.5, 1425952.28, 0.40919
169199.26, 1425865.02, 0.40919
166469.68, 1425697.54, 0.42546
166387.62, 1425879.33, 0.42546
166876.38, 1425051.38, 0.42546
166722.11, 1425732.33, 0.42546
166543.64, 1425879.9, 0.42546
166682.58, 1425134.22, 0.42546
166776.65, 1425237.74, 0.42546
166603.76, 1425078.74, 0.42546
166800.81, 1425095.23, 0.42546
166229.11, 1425141.24, 0.42546
166442.43, 1425908.86, 0.42546
166829.84, 1425177.06, 0.42546
166721.84, 1425712.03, 0.42546
166601.23, 1425658.54, 0.42546
166935.79, 1425056.14, 0.42546
166086.49, 1425075.74, 0.42546
166126.8, 1425083.32, 0.42546
166571.99, 1425154.99, 0.42546
166724.47, 1425109.87, 0.42546
166649.02, 1425161.42, 0.42546
166882.7, 1425135.28, 0.42546
166552.69, 1425181.97, 0.42546
166886.85, 1425178.42, 0.42546
166691.6, 1425209.44, 0.42546
166158.7, 1425137.86, 0.42546
166909.67, 1425206.45, 0.42546
166182.37, 1425024.81, 0.42546
166456.92, 1425141.35, 0.42546
166873.5, 1425200.76, 0.42546
166776.96, 1425170.06, 0.42546
166257.36, 1425788.57, 0.42546
166426.83, 1425167.75, 0.42546
166421.67, 1425965.98, 0.42546
166652.23, 1425130.59, 0.42546
166370.28, 1425056.88, 0.42546
166808.22, 1425075.2, 0.42546
166377.04, 1425949.9, 0.42546
166916.95, 1425283.92, 0.42546
166518.75, 1425180.73, 0.42546
166492.51, 1425706.8, 0.42546
166711.45, 1425771.97, 0.42546
166053.82, 1425039.51, 0.42546
166019.16, 1425084.11, 0.42546
166054.64, 1425062.87, 0.42546
166598.32, 1425140.79, 0.42546
166902.18, 1425328.59, 0.42546
166538.63, 1425145.11, 0.42546
166571.42, 1425179.83, 0.42546
166631.37, 1425153.42, 0.42546
166850.6, 1425131.36, 0.42546
166077.19, 1425114.27, 0.42546
167760.96, 1425444.12, 0.41958
167725.35, 1425306.92, 0.41958
167754.11, 1425344.0, 0.41958
167673.74, 1425491.16, 0.41958
167718.09, 1425415.75, 0.41958
167819.59, 1425479.77, 0.41958
167092.28, 1425315.93, 0.41958
167637.2, 1425220.88, 0.41958
167659.27, 1425278.4, 0.41958
167842.81, 1425342.96, 0.41958
167973.4, 1425941.27, 0.41958
167782.34, 1425523.04, 0.41958
167641.59, 1425545.12, 0.41958
167758.22, 1425383.62, 0.41958
167828.69, 1425209.62, 0.41958
167748.77, 1425304.53, 0.41958
167463.32, 1425439.13, 0.41958
167608.12, 1425522.3, 0.41958
167791.21, 1425342.35, 0.41958
167466.99, 1425330.99, 0.41958
167867.34, 1425223.11, 0.41958
167668.18, 1425235.25, 0.41958
167900.75, 1425425.94, 0.41958
167692.18, 1425428.33, 0.41958
167692.85, 1425539.43, 0.41958
167768.36, 1425478.74, 0.41958
167553.67, 1425937.13, 0.41958
167855.74, 1425263.27, 0.41958
167667.87, 1425560.39, 0.41958
167729.77, 1425481.98, 0.41958
167702.26, 1425205.76, 0.41958
167831.49, 1425275.63, 0.41958
167919.78, 1425314.33, 0.41958
167801.27, 1425331.34, 0.41958
167629.63, 1425417.65, 0.41958
167807.39, 1425153.05, 0.41958
167647.15, 1425293.8, 0.41958
167716.3, 1425333.69, 0.41958
167846.73, 1425471.22, 0.41958
167535.64, 1425442.24, 0.41958
167239.51, 1425171.26, 0.41958
167656.74, 1425249.44, 0.41958
167527.34, 1425369.29, 0.41958
165688.24, 1428774.26, 0.40446
165305.51, 1428681.68, 0.40446
165401.58, 1428638.19, 0.40446
165230.9, 1428292.06, 0.40446
165113.84, 1428667.61, 0.40446
165483.95, 1428579.29, 0.40446
165170.41, 1428426.2, 0.40446
165138.56, 1428620.69, 0.40446
165533.05, 1428886.3, 0.40446
165177.9, 1428628.34, 0.40446
165151.53, 1428832.34, 0.40446
165252.47, 1428710.19, 0.40446
165055.01, 1428610.9, 0.40446
165174.17, 1428836.19, 0.40446
165555.65, 1428811.92, 0.40446
165117.48, 1428847.34, 0.40446
165476.27, 1428540.48, 0.40446
165745.48, 1428920.59, 0.40446
165594.32, 1428797.08, 0.40446
165513.38, 1428835.81, 0.40446
165519.13, 1428974.34, 0.40446
165062.08, 1428574.93, 0.40446
165616.18, 1428969.11, 0.40446
165635.05, 1428890.48, 0.40446
165146.06, 1428463.82, 0.40446
165643.19, 1428858.46, 0.40446
165146.08, 1428674.04, 0.40446
165708.95, 1428791.3, 0.40446
165111.16, 1428694.06, 0.40446
165395.5, 1428496.98, 0.40446
165611.29, 1428704.6, 0.40446
165560.18, 1428921.56, 0.40446
165590.58, 1428771.13, 0.40446
165080.38, 1428699.29, 0.40446
165563.28, 1428955.19, 0.40446
165269.01, 1428709.42, 0.40446
165084.27, 1428350.56, 0.40446
168820.27, 1428866.9, 0.40053
168318.35, 1428791.81, 0.40053
168853.89, 1428866.75, 0.40053
168649.95, 1428946.08, 0.40053
168810.66, 1428912.96, 0.40053
168186.03, 1428967.56, 0.40053
168277.5, 1428955.05, 0.40053
168316.04, 1428839.78, 0.40053
168764.23, 1428959.08, 0.40053
168355.86, 1428974.67, 0.40053
168545.73, 1428952.08, 0.40053
168522.59, 1428864.74, 0.40053
168493.46, 1428950.32, 0.40053
168914.97, 1428911.9, 0.40053
168834.3, 1428932.22, 0.40053
168952.85, 1428935.08, 0.40053
168562.48, 1428973.08, 0.40053
168110.18, 1428475.78, 0.40053
168891.2, 1428870.01, 0.40053
168918.07, 1428917.53, 0.40053
168921.55, 1428920.33, 0.40053
168253.75, 1428934.78, 0.40053
168534.87, 1428917.32, 0.40053
168185.89, 1428229.62, 0.40053
168314.7, 1428819.76, 0.40053
168563.8, 1428932.59, 0.40053
168393.42, 1428983.46, 0.40053
168358.33, 1428909.19, 0.40053
168470.01, 1428946.62, 0.40053
169645.31, 1428969.09, 0.40484
169316.57, 1428845.82, 0.40484
169124.14, 1428654.59, 0.40484
169294.82, 1428588.04, 0.40484
169292.19, 1428643.73, 0.40484
169493.73, 1428879.44, 0.40484
169396.62, 1428965.04, 0.40484
169075.46, 1428638.22, 0.40484
169075.58, 1428766.85, 0.40484
169856.64, 1428948.93, 0.40484
169130.29, 1428744.16, 0.40484
169099.95, 1428041.86, 0.40484
169143.06, 1428795.59, 0.40484
169355.8, 1428783.1, 0.40484
169268.36, 1428681.22, 0.40484
169123.12, 1428832.48, 0.40484
169096.71, 1428873.1, 0.40484
169914.58, 1428744.79, 0.40484
169030.5, 1428751.47, 0.40484
169973.23, 1428883.16, 0.40484
169504.63, 1428939.19, 0.40484
169119.2, 1428924.95, 0.40484
169089.28, 1428801.56, 0.40484
169925.69, 1428851.15, 0.40484
169435.92, 1428939.41, 0.40484
169102.64, 1428766.99, 0.40484
169241.85, 1428906.77, 0.40484
169041.51, 1428782.15, 0.40484
169888.4, 1428771.2, 0.40484
169904.06, 1428965.8, 0.40484
169135.33, 1428898.38, 0.40484
169114.72, 1428854.41, 0.40484
169121.56, 1428948.33, 0.40484
169381.28, 1428984.78, 0.40484
169724.44, 1428984.1, 0.40484
169955.11, 1428855.51, 0.40484
169098.99, 1428947.83, 0.40484
169027.38, 1428676.38, 0.40484
169016.84, 1428967.36, 0.40484
169309.11, 1428895.18, 0.40484
166934.3, 1428933.36, 0.49147
166654.03, 1428967.29, 0.49147
166973.87, 1428940.17, 0.49147
166377.49, 1428080.3, 0.49147
166309.76, 1428964.93, 0.49147
167676.12, 1428125.84, 0.40912
167656.48, 1428181.43, 0.40912
167124.62, 1428847.68, 0.40912
167222.77, 1428704.39, 0.40912
167575.83, 1428104.63, 0.40912
167183.42, 1428880.9, 0.40912
167861.56, 1428814.34, 0.40912
167711.41, 1428110.8, 0.40912
167658.23, 1428316.27, 0.40912
167759.49, 1428510.39, 0.40912
167084.72, 1428946.28, 0.40912
167624.93, 1428099.46, 0.40912
167668.9, 1428293.66, 0.40912
167196.62, 1428950.86, 0.40912
167542.23, 1428084.02, 0.40912
167132.17, 1428928.07, 0.40912
167973.71, 1428420.69, 0.40912
167195.62, 1428922.37, 0.40912
167458.75, 1428842.99, 0.40912
167083.61, 1428976.76, 0.40912
167630.16, 1428132.07, 0.40912
167465.53, 1428943.19, 0.40912
167146.44, 1428984.18, 0.40912
167416.97, 1428021.73, 0.40912
167148.62, 1428948.29, 0.40912
167253.85, 1428958.84, 0.40912
167911.39, 1428217.15, 0.40912
167547.12, 1428913.26, 0.40912
167711.13, 1428036.58, 0.40912
167988.94, 1428848.95, 0.40912
165561.46, 1427141.89, 0.408
165870.14, 1427325.17, 0.408
165825.8, 1427087.84, 0.408
165715.0, 1427166.35, 0.408
165675.78, 1427197.56, 0.408
165821.94, 1427141.9, 0.408
165684.85, 1427254.14, 0.408
165733.77, 1427233.63, 0.408
165815.3, 1427612.41, 0.408
165042.34, 1427623.71, 0.408
165035.08, 1427281.6, 0.408
165862.53, 1427032.98, 0.408
165031.05, 1427309.87, 0.408
165664.94, 1427219.59, 0.408
165581.93, 1427046.5, 0.408
165587.26, 1427238.89, 0.408
165771.78, 1427208.49, 0.408
165719.05, 1427130.17, 0.408
165389.71, 1427056.41, 0.408
165282.43, 1427028.42, 0.408
165342.76, 1427015.9, 0.408
165863.72, 1427084.94, 0.408
165078.26, 1427411.84, 0.408
165639.44, 1427195.64, 0.408
165065.97, 1427147.95, 0.408
165573.49, 1427175.82, 0.408
165577.15, 1427074.78, 0.408
165638.61, 1427248.43, 0.408
168865.18, 1427533.08, 0.40088
168813.07, 1427608.85, 0.40088
168912.16, 1427175.88, 0.40088
168893.74, 1427581.94, 0.40088
168902.24, 1427497.19, 0.40088
168980.79, 1427601.19, 0.40088
168968.87, 1427850.02, 0.40088
168927.1, 1427109.69, 0.40088
168738.6, 1427213.51, 0.40088
168941.9, 1427501.72, 0.40088
168088.02, 1427422.61, 0.40088
168901.86, 1427539.94, 0.40088
168117.79, 1427351.27, 0.40088
168715.05, 1427157.56, 0.40088
168958.94, 1427546.76, 0.40088
168973.88, 1427836.33, 0.40088
169390.06, 1427216.31, 0.40263
169058.64, 1427571.51, 0.40263
169302.03, 1427256.25, 0.40263
169050.58, 1427246.41, 0.40263
169942.39, 1427436.03, 0.40263
169050.83, 1427311.41, 0.40263
169619.05, 1427138.56, 0.40263
169448.48, 1427224.95, 0.40263
169084.54, 1427404.52, 0.40263
169134.28, 1427235.58, 0.40263
169390.78, 1427170.44, 0.40263
169925.04, 1427341.18, 0.40263
169957.78, 1427378.02, 0.40263
169574.12, 1427030.45, 0.40263
169029.39, 1427271.94, 0.40263
169661.65, 1427709.55, 0.40263
169050.9, 1427640.32, 0.40263
169261.23, 1427116.17, 0.40263
169864.62, 1427291.1, 0.40263
169357.88, 1427259.04, 0.40263
169357.37, 1427277.26, 0.40263
169933.5, 1427408.59, 0.40263
169067.07, 1427434.87, 0.40263
169503.95, 1427771.02, 0.40263
169047.49, 1427495.3, 0.40263
169026.78, 1427148.21, 0.40263
169916.83, 1427809.41, 0.40263
169506.67, 1427903.35, 0.40263
169070.63, 1427564.36, 0.40263
169131.59, 1427470.53, 0.40263
169134.54, 1427495.53, 0.40263
169081.87, 1427401.07, 0.40263
169134.86, 1427343.71, 0.40263
169959.04, 1427607.31, 0.40263
166094.31, 1427314.47, 0.40295
166113.46, 1427282.66, 0.40295
166813.88, 1427639.84, 0.40295
166881.04, 1427541.76, 0.40295
166090.01, 1427600.54, 0.40295
166860.73, 1427898.23, 0.40295
166611.85, 1427597.09, 0.40295
166910.63, 1427599.1, 0.40295
166742.74, 1427711.54, 0.40295
166359.14, 1427417.3, 0.40295
166393.21, 1427433.54, 0.40295
166278.84, 1427364.62, 0.40295
166932.36, 1427692.01, 0.40295
166368.79, 1427342.15, 0.40295
166382.07, 1427789.75, 0.40295
166633.33, 1427494.65, 0.40295
166423.01, 1427809.92, 0.40295
166858.74, 1427722.41, 0.40295
166685.85, 1427654.52, 0.40295
166661.07, 1427655.52, 0.40295
166637.97, 1427730.06, 0.40295
166246.37, 1427206.13, 0.40295
166109.55, 1427360.29, 0.40295
166455.08, 1427555.54, 0.40295
166114.17, 1427607.76, 0.40295
166622.34, 1427679.65, 0.40295
166760.75, 1427883.08, 0.40295
166820.86, 1427493.48, 0.40295
166323.05, 1427339.48, 0.40295
166824.19, 1427711.65, 0.40295
166317.85, 1427517.81, 0.40295
166081.3, 1427351.09, 0.40295
166677.12, 1427688.6, 0.40295
166885.5, 1427708.56, 0.40295
166911.7, 1427915.93, 0.40295
166696.15, 1427671.23, 0.40295
166565.27, 1427626.12, 0.40295
166127.55, 1427239.35, 0.40295
166625.31, 1427553.63, 0.40295
166474.2, 1427346.96, 0.40295
166123.03, 1427666.7, 0.40295
166536.34, 1427593.3, 0.40295
166625.81, 1427519.33, 0.40295
166982.64, 1427621.95, 0.40295
166222.2, 1427205.55, 0.40295
166894.97, 1427779.7, 0.40295
166857.82, 1427561.59, 0.40295
166162.04, 1427208.52, 0.40295
166586.64, 1427546.52, 0.40295
166281.51, 1427317.88, 0.40295
166267.3, 1427263.47, 0.40295
166066.36, 1427599.54, 0.40295
166917.2, 1427755.84, 0.40295
166414.2, 1427357.27, 0.40295
166344.6, 1427454.92, 0.40295
166195.06, 1427153.52, 0.40295
166644.28, 1427611.98, 0.40295
166301.18, 1427199.78, 0.40295
166699.11, 1427687.4, 0.40295
166245.27, 1427229.47, 0.40295
166754.34, 1427535.12, 0.40295
166918.45, 1427738.87, 0.40295
166648.27, 1427559.83, 0.40295
166789.82, 1427698.47, 0.40295
166946.63, 1427794.48, 0.40295
166108.39, 1427650.09, 0.40295
166632.42, 1427642.81, 0.40295
167362.81, 1427886.83, 0.40784
167262.61, 1427925.03, 0.40784
167153.53, 1427892.53, 0.40784
167589.8, 1427077.2, 0.40784
167188.53, 1427885.44, 0.40784
167101.99, 1427899.6, 0.40784
167303.44, 1427820.61, 0.40784
167242.16, 1427856.66, 0.40784
167250.69, 1427892.24, 0.40784
167223.92, 1427763.98, 0.40784
167402.87, 1427596.99, 0.40784
167584.09, 1427966.35, 0.40784
167891.73, 1427078.61, 0.40784
167095.95, 1427691.33, 0.40784
167506.35, 1427215.98, 0.40784
167328.33, 1427983.44, 0.40784
167263.68, 1427876.74, 0.40784
