138793.84, 1459778.8, 0.44124
138970.8, 1459650.85, 0.44124
139089.4, 1459758.82, 0.41212
139288.88, 1459704.2, 0.41212
139703.11, 1459326.53, 0.41212
139256.63, 1459913.62, 0.41212
139783.86, 1459468.63, 0.41212
139267.07, 1459687.58, 0.41212
139227.29, 1459628.12, 0.41212
139854.57, 1459860.57, 0.41212
139859.54, 1459930.15, 0.41212
139428.97, 1459385.76, 0.41212
139423.72, 1459955.27, 0.41212
139142.87, 1459823.29, 0.41212
139301.12, 1459323.72, 0.41212
139918.66, 1459711.49, 0.41212
139927.07, 1459568.78, 0.41212
139492.16, 1459856.19, 0.41212
139145.21, 1459866.65, 0.41212
139916.64, 1459873.57, 0.41212
139474.61, 1459332.13, 0.41212
139775.94, 1459291.8, 0.41212
139123.08, 1459652.5, 0.41212
139507.3, 1459751.6, 0.41212
139476.11, 1459371.28, 0.41212
139617.94, 1459425.88, 0.41212
139673.73, 1459534.19, 0.41212
139299.98, 1459524.98, 0.41212
137323.2, 1459640.92, 0.41106
137671.9, 1459744.96, 0.41106
137385.81, 1459859.39, 0.41106
137539.83, 1459938.59, 0.41106
137573.71, 1459789.79, 0.41106
137333.55, 1459700.81, 0.41106
137765.68, 1459720.99, 0.41106
137598.81, 1459279.52, 0.41106
137319.04, 1459886.09, 0.41106
137386.39, 1459739.84, 0.41106
137748.62, 1459734.24, 0.41106
137349.19, 1459844.64, 0.41106
137666.11, 1459716.77, 0.41106
137326.53, 1459760.5, 0.41106
135941.51, 1456291.28, 0.43082
135712.52, 1456189.02, 0.43082
135888.38, 1456195.31, 0.43082
135766.2, 1456109.58, 0.43082
135976.64, 1456325.05, 0.43082
138717.71, 1456671.65, 0.40287
138614.16, 1456583.91, 0.40287
138675.51, 1456531.03, 0.40287
138752.85, 1456774.66, 0.40287
138469.58, 1456400.34, 0.40287
138840.63, 1456567.78, 0.40287
138840.87, 1456717.97, 0.40287
138577.85, 1456784.21, 0.40287
138746.38, 1456493.34, 0.40287
138525.87, 1456563.91, 0.40287
138326.06, 1456889.9, 0.40287
138375.4, 1456925.2, 0.40287
138715.87, 1456698.88, 0.40287
138681.6, 1456612.99, 0.40287
138279.22, 1456946.83, 0.40287
138533.4, 1456908.13, 0.40287
138751.34, 1456712.24, 0.40287
138768.23, 1456751.6, 0.40287
138463.52, 1456369.18, 0.40287
138846.94, 1456782.71, 0.40287
139374.32, 1456309.58, 0.46186
139822.54, 1456762.66, 0.46186
136791.75, 1456655.02, 0.43572
136944.04, 1456776.8, 0.43572
136092.13, 1456086.33, 0.43572
136873.61, 1456563.03, 0.43572
137094.66, 1456505.37, 0.40464
137107.77, 1456289.45, 0.40464
137922.34, 1456932.98, 0.40464
137058.13, 1456527.77, 0.40464
137653.86, 1456942.51, 0.40464
137420.04, 1456210.69, 0.40464
137280.91, 1456447.92, 0.40464
137837.32, 1456953.85, 0.40464
137410.04, 1456265.02, 0.40464
137868.75, 1456926.65, 0.40464
137242.74, 1456077.11, 0.40464
137969.19, 1456129.59, 0.40464
137815.11, 1456984.34, 0.40464
137917.25, 1456979.26, 0.40464
137199.9, 1456370.84, 0.40464
137216.8, 1456492.72, 0.40464
137853.29, 1456984.17, 0.40464
137204.69, 1456518.75, 0.40464
137256.6, 1456496.97, 0.40464
135785.05, 1455592.05, 0.60094
135864.36, 1455559.13, 0.60094
138834.45, 1455092.97, 0.45052
138795.08, 1455150.44, 0.45052
139439.79, 1455281.43, 0.43298
139603.8, 1455080.46, 0.43298
139482.43, 1455272.96, 0.43298
139558.46, 1455073.78, 0.43298
139550.18, 1455253.63, 0.43298
136272.57, 1455061.2, 0.42718
136820.84, 1455097.23, 0.42718
137302.24, 1455237.59, 0.40518
137396.81, 1455752.55, 0.40518
137358.38, 1455768.87, 0.40518
137245.58, 1455802.75, 0.40518
137101.17, 1455854.02, 0.40518
137147.97, 1455881.84, 0.40518
137350.93, 1455267.24, 0.40518
137179.95, 1455858.19, 0.40518
137279.68, 1455797.44, 0.40518
137701.34, 1455580.63, 0.40518
137370.45, 1455170.71, 0.40518
137164.42, 1455868.11, 0.40518
137292.88, 1455781.76, 0.40518
137412.01, 1455719.47, 0.40518
137736.58, 1455537.94, 0.40518
137647.88, 1455210.32, 0.40518
137822.73, 1455391.98, 0.40518
137368.66, 1455790.25, 0.40518
137335.61, 1455787.02, 0.40518
138355.5, 1458545.85, 0.63716
139685.81, 1458728.57, 0.60184
139803.16, 1458846.18, 0.60184
137911.61, 1458609.69, 0.48103
135836.44, 1457112.14, 0.44803
135267.26, 1457416.92, 0.44803
138252.54, 1457718.58, 0.44066
138054.25, 1457534.67, 0.44066
138318.81, 1457024.07, 0.44066
138183.1, 1457574.2, 0.44066
138351.8, 1457669.07, 0.44066
138226.57, 1457766.27, 0.44066
138225.28, 1457055.72, 0.44066
136879.88, 1457636.83, 0.6312
136760.29, 1457656.94, 0.6312
136713.99, 1457589.2, 0.6312
136934.03, 1457713.56, 0.6312
136929.38, 1457639.82, 0.6312
137171.75, 1457645.32, 0.42957
137106.04, 1457586.03, 0.42957
137189.78, 1457589.32, 0.42957
137092.27, 1457289.94, 0.42957
137257.02, 1457656.71, 0.42957
137407.54, 1457460.86, 0.42957
137062.9, 1457537.77, 0.42957
137352.8, 1457886.13, 0.42957
137060.09, 1457282.48, 0.42957
137332.17, 1457263.06, 0.42957
137796.39, 1457059.64, 0.42957
137383.57, 1457907.75, 0.42957
137022.68, 1457630.51, 0.42957
137253.14, 1457483.5, 0.42957
137916.02, 1457623.2, 0.42957
137205.07, 1457528.33, 0.42957
137890.79, 1457485.32, 0.42957
137649.42, 1457541.65, 0.42957
137021.27, 1457737.82, 0.42957
137206.88, 1457550.35, 0.42957
137060.01, 1457733.76, 0.42957
