170667.45, 1414708.48, 0.41624
170826.66, 1414419.66, 0.41624
170838.16, 1414287.73, 0.41624
170543.23, 1414187.0, 0.41624
170574.87, 1414165.79, 0.41624
170575.8, 1414127.98, 0.41624
170273.21, 1414274.1, 0.41624
170064.28, 1414029.95, 0.41624
170760.55, 1414910.04, 0.41624
170869.49, 1414879.39, 0.41624
170452.85, 1414618.87, 0.41624
170938.11, 1414288.24, 0.41624
170647.15, 1414055.71, 0.41624
170667.52, 1414971.26, 0.41624
170140.85, 1414881.65, 0.41624
170898.53, 1414580.58, 0.41624
170623.01, 1414105.59, 0.41624
170815.37, 1414602.1, 0.41624
170671.58, 1414699.55, 0.41624
170683.17, 1414689.46, 0.41624
173389.99, 1414855.37, 0.74676
174706.62, 1414321.22, 0.41011
174704.57, 1414276.12, 0.41011
174450.44, 1414226.46, 0.41011
174469.78, 1414283.4, 0.41011
174110.11, 1414951.47, 0.41011
174204.72, 1414016.77, 0.41011
174920.09, 1414217.34, 0.41011
171832.1, 1414641.19, 0.41328
171716.34, 1414566.1, 0.41328
171165.01, 1414668.54, 0.41328
171790.63, 1414083.5, 0.41328
171761.02, 1414634.31, 0.41328
171846.7, 1414235.63, 0.41328
171741.09, 1414224.82, 0.41328
171032.22, 1414427.2, 0.41328
171433.01, 1414742.52, 0.41328
171970.64, 1414768.93, 0.41328
171180.87, 1414920.59, 0.41328
171927.71, 1414049.41, 0.41328
171096.24, 1414702.02, 0.41328
171105.01, 1414515.44, 0.41328
171599.7, 1414801.42, 0.41328
171241.86, 1414812.42, 0.41328
171867.3, 1414613.22, 0.41328
171816.16, 1414216.49, 0.41328
171263.95, 1414944.68, 0.41328
171170.02, 1414932.63, 0.41328
172453.25, 1414770.61, 0.49644
172589.54, 1414873.02, 0.49644
172539.36, 1414842.86, 0.49644
172621.51, 1414827.58, 0.49644
172594.46, 1414825.75, 0.49644
172483.09, 1414728.91, 0.49644
170431.39, 1411043.83, 0.63673
170735.25, 1411960.6, 0.63673
170133.69, 1411865.39, 0.63673
173844.33, 1411153.59, 0.50799
173489.28, 1411075.92, 0.50799
173792.68, 1411427.36, 0.50799
174316.16, 1411789.0, 0.42195
174275.14, 1411746.13, 0.42195
174338.14, 1411516.62, 0.42195
174224.93, 1411204.82, 0.42195
174360.5, 1411152.06, 0.42195
174216.94, 1411237.91, 0.42195
174183.43, 1411021.15, 0.42195
174689.66, 1411764.86, 0.42195
174239.21, 1411233.08, 0.42195
171851.28, 1411929.64, 0.44111
171883.19, 1411887.72, 0.44111
171838.47, 1411489.19, 0.44111
171964.66, 1411890.4, 0.44111
171848.89, 1411404.33, 0.44111
171876.58, 1411466.64, 0.44111
172018.45, 1411329.35, 0.50963
172273.88, 1411152.5, 0.50963
170280.14, 1410901.94, 0.41638
170295.16, 1410919.56, 0.41638
173873.18, 1410397.36, 0.40398
173783.85, 1410360.8, 0.40398
174624.13, 1410749.05, 0.52433
174830.19, 1410834.59, 0.52433
174495.78, 1410468.68, 0.52433
174541.54, 1410609.06, 0.52433
171324.57, 1410342.31, 0.45337
172265.03, 1410789.22, 0.44564
172553.52, 1410840.92, 0.44564
170103.29, 1413843.43, 0.46226
170795.0, 1413447.16, 0.46226
170730.03, 1413136.46, 0.46226
170892.49, 1413866.6, 0.46226
170315.02, 1413106.31, 0.46226
170132.01, 1413647.39, 0.46226
170614.2, 1413956.47, 0.46226
170744.98, 1413115.69, 0.46226
170837.91, 1413311.78, 0.46226
173096.43, 1413125.8, 0.42354
173875.16, 1413141.35, 0.42354
173163.82, 1413062.69, 0.42354
173138.27, 1413557.17, 0.42354
173310.61, 1413793.83, 0.42354
173083.47, 1413315.33, 0.42354
173817.59, 1413169.52, 0.42354
173126.42, 1413493.25, 0.42354
173928.63, 1413068.67, 0.42354
174432.95, 1413291.17, 0.40651
174167.17, 1413823.77, 0.40651
174367.6, 1413307.85, 0.40651
174447.65, 1413498.97, 0.40651
174830.21, 1413856.59, 0.40651
174430.58, 1413328.93, 0.40651
174274.05, 1413935.91, 0.40651
174204.07, 1413832.66, 0.40651
174396.73, 1413378.16, 0.40651
174284.14, 1413082.7, 0.40651
171817.45, 1413562.5, 0.56206
171312.85, 1413287.16, 0.56206
172698.89, 1413236.25, 0.62321
172638.63, 1413431.88, 0.62321
172750.79, 1413324.27, 0.62321
172623.82, 1413520.22, 0.62321
172723.61, 1413180.65, 0.62321
170754.1, 1412201.37, 0.41281
170280.6, 1412607.68, 0.41281
170705.28, 1412155.11, 0.41281
170024.84, 1412702.54, 0.41281
170650.39, 1412028.92, 0.41281
170173.31, 1412440.33, 0.41281
170589.77, 1412041.95, 0.41281
173409.35, 1412794.89, 0.42127
173384.97, 1412396.27, 0.42127
173321.18, 1412362.9, 0.42127
173931.14, 1412913.07, 0.42127
173307.95, 1412694.71, 0.42127
173146.9, 1412341.59, 0.42127
173486.56, 1412830.39, 0.42127
173292.81, 1412313.6, 0.42127
173098.51, 1412934.2, 0.42127
173110.73, 1412951.48, 0.42127
174891.67, 1412581.02, 0.6739
174104.4, 1412934.87, 0.6739
171805.78, 1412264.13, 0.40799
171642.36, 1412706.37, 0.40799
171917.71, 1412751.25, 0.40799
171890.59, 1412731.69, 0.40799
171723.51, 1412750.62, 0.40799
171652.21, 1412417.05, 0.40799
171757.07, 1412838.67, 0.40799
171667.64, 1412681.04, 0.40799
171905.96, 1412926.02, 0.40799
171926.33, 1412898.69, 0.40799
171815.21, 1412325.75, 0.40799
171931.67, 1412878.34, 0.40799
171680.72, 1412713.06, 0.40799
171819.94, 1412351.87, 0.40799
172952.96, 1412944.44, 0.40217
172285.69, 1412801.78, 0.40217
172588.18, 1412092.04, 0.40217
172983.93, 1412955.58, 0.40217
172443.26, 1412661.73, 0.40217
172162.62, 1412940.86, 0.40217
172095.17, 1412748.05, 0.40217
172985.5, 1412914.84, 0.40217
172339.97, 1412275.02, 0.40217
