145357.18, 1384308.73, 0.62842
145300.67, 1384159.0, 0.62842
145266.13, 1384299.24, 0.62842
145267.9, 1384078.09, 0.62842
148460.5, 1384855.22, 0.40847
148597.42, 1384494.9, 0.40847
148148.84, 1384715.55, 0.40847
148781.94, 1384528.99, 0.40847
148616.29, 1384257.85, 0.40847
148960.34, 1384924.91, 0.40847
148176.28, 1384515.72, 0.40847
148787.15, 1384813.6, 0.40847
148765.5, 1384689.42, 0.40847
148657.99, 1384810.89, 0.40847
148246.77, 1384631.21, 0.40847
149623.23, 1384853.05, 0.47267
149821.95, 1384865.14, 0.47267
149656.34, 1384943.14, 0.47267
149720.84, 1384938.4, 0.47267
149734.51, 1384882.05, 0.47267
146454.43, 1384253.4, 0.41565
146663.96, 1384026.49, 0.41565
146098.85, 1384474.25, 0.41565
146579.01, 1384084.54, 0.41565
146118.53, 1384485.81, 0.41565
146438.51, 1384299.44, 0.41565
146414.3, 1384390.71, 0.41565
147107.66, 1384851.1, 0.42507
147330.11, 1384415.12, 0.42507
147680.5, 1384373.65, 0.42507
147912.76, 1384792.45, 0.42507
147424.36, 1384873.52, 0.42507
147317.56, 1384496.05, 0.42507
147103.24, 1384892.14, 0.42507
147078.07, 1384786.34, 0.42507
147940.83, 1384652.25, 0.42507
147151.01, 1384847.09, 0.42507
147046.54, 1384836.49, 0.42507
147172.84, 1384874.6, 0.42507
147479.86, 1384446.95, 0.42507
147148.33, 1384873.23, 0.42507
147901.29, 1384822.23, 0.42507
147239.91, 1384981.72, 0.42507
147291.96, 1384951.21, 0.42507
145741.55, 1381102.27, 0.41724
145329.89, 1381934.26, 0.41724
145916.26, 1381270.31, 0.41724
145873.01, 1381878.19, 0.41724
145728.01, 1381189.38, 0.41724
145713.1, 1381027.24, 0.41724
145140.89, 1381086.75, 0.41724
145293.85, 1381037.31, 0.41724
145331.42, 1381420.9, 0.41724
145057.82, 1381192.51, 0.41724
145967.94, 1381046.31, 0.41724
145479.78, 1381056.38, 0.41724
145593.67, 1381064.65, 0.41724
145443.86, 1381955.42, 0.41724
145832.72, 1381983.04, 0.41724
145863.31, 1381933.74, 0.41724
145727.02, 1381906.67, 0.41724
145681.03, 1381240.7, 0.41724
145842.12, 1381914.79, 0.41724
145822.75, 1381888.51, 0.41724
145892.0, 1381918.2, 0.41724
145176.96, 1381108.42, 0.41724
145902.2, 1381885.16, 0.41724
145517.48, 1381367.51, 0.41724
145507.24, 1381409.3, 0.41724
145829.35, 1381954.45, 0.41724
145908.12, 1381974.16, 0.41724
148754.1, 1381343.11, 0.40498
148808.24, 1381413.08, 0.40498
148841.66, 1381314.98, 0.40498
148764.69, 1381328.37, 0.40498
148663.16, 1381343.61, 0.40498
148490.22, 1381358.03, 0.40498
148480.36, 1381014.73, 0.40498
148773.71, 1381516.63, 0.40498
148761.2, 1381332.28, 0.40498
149756.72, 1381215.75, 0.47309
149336.71, 1381087.78, 0.47309
149360.74, 1381125.2, 0.47309
149375.08, 1381049.97, 0.47309
149648.95, 1381270.93, 0.47309
149607.08, 1381273.93, 0.47309
149697.92, 1381249.03, 0.47309
149595.36, 1381251.1, 0.47309
149791.33, 1381267.3, 0.47309
149523.5, 1381234.94, 0.47309
149406.57, 1381713.35, 0.47309
149436.47, 1381685.4, 0.47309
149405.68, 1381193.21, 0.47309
146223.71, 1381039.9, 0.40235
146859.1, 1381094.38, 0.40235
146562.43, 1381503.95, 0.40235
146093.14, 1381111.17, 0.40235
146452.94, 1381024.09, 0.40235
146357.63, 1381179.12, 0.40235
146489.23, 1381525.75, 0.40235
146875.87, 1381188.33, 0.40235
146817.38, 1381168.22, 0.40235
146936.79, 1381207.32, 0.40235
146533.15, 1381955.63, 0.40235
146586.95, 1381506.52, 0.40235
147838.02, 1381273.24, 0.41883
147396.84, 1381087.92, 0.41883
147309.57, 1381071.95, 0.41883
147067.35, 1381049.26, 0.41883
145644.65, 1380560.51, 0.47782
145214.99, 1380658.59, 0.47782
145570.39, 1380607.55, 0.47782
145967.86, 1380927.24, 0.47782
145238.34, 1380686.47, 0.47782
145324.01, 1380915.55, 0.47782
145487.9, 1380959.98, 0.47782
145441.16, 1380901.16, 0.47782
145048.42, 1380753.77, 0.47782
145932.53, 1380937.69, 0.47782
145418.37, 1380974.84, 0.47782
145439.46, 1380563.72, 0.47782
145224.31, 1380602.66, 0.47782
145979.05, 1380886.91, 0.47782
145213.29, 1380579.74, 0.47782
145602.22, 1380493.15, 0.47782
145317.45, 1380625.42, 0.47782
145871.01, 1380900.81, 0.47782
145928.22, 1380914.62, 0.47782
145531.97, 1380964.96, 0.47782
145652.93, 1380587.3, 0.47782
145141.41, 1380470.99, 0.47782
145250.7, 1380656.85, 0.47782
145615.75, 1380529.54, 0.47782
145180.12, 1380601.62, 0.47782
148225.18, 1380098.08, 0.4123
148110.09, 1380877.6, 0.4123
148366.53, 1380540.63, 0.4123
148235.95, 1380865.86, 0.4123
148292.01, 1380953.11, 0.4123
148181.91, 1380682.17, 0.4123
148036.17, 1380831.5, 0.4123
148120.56, 1380820.88, 0.4123
148048.09, 1380236.92, 0.4123
148028.81, 1380288.15, 0.4123
148914.25, 1380093.47, 0.4123
148061.2, 1380062.78, 0.4123
148340.05, 1380718.2, 0.4123
148081.86, 1380514.57, 0.4123
148276.4, 1380541.18, 0.4123
148415.1, 1380105.4, 0.4123
148404.03, 1380286.82, 0.4123
148076.71, 1380448.68, 0.4123
148513.04, 1380277.87, 0.4123
148686.51, 1380742.13, 0.4123
148427.03, 1380881.93, 0.4123
148260.8, 1380316.55, 0.4123
148371.78, 1380047.17, 0.4123
148062.0, 1380496.5, 0.4123
148026.08, 1380778.79, 0.4123
148307.97, 1380811.88, 0.4123
148234.34, 1380249.11, 0.4123
148595.4, 1380949.06, 0.4123
148301.92, 1380543.53, 0.4123
148303.19, 1380938.59, 0.4123
148391.23, 1380811.5, 0.4123
148056.95, 1380459.75, 0.4123
148062.54, 1380744.94, 0.4123
149069.08, 1380879.17, 0.54894
149379.74, 1380952.69, 0.54894
149331.98, 1380407.37, 0.54894
149735.39, 1380930.23, 0.54894
149024.47, 1380838.35, 0.54894
149300.13, 1380932.84, 0.54894
149320.06, 1380981.02, 0.54894
146671.68, 1380950.03, 0.56355
146234.33, 1380888.09, 0.56355
146254.05, 1380905.2, 0.56355
146179.96, 1380935.46, 0.56355
146267.15, 1380869.75, 0.56355
146491.09, 1380864.79, 0.56355
146168.36, 1380966.96, 0.56355
146548.8, 1380931.58, 0.56355
146477.62, 1380824.02, 0.56355
147665.5, 1380311.28, 0.42985
147665.45, 1380596.37, 0.42985
147935.26, 1380250.78, 0.42985
147462.58, 1380089.83, 0.42985
147799.53, 1380312.71, 0.42985
147877.48, 1380379.72, 0.42985
147268.25, 1380633.48, 0.42985
147215.6, 1380650.1, 0.42985
147777.04, 1380119.13, 0.42985
147113.59, 1380598.43, 0.42985
147694.23, 1380772.66, 0.42985
147239.13, 1380504.3, 0.42985
147964.93, 1380334.37, 0.42985
147934.89, 1380327.49, 0.42985
147245.07, 1380581.29, 0.42985
147743.29, 1380758.44, 0.42985
147750.89, 1380251.98, 0.42985
147397.72, 1380364.96, 0.42985
147125.01, 1380040.09, 0.42985
147168.3, 1380561.49, 0.42985
147835.89, 1380098.01, 0.42985
147858.92, 1380291.46, 0.42985
147873.41, 1380103.0, 0.42985
147595.67, 1380449.77, 0.42985
147611.62, 1380842.35, 0.42985
147603.89, 1380745.76, 0.42985
147513.77, 1380649.6, 0.42985
147121.47, 1380653.49, 0.42985
147165.51, 1380522.73, 0.42985
147616.51, 1380744.6, 0.42985
145172.76, 1383546.83, 0.58397
145432.77, 1383581.18, 0.58397
145161.84, 1383874.49, 0.58397
145192.3, 1383918.74, 0.58397
145160.86, 1383658.45, 0.58397
145165.01, 1383715.52, 0.58397
145078.29, 1383785.98, 0.58397
145090.13, 1383572.51, 0.58397
145260.42, 1383779.4, 0.58397
145240.88, 1383604.84, 0.58397
148261.51, 1383364.41, 0.42011
148317.39, 1383480.79, 0.42011
148448.34, 1383889.49, 0.42011
148451.65, 1383805.72, 0.42011
148058.61, 1383408.89, 0.42011
148085.43, 1383498.62, 0.42011
148826.38, 1383570.7, 0.42011
148411.24, 1383814.55, 0.42011
148403.43, 1383748.27, 0.42011
148036.92, 1383706.8, 0.42011
148344.35, 1383921.91, 0.42011
148477.15, 1383717.95, 0.42011
148724.92, 1383597.17, 0.42011
148277.5, 1383442.48, 0.42011
148389.26, 1383722.42, 0.42011
148397.76, 1383667.02, 0.42011
148206.89, 1383361.45, 0.42011
149156.57, 1383869.83, 0.42136
149932.56, 1383735.22, 0.42136
149070.45, 1383852.78, 0.42136
149093.86, 1383945.59, 0.42136
149035.36, 1383883.8, 0.42136
149352.6, 1383922.31, 0.42136
149537.29, 1383944.99, 0.42136
149434.95, 1383877.4, 0.42136
149089.09, 1383877.38, 0.42136
149184.23, 1383891.95, 0.42136
146818.88, 1383416.05, 0.54705
146885.98, 1383282.17, 0.54705
146689.58, 1383516.22, 0.54705
146505.03, 1383534.86, 0.54705
146481.97, 1383423.99, 0.54705
146837.5, 1383282.23, 0.54705
147669.18, 1383636.95, 0.40664
147927.34, 1383279.79, 0.40664
147678.0, 1383937.51, 0.40664
147731.15, 1383512.31, 0.40664
147660.41, 1383582.98, 0.40664
147881.7, 1383436.06, 0.40664
147617.1, 1383766.44, 0.40664
147123.15, 1383236.59, 0.40664
147863.45, 1383791.21, 0.40664
147701.85, 1383614.0, 0.40664
147667.02, 1383687.44, 0.40664
147492.98, 1383732.61, 0.40664
147757.21, 1383588.08, 0.40664
147912.81, 1383393.67, 0.40664
147694.7, 1383646.92, 0.40664
147593.51, 1383545.32, 0.40664
147628.44, 1383848.22, 0.40664
147701.9, 1383572.45, 0.40664
147558.62, 1383744.02, 0.40664
147762.51, 1383493.16, 0.40664
147683.29, 1383725.91, 0.40664
147920.33, 1383763.95, 0.40664
147583.05, 1383874.76, 0.40664
147162.52, 1383079.49, 0.40664
147786.6, 1383785.06, 0.40664
147947.88, 1383490.35, 0.40664
147830.73, 1383630.6, 0.40664
147584.29, 1383523.18, 0.40664
147630.48, 1383492.0, 0.40664
147882.71, 1383500.1, 0.40664
147031.94, 1383023.37, 0.40664
147652.97, 1383615.81, 0.40664
147982.39, 1383592.92, 0.40664
147895.9, 1383536.54, 0.40664
147298.74, 1383556.54, 0.40664
147475.58, 1383812.04, 0.40664
147681.09, 1383640.83, 0.40664
147531.89, 1383896.82, 0.40664
147511.49, 1383754.8, 0.40664
147931.04, 1383742.49, 0.40664
147730.95, 1383453.87, 0.40664
147073.3, 1383244.84, 0.40664
147979.43, 1383497.79, 0.40664
147929.64, 1383467.33, 0.40664
147975.98, 1383254.88, 0.40664
147159.35, 1383043.43, 0.40664
147559.38, 1383891.97, 0.40664
147535.28, 1383678.08, 0.40664
145933.53, 1382096.37, 0.42313
145183.78, 1382092.62, 0.42313
145308.33, 1382744.2, 0.42313
145247.76, 1382349.37, 0.42313
145048.72, 1382144.14, 0.42313
145487.49, 1382151.19, 0.42313
145114.36, 1382540.08, 0.42313
145435.86, 1382126.28, 0.42313
145221.57, 1382500.08, 0.42313
145317.72, 1382419.99, 0.42313
145496.06, 1382279.43, 0.42313
145726.23, 1382189.66, 0.42313
145857.57, 1382041.18, 0.42313
145800.14, 1382200.51, 0.42313
145607.0, 1382051.93, 0.42313
145177.67, 1382155.24, 0.42313
145073.33, 1382440.77, 0.42313
145211.39, 1382461.23, 0.42313
145971.84, 1382107.62, 0.42313
145382.65, 1382155.94, 0.42313
148846.05, 1382879.42, 0.44265
148418.28, 1382541.67, 0.44265
148803.05, 1382237.48, 0.44265
148368.1, 1382255.79, 0.44265
148936.74, 1382512.7, 0.44265
148737.07, 1382442.14, 0.44265
148292.4, 1382227.89, 0.44265
148890.17, 1382887.0, 0.44265
148805.35, 1382262.52, 0.44265
148699.52, 1382429.82, 0.44265
148550.66, 1382753.95, 0.44265
148759.68, 1382576.03, 0.44265
148394.43, 1382479.3, 0.44265
148330.71, 1382363.69, 0.44265
148493.71, 1382790.59, 0.44265
148347.01, 1382267.05, 0.44265
148356.17, 1382283.07, 0.44265
148223.11, 1382307.89, 0.44265
149105.89, 1382407.9, 0.4625
149551.04, 1382090.74, 0.4625
149179.05, 1382457.36, 0.4625
149260.18, 1382117.86, 0.4625
146870.67, 1382082.21, 0.53557
146459.77, 1382105.84, 0.53557
147702.57, 1382212.35, 0.40428
147688.54, 1382285.85, 0.40428
147670.09, 1382203.16, 0.40428
147661.01, 1382119.0, 0.40428
147072.38, 1382935.94, 0.40428
147593.87, 1382057.01, 0.40428
147877.34, 1382133.64, 0.40428
147918.18, 1382710.56, 0.40428
147069.97, 1382964.65, 0.40428
147863.14, 1382183.16, 0.40428
