125393.26, 1474382.82, 0.4007
125678.6, 1474708.76, 0.4007
125359.85, 1474219.06, 0.4007
125348.08, 1474083.2, 0.4007
125310.09, 1474355.14, 0.4007
125364.63, 1474686.15, 0.4007
125371.51, 1474247.67, 0.4007
125091.23, 1474390.6, 0.4007
125127.95, 1474671.3, 0.4007
125646.8, 1474748.42, 0.4007
125264.04, 1474361.55, 0.4007
125904.78, 1474801.95, 0.4007
125217.58, 1474239.98, 0.4007
125727.03, 1474728.56, 0.4007
125151.12, 1474387.17, 0.4007
125753.64, 1474754.92, 0.4007
125167.03, 1474669.64, 0.4007
125245.05, 1474321.71, 0.4007
125332.31, 1474478.18, 0.4007
125184.85, 1474359.73, 0.4007
125631.07, 1474784.9, 0.4007
125514.97, 1474347.71, 0.4007
125316.65, 1474567.58, 0.4007
125710.37, 1474693.16, 0.4007
125274.52, 1474698.31, 0.4007
125431.49, 1474341.78, 0.4007
125356.41, 1474658.85, 0.4007
125540.44, 1474674.19, 0.4007
125512.52, 1474696.15, 0.4007
125144.73, 1474452.06, 0.4007
125222.32, 1474283.15, 0.4007
125191.85, 1474224.35, 0.4007
125300.53, 1474608.92, 0.4007
125149.33, 1474242.2, 0.4007
125452.29, 1474363.62, 0.4007
125132.12, 1474729.49, 0.4007
125277.67, 1474400.57, 0.4007
125051.24, 1474493.71, 0.4007
125311.35, 1474314.97, 0.4007
125690.71, 1474855.81, 0.4007
125248.42, 1474229.42, 0.4007
125079.81, 1474446.61, 0.4007
125222.06, 1474327.46, 0.4007
125818.47, 1474766.16, 0.4007
125425.94, 1474703.03, 0.4007
125530.29, 1474414.83, 0.4007
125292.98, 1474362.02, 0.4007
125295.95, 1474266.78, 0.4007
125059.74, 1474411.57, 0.4007
125471.91, 1474400.48, 0.4007
125458.06, 1474677.1, 0.4007
125073.68, 1474241.59, 0.4007
125177.83, 1474245.95, 0.4007
125054.91, 1474706.9, 0.4007
125555.8, 1474431.92, 0.4007
125080.47, 1474267.42, 0.4007
125054.74, 1474343.25, 0.4007
125710.52, 1474803.84, 0.4007
125665.86, 1474079.38, 0.4007
125297.52, 1474231.13, 0.4007
125873.59, 1474744.56, 0.4007
125505.93, 1474450.59, 0.4007
125306.65, 1474691.7, 0.4007
125289.48, 1474625.65, 0.4007
125502.86, 1474470.42, 0.4007
125029.61, 1474264.87, 0.4007
125176.44, 1474283.07, 0.4007
125329.26, 1474377.17, 0.4007
125603.16, 1474718.69, 0.4007
125376.27, 1474105.86, 0.4007
125973.21, 1474853.55, 0.4007
125730.45, 1474703.82, 0.4007
125031.56, 1474288.21, 0.4007
125500.92, 1474730.32, 0.4007
125201.73, 1474342.99, 0.4007
125551.8, 1474538.73, 0.4007
125255.53, 1474684.79, 0.4007
125749.09, 1474892.83, 0.4007
125331.37, 1474208.58, 0.4007
125025.06, 1474902.34, 0.4007
125652.61, 1474095.25, 0.4007
125043.03, 1474474.74, 0.4007
125565.9, 1474416.7, 0.4007
125615.85, 1474012.73, 0.4007
125017.43, 1474498.54, 0.4007
125017.45, 1474927.07, 0.4007
125287.37, 1474329.05, 0.4007
125423.83, 1474582.03, 0.4007
125897.89, 1474740.62, 0.4007
125681.01, 1474056.07, 0.4007
125784.98, 1474839.19, 0.4007
125637.52, 1474911.43, 0.4007
125104.19, 1474234.65, 0.4007
125402.08, 1474045.69, 0.4007
125547.59, 1474355.19, 0.4007
128363.84, 1474700.24, 0.40014
128162.94, 1474245.2, 0.40014
128236.56, 1474389.21, 0.40014
128107.56, 1474847.82, 0.40014
128171.1, 1474138.19, 0.40014
128443.81, 1474635.88, 0.40014
128061.37, 1474436.48, 0.40014
128112.38, 1474260.76, 0.40014
128092.69, 1474321.46, 0.40014
128153.52, 1474744.67, 0.40014
128473.94, 1474490.4, 0.40014
128394.58, 1474046.65, 0.40014
128258.67, 1474209.88, 0.40014
128902.99, 1474258.81, 0.40014
128229.77, 1474165.1, 0.40014
128175.46, 1474964.26, 0.40014
128103.71, 1474109.49, 0.40014
128651.87, 1474582.38, 0.40014
128334.16, 1474145.86, 0.40014
128634.21, 1474749.5, 0.40014
128810.39, 1474561.28, 0.40014
128219.96, 1474764.09, 0.40014
128170.76, 1474708.06, 0.40014
128071.03, 1474309.62, 0.40014
128382.41, 1474612.55, 0.40014
128386.09, 1474518.04, 0.40014
128554.78, 1474076.17, 0.40014
128146.37, 1474975.87, 0.40014
128453.27, 1474068.92, 0.40014
128891.04, 1474211.09, 0.40014
128572.85, 1474471.97, 0.40014
128099.54, 1474753.84, 0.40014
128918.23, 1474150.52, 0.40014
128351.61, 1474591.93, 0.40014
128694.02, 1474768.57, 0.40014
128280.35, 1474813.11, 0.40014
128932.28, 1474118.18, 0.40014
128149.84, 1474306.9, 0.40014
128233.2, 1474636.15, 0.40014
128556.82, 1474497.31, 0.40014
128787.09, 1474605.59, 0.40014
128567.54, 1474531.21, 0.40014
128633.72, 1474711.1, 0.40014
128137.19, 1474239.64, 0.40014
128793.25, 1474581.61, 0.40014
128567.07, 1474551.34, 0.40014
128181.59, 1474662.48, 0.40014
128314.76, 1474130.93, 0.40014
128946.91, 1474259.95, 0.40014
129401.38, 1474302.91, 0.41803
129861.28, 1474305.28, 0.41803
129327.2, 1474222.49, 0.41803
129283.26, 1474222.28, 0.41803
129937.39, 1474609.93, 0.41803
129186.18, 1474242.17, 0.41803
129263.98, 1474441.37, 0.41803
129143.25, 1474250.48, 0.41803
129250.09, 1474229.01, 0.41803
129502.95, 1474401.07, 0.41803
129824.49, 1474302.17, 0.41803
129140.22, 1474106.57, 0.41803
129966.93, 1474850.22, 0.41803
129120.88, 1474113.52, 0.41803
129364.64, 1474101.58, 0.41803
129392.22, 1474141.0, 0.41803
129586.86, 1474015.69, 0.41803
129117.48, 1474151.54, 0.41803
129420.29, 1474105.54, 0.41803
129818.56, 1474594.09, 0.41803
129081.19, 1474451.42, 0.41803
129370.77, 1474118.81, 0.41803
129168.49, 1474229.89, 0.41803
129478.2, 1474179.14, 0.41803
129306.46, 1474192.56, 0.41803
129363.94, 1474230.51, 0.41803
129935.6, 1474045.54, 0.41803
129349.51, 1474130.9, 0.41803
129744.01, 1474593.87, 0.41803
129833.05, 1474099.84, 0.41803
126321.23, 1474714.47, 0.40148
126329.5, 1474586.49, 0.40148
126676.62, 1474275.15, 0.40148
126316.49, 1474299.42, 0.40148
126199.63, 1474325.74, 0.40148
126816.22, 1474911.5, 0.40148
126337.97, 1474268.14, 0.40148
126269.91, 1474238.21, 0.40148
126230.17, 1474332.91, 0.40148
126280.84, 1474339.85, 0.40148
126925.83, 1474253.83, 0.40148
126393.34, 1474145.54, 0.40148
126256.4, 1474751.45, 0.40148
126823.86, 1474374.87, 0.40148
126121.25, 1474251.57, 0.40148
126161.21, 1474374.3, 0.40148
126371.93, 1474530.51, 0.40148
126102.44, 1474167.08, 0.40148
126162.68, 1474202.81, 0.40148
126167.35, 1474801.65, 0.40148
126942.47, 1474414.25, 0.40148
126741.18, 1474454.96, 0.40148
126273.29, 1474729.01, 0.40148
126597.36, 1474332.3, 0.40148
126771.59, 1474731.88, 0.40148
126592.48, 1474587.17, 0.40148
126240.81, 1474370.75, 0.40148
126281.17, 1474026.47, 0.40148
126974.13, 1474893.1, 0.40148
126090.92, 1474367.09, 0.40148
126349.07, 1474215.44, 0.40148
126698.17, 1474274.29, 0.40148
126286.77, 1474288.92, 0.40148
126145.59, 1474574.13, 0.40148
126422.86, 1474200.05, 0.40148
126147.8, 1474138.02, 0.40148
126475.59, 1474035.03, 0.40148
126726.22, 1474198.1, 0.40148
126374.93, 1474183.12, 0.40148
126085.89, 1474317.42, 0.40148
126632.1, 1474339.62, 0.40148
126773.04, 1474566.28, 0.40148
126968.98, 1474456.19, 0.40148
126973.02, 1474350.52, 0.40148
126320.62, 1474167.32, 0.40148
126962.86, 1474130.22, 0.40148
126325.31, 1474350.04, 0.40148
126401.96, 1474521.19, 0.40148
126274.12, 1474936.48, 0.40148
126142.19, 1474757.22, 0.40148
126623.34, 1474647.99, 0.40148
126465.94, 1474624.62, 0.40148
126080.09, 1474878.44, 0.40148
126370.43, 1474105.42, 0.40148
126154.29, 1474311.16, 0.40148
126251.14, 1474218.03, 0.40148
126981.43, 1474682.37, 0.40148
126579.24, 1474452.94, 0.40148
126111.98, 1474803.63, 0.40148
126394.75, 1474918.2, 0.40148
126958.17, 1474175.28, 0.40148
126106.05, 1474831.56, 0.40148
126733.97, 1474773.74, 0.40148
126439.94, 1474564.96, 0.40148
126654.71, 1474233.03, 0.40148
126343.13, 1474972.74, 0.40148
126320.84, 1474322.06, 0.40148
126953.74, 1474654.5, 0.40148
126935.96, 1474095.97, 0.40148
126860.21, 1474124.09, 0.40148
126356.35, 1474155.83, 0.40148
126243.77, 1474162.5, 0.40148
126428.67, 1474200.53, 0.40148
126418.07, 1474567.8, 0.40148
126461.95, 1474200.51, 0.40148
126634.29, 1474462.55, 0.40148
126323.34, 1474534.59, 0.40148
126493.69, 1474890.04, 0.40148
126636.48, 1474677.4, 0.40148
126058.16, 1474825.79, 0.40148
126716.14, 1474800.1, 0.40148
126459.07, 1474252.13, 0.40148
126492.75, 1474637.43, 0.40148
126438.48, 1474168.05, 0.40148
126266.38, 1474589.74, 0.40148
127142.8, 1474890.78, 0.40376
127677.7, 1474233.45, 0.40376
127300.16, 1474888.75, 0.40376
127857.29, 1474525.61, 0.40376
127945.45, 1474619.18, 0.40376
127388.57, 1474812.31, 0.40376
127217.4, 1474294.34, 0.40376
127254.35, 1474903.64, 0.40376
127725.67, 1474031.18, 0.40376
127328.3, 1474866.71, 0.40376
127917.67, 1474798.05, 0.40376
127048.62, 1474312.37, 0.40376
127886.19, 1474919.06, 0.40376
127486.67, 1474802.4, 0.40376
127057.11, 1474285.24, 0.40376
127814.8, 1474072.95, 0.40376
127448.08, 1474353.96, 0.40376
127052.8, 1474456.94, 0.40376
127245.71, 1474931.17, 0.40376
127381.58, 1474048.02, 0.40376
127165.23, 1474654.74, 0.40376
127907.83, 1474602.69, 0.40376
127075.06, 1474343.55, 0.40376
127330.31, 1474410.43, 0.40376
127102.49, 1474784.46, 0.40376
127908.95, 1474771.2, 0.40376
127819.77, 1474886.5, 0.40376
127936.11, 1474506.46, 0.40376
127452.1, 1474855.99, 0.40376
127840.45, 1474142.06, 0.40376
127432.0, 1474925.09, 0.40376
127864.59, 1474957.28, 0.40376
127301.51, 1474119.57, 0.40376
127149.28, 1474761.45, 0.40376
127475.17, 1474830.99, 0.40376
127369.76, 1474856.76, 0.40376
127535.16, 1474777.66, 0.40376
127170.51, 1474804.4, 0.40376
127129.08, 1474128.76, 0.40376
127087.71, 1474916.94, 0.40376
127867.89, 1474929.35, 0.40376
127365.15, 1474873.44, 0.40376
127161.56, 1474488.93, 0.40376
127034.19, 1474483.5, 0.40376
127051.02, 1474152.74, 0.40376
127196.42, 1474321.97, 0.40376
127913.93, 1474489.46, 0.40376
127823.45, 1474589.23, 0.40376
127770.11, 1474589.31, 0.40376
127053.43, 1474313.75, 0.40376
127762.18, 1474069.85, 0.40376
125474.22, 1471769.64, 0.40134
125134.36, 1471799.64, 0.40134
125366.21, 1471812.11, 0.40134
125046.72, 1471803.39, 0.40134
125275.37, 1471860.81, 0.40134
125096.07, 1471863.7, 0.40134
125602.17, 1471700.8, 0.40134
125349.38, 1471407.5, 0.40134
125449.59, 1471478.08, 0.40134
125112.82, 1471574.71, 0.40134
125394.04, 1471386.28, 0.40134
125417.92, 1471770.47, 0.40134
125770.22, 1471693.55, 0.40134
125120.51, 1471504.92, 0.40134
125117.14, 1471703.71, 0.40134
125966.89, 1471123.75, 0.40134
125754.85, 1471560.87, 0.40134
125272.97, 1471451.03, 0.40134
125255.81, 1471642.56, 0.40134
125076.79, 1471734.92, 0.40134
128712.46, 1471737.61, 0.50221
128203.47, 1471596.87, 0.50221
128210.26, 1471717.69, 0.50221
128289.48, 1471870.11, 0.50221
128192.19, 1471746.05, 0.50221
128745.53, 1471791.4, 0.50221
128424.7, 1471412.38, 0.50221
128233.12, 1471648.76, 0.50221
128930.09, 1471571.06, 0.50221
128862.23, 1471609.25, 0.50221
128206.07, 1471634.58, 0.50221
128237.8, 1471913.92, 0.50221
128240.47, 1471899.04, 0.50221
128612.94, 1471715.4, 0.50221
128335.8, 1471891.51, 0.50221
129079.84, 1471309.44, 0.42978
129069.77, 1471287.16, 0.42978
129050.78, 1471255.51, 0.42978
129044.01, 1471195.15, 0.42978
126360.58, 1471858.63, 0.4112
126443.66, 1471835.18, 0.4112
126325.5, 1471035.41, 0.4112
126682.04, 1471789.35, 0.4112
126246.04, 1471844.97, 0.4112
126082.14, 1471361.42, 0.4112
126023.0, 1471084.91, 0.4112
126835.87, 1471383.8, 0.4112
126569.82, 1471018.2, 0.4112
126959.3, 1471368.01, 0.4112
126037.24, 1471164.05, 0.4112
127841.33, 1471935.16, 0.40241
127313.02, 1471905.48, 0.40241
127464.25, 1471926.84, 0.40241
127367.61, 1471302.05, 0.40241
127302.71, 1471163.34, 0.40241
127569.79, 1471790.83, 0.40241
127521.95, 1471855.84, 0.40241
127540.89, 1471943.4, 0.40241
127352.19, 1471205.26, 0.40241
127324.13, 1471476.92, 0.40241
127462.31, 1471176.41, 0.40241
127348.47, 1471248.18, 0.40241
127302.38, 1471195.24, 0.40241
127460.86, 1471843.09, 0.40241
127508.36, 1471940.56, 0.40241
127082.2, 1471744.01, 0.40241
127495.7, 1471923.29, 0.40241
127384.96, 1471250.4, 0.40241
127286.67, 1471333.15, 0.40241
127112.52, 1471374.51, 0.40241
127309.46, 1471608.64, 0.40241
127777.15, 1471923.17, 0.40241
125939.32, 1470704.2, 0.42238
125259.7, 1470128.25, 0.42238
125338.9, 1470104.05, 0.42238
125832.17, 1470763.71, 0.42238
125797.95, 1470470.48, 0.42238
125964.84, 1470811.71, 0.42238
125179.72, 1470101.45, 0.42238
125858.44, 1470757.43, 0.42238
125250.34, 1470147.4, 0.42238
125752.31, 1470155.05, 0.42238
125086.68, 1470053.38, 0.42238
125210.29, 1470045.59, 0.42238
128966.44, 1470256.45, 0.47025
128826.81, 1470902.4, 0.47025
128796.23, 1470535.25, 0.47025
128644.0, 1470484.52, 0.47025
129027.63, 1470260.84, 0.51984
129157.74, 1470423.35, 0.51984
129125.8, 1470610.79, 0.51984
129180.48, 1470421.48, 0.51984
126940.94, 1470626.02, 0.40874
126880.79, 1470229.16, 0.40874
126918.04, 1470066.15, 0.40874
126648.82, 1470213.59, 0.40874
126933.41, 1470217.59, 0.40874
126436.05, 1470339.78, 0.40874
126890.52, 1470806.47, 0.40874
126139.12, 1470115.06, 0.40874
126129.94, 1470382.01, 0.40874
126949.41, 1470168.26, 0.40874
126052.39, 1470198.51, 0.40874
126264.46, 1470239.31, 0.40874
126934.74, 1470364.61, 0.40874
126733.98, 1470035.3, 0.40874
126906.28, 1470415.68, 0.40874
126911.82, 1470100.49, 0.40874
126393.11, 1470166.98, 0.40874
126950.57, 1470926.6, 0.40874
126945.52, 1470707.09, 0.40874
126482.64, 1470330.58, 0.40874
126846.16, 1470477.01, 0.40874
126959.26, 1470451.63, 0.40874
126883.72, 1470462.86, 0.40874
126203.33, 1470949.97, 0.40874
126935.22, 1470600.25, 0.40874
126968.66, 1470222.26, 0.40874
126946.25, 1470878.38, 0.40874
126849.65, 1470859.79, 0.40874
126400.34, 1470342.32, 0.40874
126395.39, 1470373.09, 0.40874
127236.55, 1470610.39, 0.40001
127331.84, 1470700.59, 0.40001
127275.99, 1470690.27, 0.40001
127591.49, 1470580.69, 0.40001
127505.07, 1470653.33, 0.40001
127668.12, 1470571.0, 0.40001
127149.81, 1470086.67, 0.40001
127182.72, 1470102.71, 0.40001
127224.63, 1470044.02, 0.40001
127446.89, 1470726.06, 0.40001
127359.38, 1470568.01, 0.40001
127309.74, 1470536.94, 0.40001
127735.44, 1470488.14, 0.40001
127442.05, 1470668.08, 0.40001
127070.4, 1470162.78, 0.40001
127099.59, 1470606.3, 0.40001
127635.76, 1470549.96, 0.40001
127087.42, 1470101.83, 0.40001
127132.34, 1470382.58, 0.40001
127328.69, 1470657.96, 0.40001
127383.69, 1470650.56, 0.40001
127056.22, 1470424.81, 0.40001
127088.79, 1470724.48, 0.40001
127693.42, 1470516.96, 0.40001
127560.28, 1470395.43, 0.40001
127056.1, 1470613.12, 0.40001
127055.18, 1470281.13, 0.40001
127025.59, 1470445.3, 0.40001
127047.84, 1470205.93, 0.40001
127112.32, 1470713.44, 0.40001
127202.94, 1470086.52, 0.40001
127438.31, 1470600.48, 0.40001
127043.82, 1470227.14, 0.40001
127293.09, 1470015.26, 0.40001
127368.86, 1470607.37, 0.40001
127088.02, 1470229.56, 0.40001
127116.33, 1470032.26, 0.40001
127299.09, 1470555.19, 0.40001
127540.46, 1470547.06, 0.40001
127083.34, 1470418.67, 0.40001
127577.67, 1470531.24, 0.40001
127271.21, 1470524.16, 0.40001
127087.44, 1470214.41, 0.40001
127596.41, 1470515.17, 0.40001
127492.34, 1470693.31, 0.40001
127571.18, 1470636.78, 0.40001
127132.51, 1470169.19, 0.40001
127323.41, 1470583.98, 0.40001
127659.02, 1470585.55, 0.40001
127282.12, 1470078.02, 0.40001
127300.83, 1470549.89, 0.40001
127043.27, 1470810.93, 0.40001
127026.07, 1470196.51, 0.40001
127066.89, 1470397.65, 0.40001
125440.23, 1473668.53, 0.40479
125602.68, 1473260.62, 0.40479
125625.08, 1473284.87, 0.40479
125666.96, 1473282.24, 0.40479
125709.15, 1473858.07, 0.40479
125438.4, 1473481.85, 0.40479
125742.05, 1473188.17, 0.40479
125732.78, 1473345.41, 0.40479
125623.99, 1473376.46, 0.40479
125830.81, 1473118.6, 0.40479
125704.46, 1473096.2, 0.40479
125560.56, 1473507.81, 0.40479
125493.74, 1473482.95, 0.40479
125862.24, 1473637.06, 0.40479
125853.56, 1473055.63, 0.40479
125431.75, 1473564.24, 0.40479
125613.48, 1473415.1, 0.40479
125813.5, 1473214.24, 0.40479
125772.38, 1473044.16, 0.40479
125587.52, 1473512.85, 0.40479
125542.14, 1473469.27, 0.40479
125586.51, 1473308.18, 0.40479
125712.79, 1473178.2, 0.40479
125957.3, 1473122.43, 0.40479
125505.91, 1473519.51, 0.40479
125825.72, 1473163.9, 0.40479
125636.6, 1473712.64, 0.40479
125850.52, 1473265.67, 0.40479
125519.25, 1473852.43, 0.40479
125647.83, 1473692.48, 0.40479
125691.25, 1473138.4, 0.40479
125880.44, 1473038.83, 0.40479
125598.86, 1473540.66, 0.40479
125822.28, 1473538.18, 0.40479
125550.98, 1473575.26, 0.40479
125405.27, 1473480.42, 0.40479
125460.59, 1473799.6, 0.40479
125795.22, 1473195.94, 0.40479
125889.64, 1473214.78, 0.40479
125456.64, 1473598.34, 0.40479
125464.71, 1473948.05, 0.40479
125520.23, 1473633.17, 0.40479
125807.48, 1473122.19, 0.40479
125714.39, 1473197.99, 0.40479
125656.84, 1473438.81, 0.40479
125520.27, 1473663.94, 0.40479
125691.34, 1473407.82, 0.40479
125481.05, 1473565.45, 0.40479
125546.77, 1473641.74, 0.40479
125437.53, 1473774.94, 0.40479
125526.9, 1473315.88, 0.40479
125458.31, 1473386.26, 0.40479
125861.93, 1473514.41, 0.40479
125667.6, 1473305.26, 0.40479
125699.36, 1473930.51, 0.40479
125610.55, 1473399.28, 0.40479
125980.97, 1473177.8, 0.40479
125661.76, 1473453.71, 0.40479
125867.96, 1473151.39, 0.40479
125901.31, 1473157.51, 0.40479
125848.88, 1473172.09, 0.40479
125533.05, 1473387.99, 0.40479
125779.71, 1473552.98, 0.40479
125594.6, 1473963.29, 0.40479
125537.12, 1473592.33, 0.40479
125868.02, 1473123.09, 0.40479
125810.19, 1473278.16, 0.40479
128641.56, 1473120.69, 0.40368
128046.65, 1473932.03, 0.40368
128051.13, 1473226.34, 0.40368
128224.43, 1473898.04, 0.40368
128352.89, 1473913.47, 0.40368
128661.6, 1473340.6, 0.40368
128400.58, 1473778.42, 0.40368
128432.95, 1473754.03, 0.40368
128260.07, 1473693.72, 0.40368
128105.78, 1473653.78, 0.40368
128689.91, 1473057.5, 0.40368
128216.56, 1473678.09, 0.40368
128153.77, 1473671.1, 0.40368
128291.23, 1473712.51, 0.40368
128668.06, 1473106.51, 0.40368
128032.0, 1473419.8, 0.40368
128070.93, 1473201.64, 0.40368
128692.42, 1473112.41, 0.40368
128859.91, 1473026.57, 0.40368
128291.97, 1473741.78, 0.40368
128107.51, 1473229.24, 0.40368
128968.98, 1473680.67, 0.40368
128613.93, 1473023.18, 0.40368
128674.63, 1473075.17, 0.40368
128702.27, 1473076.18, 0.40368
128172.37, 1473735.25, 0.40368
128171.96, 1473850.82, 0.40368
128315.78, 1473035.98, 0.40368
128057.84, 1473714.29, 0.40368
128132.27, 1473416.64, 0.40368
128090.92, 1473829.54, 0.40368
128768.12, 1473269.6, 0.40368
128407.58, 1473884.18, 0.40368
128685.91, 1473111.57, 0.40368
128082.01, 1473169.41, 0.40368
129422.46, 1473262.07, 0.40397
129367.29, 1473743.17, 0.40397
129497.51, 1473335.38, 0.40397
129442.86, 1473393.58, 0.40397
129670.24, 1473468.17, 0.40397
129220.04, 1473484.71, 0.40397
129196.85, 1473617.56, 0.40397
129386.66, 1473250.32, 0.40397
129952.64, 1473423.85, 0.40397
129428.23, 1473595.91, 0.40397
129278.97, 1473412.94, 0.40397
129134.08, 1473621.38, 0.40397
129257.96, 1473587.0, 0.40397
129347.37, 1473331.1, 0.40397
129409.01, 1473768.72, 0.40397
129341.11, 1473829.75, 0.40397
129906.41, 1473546.35, 0.40397
129406.19, 1473707.48, 0.40397
129419.73, 1473364.24, 0.40397
129453.21, 1473308.47, 0.40397
129430.58, 1473922.14, 0.40397
129487.18, 1473050.35, 0.40397
129169.81, 1473938.74, 0.40397
129271.12, 1473442.59, 0.40397
129328.03, 1473593.16, 0.40397
129934.97, 1473524.64, 0.40397
129461.38, 1473333.95, 0.40397
129460.34, 1473453.21, 0.40397
129374.49, 1473461.05, 0.40397
129282.88, 1473596.59, 0.40397
129290.59, 1473476.54, 0.40397
129365.51, 1473663.42, 0.40397
129355.34, 1473794.66, 0.40397
129343.09, 1473637.63, 0.40397
129196.9, 1473936.56, 0.40397
129489.81, 1473417.07, 0.40397
129476.41, 1473263.97, 0.40397
129295.17, 1473323.61, 0.40397
129154.38, 1473577.65, 0.40397
129567.22, 1473526.12, 0.40397
129431.47, 1473618.1, 0.40397
129461.78, 1473521.02, 0.40397
129418.92, 1473147.62, 0.40397
129357.43, 1473607.13, 0.40397
129492.05, 1473892.62, 0.40397
129978.3, 1473590.35, 0.40397
129799.38, 1473320.39, 0.40397
129485.13, 1473287.38, 0.40397
129528.56, 1473632.74, 0.40397
129979.63, 1473531.69, 0.40397
129369.42, 1473777.23, 0.40397
129359.53, 1473791.5, 0.40397
129305.5, 1473792.5, 0.40397
129318.54, 1473664.73, 0.40397
129226.54, 1473592.42, 0.40397
129108.17, 1473733.04, 0.40397
129221.06, 1473674.76, 0.40397
129243.11, 1473555.8, 0.40397
129525.29, 1473583.92, 0.40397
129295.4, 1473914.63, 0.40397
129749.14, 1473211.05, 0.40397
129205.7, 1473897.33, 0.40397
129263.6, 1473639.92, 0.40397
129342.36, 1473712.65, 0.40397
129094.54, 1473983.44, 0.40397
129443.42, 1473179.51, 0.40397
129085.72, 1473939.61, 0.40397
126418.87, 1473603.4, 0.40269
126391.52, 1473294.71, 0.40269
126854.93, 1473056.16, 0.40269
126419.7, 1473735.87, 0.40269
126080.7, 1473064.34, 0.40269
126452.02, 1473868.99, 0.40269
126406.35, 1473503.4, 0.40269
126361.9, 1473532.56, 0.40269
126415.3, 1473235.06, 0.40269
126222.88, 1473629.32, 0.40269
126414.74, 1473029.11, 0.40269
126752.13, 1473033.73, 0.40269
126250.16, 1473095.43, 0.40269
126516.33, 1473733.17, 0.40269
126464.72, 1473568.57, 0.40269
126411.76, 1473926.03, 0.40269
126293.05, 1473624.37, 0.40269
126343.96, 1473915.38, 0.40269
126472.82, 1473788.8, 0.40269
126430.66, 1473871.23, 0.40269
126442.12, 1473399.82, 0.40269
126310.86, 1473627.61, 0.40269
126335.68, 1473975.33, 0.40269
126440.71, 1473551.32, 0.40269
126469.65, 1473767.18, 0.40269
126480.5, 1473852.59, 0.40269
126490.62, 1473441.56, 0.40269
126471.9, 1473412.99, 0.40269
126189.11, 1473621.43, 0.40269
126345.69, 1473599.14, 0.40269
126402.95, 1473110.07, 0.40269
126441.47, 1473944.78, 0.40269
126238.8, 1473698.58, 0.40269
126493.07, 1473968.36, 0.40269
126508.55, 1473763.36, 0.40269
126356.59, 1473480.75, 0.40269
126545.3, 1473814.65, 0.40269
126283.03, 1473948.55, 0.40269
126463.99, 1473956.13, 0.40269
126206.39, 1473911.04, 0.40269
126231.37, 1473704.25, 0.40269
126479.85, 1473284.69, 0.40269
126533.36, 1473801.32, 0.40269
126478.07, 1473887.13, 0.40269
126445.47, 1473884.97, 0.40269
126201.39, 1473574.59, 0.40269
126507.63, 1473837.35, 0.40269
126452.55, 1473501.39, 0.40269
126297.53, 1473545.42, 0.40269
126229.45, 1473867.63, 0.40269
126301.25, 1473400.68, 0.40269
126732.01, 1473722.37, 0.40269
126444.68, 1473748.04, 0.40269
126532.18, 1473483.24, 0.40269
126429.97, 1473466.21, 0.40269
126516.48, 1473263.65, 0.40269
126448.73, 1473784.6, 0.40269
126367.01, 1473588.34, 0.40269
126383.34, 1473472.27, 0.40269
126354.6, 1473801.51, 0.40269
127679.9, 1473769.36, 0.40934
127777.38, 1473891.2, 0.40934
127684.36, 1473153.8, 0.40934
127867.15, 1473154.75, 0.40934
127173.41, 1473330.21, 0.40934
127667.93, 1473402.29, 0.40934
127078.08, 1473123.65, 0.40934
127949.91, 1473518.34, 0.40934
127166.68, 1473544.63, 0.40934
127713.34, 1473729.8, 0.40934
127684.91, 1473908.19, 0.40934
127717.39, 1473964.07, 0.40934
127467.59, 1473903.94, 0.40934
127935.92, 1473963.78, 0.40934
127651.68, 1473937.3, 0.40934
127882.84, 1473943.15, 0.40934
127692.17, 1473943.45, 0.40934
127761.71, 1473950.07, 0.40934
127744.69, 1473229.67, 0.40934
127659.52, 1473185.81, 0.40934
127947.31, 1473084.76, 0.40934
127772.73, 1473921.22, 0.40934
127913.17, 1473134.96, 0.40934
127911.39, 1473478.11, 0.40934
127974.56, 1473235.59, 0.40934
127138.64, 1473508.4, 0.40934
127856.74, 1473973.81, 0.40934
127669.47, 1473855.77, 0.40934
127643.09, 1473778.16, 0.40934
127939.05, 1473191.73, 0.40934
127658.64, 1473209.25, 0.40934
127093.22, 1473526.81, 0.40934
127658.98, 1473228.63, 0.40934
127839.37, 1473962.38, 0.40934
127954.18, 1473112.84, 0.40934
127976.87, 1473347.07, 0.40934
127183.22, 1473289.08, 0.40934
127704.81, 1473219.72, 0.40934
127563.74, 1473948.54, 0.40934
127753.18, 1473989.36, 0.40934
125173.58, 1472396.71, 0.4095
125754.48, 1472411.35, 0.4095
125353.33, 1472847.73, 0.4095
125377.57, 1472676.21, 0.4095
125781.12, 1472255.7, 0.4095
125605.33, 1472436.42, 0.4095
125642.98, 1472499.28, 0.4095
125815.07, 1472080.98, 0.4095
125150.41, 1472630.22, 0.4095
125166.24, 1472442.92, 0.4095
125244.82, 1472459.64, 0.4095
125822.22, 1472710.36, 0.4095
125273.31, 1472865.78, 0.4095
125784.3, 1472648.66, 0.4095
125308.76, 1472715.26, 0.4095
125171.0, 1472248.74, 0.4095
125884.87, 1472278.93, 0.4095
125142.34, 1472059.72, 0.4095
125386.86, 1472420.72, 0.4095
125953.89, 1472152.06, 0.4095
125068.6, 1472065.31, 0.4095
125281.18, 1472811.76, 0.4095
125593.13, 1472494.31, 0.4095
125847.01, 1472689.68, 0.4095
125185.08, 1472143.22, 0.4095
125524.6, 1472875.41, 0.4095
125450.69, 1472612.11, 0.4095
125169.15, 1472114.14, 0.4095
125122.1, 1472111.22, 0.4095
125870.47, 1472578.46, 0.4095
125873.37, 1472602.77, 0.4095
125791.92, 1472187.02, 0.4095
125601.73, 1472818.82, 0.4095
125533.5, 1472431.24, 0.4095
125649.93, 1472579.22, 0.4095
125960.73, 1472024.39, 0.4095
125478.11, 1472716.84, 0.4095
125422.42, 1472593.67, 0.4095
125867.32, 1472290.2, 0.4095
125438.02, 1472659.03, 0.4095
125139.64, 1472088.81, 0.4095
125245.8, 1472431.15, 0.4095
125257.2, 1472760.16, 0.4095
125276.79, 1472748.45, 0.4095
125503.09, 1472581.81, 0.4095
125301.65, 1472890.88, 0.4095
125208.93, 1472378.24, 0.4095
125116.36, 1472395.62, 0.4095
125207.3, 1472034.53, 0.4095
125783.73, 1472169.28, 0.4095
125982.68, 1472208.71, 0.4095
125908.07, 1472122.74, 0.4095
125340.54, 1472919.04, 0.4095
125725.06, 1472276.95, 0.4095
125368.75, 1472298.75, 0.4095
125219.12, 1472120.07, 0.4095
125170.91, 1472014.6, 0.4095
125225.73, 1472842.99, 0.4095
125595.19, 1472357.31, 0.4095
125175.28, 1472049.61, 0.4095
125816.43, 1472405.52, 0.4095
125855.58, 1472358.82, 0.4095
125596.8, 1472613.39, 0.4095
125876.81, 1472243.23, 0.4095
125283.04, 1472785.64, 0.4095
125016.6, 1472346.93, 0.4095
125317.41, 1472935.53, 0.4095
125710.84, 1472291.5, 0.4095
125319.71, 1472899.57, 0.4095
125981.43, 1472064.54, 0.4095
125924.18, 1472942.02, 0.4095
125369.51, 1472814.13, 0.4095
125845.62, 1472972.76, 0.4095
128662.22, 1472726.83, 0.40186
128263.84, 1472187.85, 0.40186
128242.99, 1472159.14, 0.40186
128641.25, 1472381.13, 0.40186
128747.01, 1472084.66, 0.40186
128475.8, 1472718.96, 0.40186
128520.7, 1472117.19, 0.40186
128523.66, 1472509.41, 0.40186
128817.17, 1472236.58, 0.40186
128128.05, 1472073.63, 0.40186
128940.9, 1472727.98, 0.40186
128618.69, 1472949.01, 0.40186
128836.13, 1472334.3, 0.40186
128368.43, 1472215.38, 0.40186
128188.29, 1472227.11, 0.40186
128873.4, 1472545.93, 0.40186
128117.83, 1472847.58, 0.40186
128681.12, 1472800.27, 0.40186
128187.27, 1472607.43, 0.40186
128454.68, 1472038.58, 0.40186
128552.43, 1472899.4, 0.40186
128540.06, 1472873.09, 0.40186
128964.78, 1472645.91, 0.40186
128976.88, 1472416.55, 0.40186
128837.55, 1472251.92, 0.40186
128251.13, 1472053.21, 0.40186
128053.5, 1472969.56, 0.40186
128863.45, 1472354.95, 0.40186
128278.73, 1472107.05, 0.40186
128721.63, 1472507.14, 0.40186
128699.81, 1472942.84, 0.40186
128670.7, 1472499.53, 0.40186
128551.65, 1472510.86, 0.40186
128956.77, 1472833.83, 0.40186
128924.92, 1472519.95, 0.40186
128606.1, 1472146.11, 0.40186
128879.04, 1472377.9, 0.40186
128918.76, 1472435.73, 0.40186
128831.08, 1472303.07, 0.40186
128495.28, 1472096.76, 0.40186
128867.5, 1472561.15, 0.40186
128480.2, 1472485.46, 0.40186
128121.05, 1472036.14, 0.40186
128949.24, 1472788.61, 0.40186
129200.76, 1472647.33, 0.40977
129097.51, 1472649.48, 0.40977
129709.42, 1472636.81, 0.40977
129724.38, 1472590.83, 0.40977
129717.88, 1472674.96, 0.40977
129162.66, 1472772.05, 0.40977
129146.47, 1472157.09, 0.40977
129168.78, 1472540.79, 0.40977
129844.02, 1472431.24, 0.40977
129160.1, 1472400.62, 0.40977
129046.95, 1472530.39, 0.40977
129960.8, 1472160.39, 0.40977
129280.29, 1472206.98, 0.40977
129291.37, 1472882.93, 0.40977
129881.11, 1472406.03, 0.40977
129913.21, 1472627.66, 0.40977
129119.4, 1472161.09, 0.40977
129140.61, 1472607.72, 0.40977
129279.75, 1472566.6, 0.40977
129058.02, 1472886.76, 0.40977
129594.96, 1472618.23, 0.40977
129296.86, 1472820.06, 0.40977
129020.56, 1472321.16, 0.40977
129045.67, 1472184.13, 0.40977
129170.1, 1472146.99, 0.40977
129757.97, 1472525.32, 0.40977
126170.92, 1472659.83, 0.41763
126046.55, 1472923.06, 0.41763
126856.62, 1472391.59, 0.41763
126062.2, 1472220.63, 0.41763
126850.27, 1472448.5, 0.41763
126827.18, 1472590.28, 0.41763
126299.13, 1472815.15, 0.41763
126910.18, 1472527.05, 0.41763
126068.7, 1472168.21, 0.41763
126690.51, 1472593.49, 0.41763
126917.73, 1472369.52, 0.41763
126232.86, 1472917.71, 0.41763
126233.94, 1472956.0, 0.41763
126158.83, 1472927.4, 0.41763
126279.02, 1472919.36, 0.41763
126635.74, 1472568.07, 0.41763
126917.2, 1472469.09, 0.41763
126252.94, 1472748.97, 0.41763
126732.35, 1472576.63, 0.41763
126868.4, 1472438.08, 0.41763
126178.33, 1472614.34, 0.41763
126695.63, 1472388.83, 0.41763
126213.2, 1472874.86, 0.41763
126822.9, 1472118.66, 0.41763
126061.23, 1472905.88, 0.41763
127049.84, 1472483.08, 0.41045
127316.09, 1472213.15, 0.41045
127197.04, 1472388.97, 0.41045
127320.89, 1472046.97, 0.41045
127335.04, 1472278.93, 0.41045
127530.69, 1472164.02, 0.41045
127399.29, 1472091.07, 0.41045
127031.03, 1472403.53, 0.41045
127473.73, 1472062.99, 0.41045
127269.81, 1472313.66, 0.41045
127805.89, 1472644.7, 0.41045
127198.39, 1472354.74, 0.41045
127436.58, 1472092.87, 0.41045
127558.38, 1472201.93, 0.41045
127927.18, 1472629.86, 0.41045
127533.17, 1472027.06, 0.41045
127624.27, 1472121.01, 0.41045
127942.72, 1472775.66, 0.41045
127237.47, 1472422.05, 0.41045
127913.25, 1472929.36, 0.41045
127221.76, 1472358.68, 0.41045
127399.45, 1472112.93, 0.41045
127125.91, 1472148.83, 0.41045
127235.64, 1472247.82, 0.41045
127578.21, 1472208.46, 0.41045
127015.51, 1472568.57, 0.41045
127563.29, 1472129.83, 0.41045
127675.77, 1472780.37, 0.41045
127495.33, 1472185.38, 0.41045
127128.52, 1472073.89, 0.41045
127848.46, 1472892.49, 0.41045
127041.97, 1472057.0, 0.41045
127599.53, 1472155.37, 0.41045
127428.66, 1472175.88, 0.41045
127099.49, 1472441.56, 0.41045
127119.85, 1472058.55, 0.41045
