150340.61, 1404281.95, 0.40272
150703.84, 1404311.82, 0.40272
150473.24, 1404937.72, 0.40272
150362.07, 1404396.6, 0.40272
150301.98, 1404257.73, 0.40272
150316.5, 1404373.79, 0.40272
150820.02, 1404249.88, 0.40272
150214.66, 1404552.41, 0.40272
150887.61, 1404917.48, 0.40272
150824.52, 1404318.14, 0.40272
150062.13, 1404759.27, 0.40272
150641.52, 1404763.79, 0.40272
150773.1, 1404334.05, 0.40272
150309.4, 1404223.54, 0.40272
150265.68, 1404140.95, 0.40272
150182.73, 1404598.54, 0.40272
150763.54, 1404079.39, 0.40272
150417.86, 1404491.55, 0.40272
150964.33, 1404160.84, 0.40272
150805.43, 1404545.3, 0.40272
150867.17, 1404180.17, 0.40272
150253.25, 1404618.36, 0.40272
150721.58, 1404329.53, 0.40272
150874.64, 1404154.7, 0.40272
150225.69, 1404603.2, 0.40272
150042.39, 1404680.36, 0.40272
150296.41, 1404592.85, 0.40272
150889.78, 1404193.26, 0.40272
150722.87, 1404387.75, 0.40272
150772.67, 1404633.75, 0.40272
150314.02, 1404549.09, 0.40272
150851.32, 1404271.26, 0.40272
150238.3, 1404553.92, 0.40272
150224.66, 1404427.58, 0.40272
150372.7, 1404531.47, 0.40272
150803.45, 1404371.11, 0.40272
150867.26, 1404231.78, 0.40272
150395.03, 1404393.55, 0.40272
150817.21, 1404055.83, 0.40272
150877.65, 1404487.58, 0.40272
150912.2, 1404221.87, 0.40272
150091.01, 1404531.59, 0.40272
150890.09, 1404273.76, 0.40272
150037.41, 1404632.39, 0.40272
150469.24, 1404482.5, 0.40272
150769.29, 1404032.97, 0.40272
150790.01, 1404574.75, 0.40272
150605.62, 1404864.7, 0.40272
150070.33, 1404651.52, 0.40272
150184.38, 1404573.89, 0.40272
150938.24, 1404113.98, 0.40272
150503.7, 1404088.88, 0.40272
150806.63, 1404315.6, 0.40272
150299.89, 1404557.04, 0.40272
150216.89, 1404523.9, 0.40272
150414.28, 1404282.34, 0.40272
150770.73, 1404416.38, 0.40272
150175.65, 1404674.9, 0.40272
150914.17, 1404336.25, 0.40272
150863.63, 1404907.37, 0.40272
150059.03, 1404669.3, 0.40272
150567.75, 1404581.74, 0.40272
150272.67, 1404558.21, 0.40272
150754.59, 1404234.66, 0.40272
150818.33, 1404881.51, 0.40272
150277.89, 1404389.32, 0.40272
150198.82, 1404422.33, 0.40272
150223.66, 1404450.91, 0.40272
150843.86, 1404491.3, 0.40272
150896.16, 1404067.07, 0.40272
150809.92, 1404888.63, 0.40272
150889.53, 1404474.26, 0.40272
150802.09, 1404256.8, 0.40272
150275.49, 1404614.2, 0.40272
153142.79, 1404446.42, 0.40042
153265.71, 1404283.62, 0.40042
153889.98, 1404926.63, 0.40042
153118.88, 1404310.84, 0.40042
153188.1, 1404095.08, 0.40042
153073.35, 1404474.17, 0.40042
153055.26, 1404364.79, 0.40042
153816.24, 1404690.46, 0.40042
153340.17, 1404464.31, 0.40042
153467.21, 1404222.21, 0.40042
153218.35, 1404093.17, 0.40042
153247.27, 1404465.35, 0.40042
153211.95, 1404300.02, 0.40042
153190.1, 1404461.45, 0.40042
153170.54, 1404719.45, 0.40042
153581.55, 1404292.8, 0.40042
153112.3, 1404225.77, 0.40042
153080.88, 1404086.03, 0.40042
153957.22, 1404913.66, 0.40042
153173.36, 1404040.01, 0.40042
153157.17, 1404256.34, 0.40042
153032.63, 1404072.97, 0.40042
153835.31, 1404058.69, 0.40042
153074.4, 1404372.6, 0.40042
153253.74, 1404301.68, 0.40042
153221.71, 1404430.33, 0.40042
153139.5, 1404589.16, 0.40042
153274.17, 1404305.96, 0.40042
153293.72, 1404741.96, 0.40042
153355.16, 1404429.58, 0.40042
153964.92, 1404889.17, 0.40042
153800.88, 1404183.86, 0.40042
153256.62, 1404246.55, 0.40042
153981.74, 1404579.78, 0.40042
153067.94, 1404338.46, 0.40042
153094.81, 1404291.56, 0.40042
153098.29, 1404050.2, 0.40042
153485.96, 1404620.66, 0.40042
153154.0, 1404208.28, 0.40042
153140.6, 1404516.13, 0.40042
153989.13, 1404600.58, 0.40042
153769.48, 1404685.1, 0.40042
153397.73, 1404846.51, 0.40042
153121.36, 1404030.65, 0.40042
153191.13, 1404127.05, 0.40042
153101.7, 1404493.24, 0.40042
153233.94, 1404042.38, 0.40042
153219.48, 1404036.08, 0.40042
153548.87, 1404580.1, 0.40042
153615.73, 1404027.14, 0.40042
153595.5, 1404022.22, 0.40042
153520.14, 1404179.35, 0.40042
153667.14, 1404775.62, 0.40042
153065.33, 1404522.58, 0.40042
153016.27, 1404366.75, 0.40042
153975.69, 1404980.88, 0.40042
154849.79, 1404211.76, 0.41789
154708.34, 1404898.59, 0.41789
154887.86, 1404738.26, 0.41789
154347.4, 1404741.36, 0.41789
154223.69, 1404793.39, 0.41789
154972.74, 1404131.57, 0.41789
154724.23, 1404254.02, 0.41789
154927.92, 1404670.01, 0.41789
154758.02, 1404903.55, 0.41789
154163.48, 1404445.71, 0.41789
154386.29, 1404488.57, 0.41789
154941.89, 1404068.45, 0.41789
154263.71, 1404735.05, 0.41789
154368.42, 1404614.72, 0.41789
154459.84, 1404026.72, 0.41789
154390.85, 1404670.63, 0.41789
154721.04, 1404282.4, 0.41789
154083.51, 1404900.55, 0.41789
154093.4, 1404964.73, 0.41789
154173.16, 1404945.51, 0.41789
154114.71, 1404475.1, 0.41789
154435.29, 1404691.1, 0.41789
154369.28, 1404709.31, 0.41789
154814.47, 1404163.29, 0.41789
154034.99, 1404072.17, 0.41789
154699.1, 1404834.87, 0.41789
154891.12, 1404186.02, 0.41789
154733.16, 1404325.3, 0.41789
154147.12, 1404528.4, 0.41789
154221.17, 1404548.01, 0.41789
154328.51, 1404739.8, 0.41789
154249.29, 1404958.56, 0.41789
154469.99, 1404665.28, 0.41789
154943.59, 1404784.21, 0.41789
154866.87, 1404156.51, 0.41789
154074.85, 1404835.24, 0.41789
154452.29, 1404668.9, 0.41789
154078.76, 1404049.58, 0.41789
154199.2, 1404587.96, 0.41789
154473.83, 1404417.0, 0.41789
154091.99, 1404468.96, 0.41789
154131.59, 1404945.17, 0.41789
154910.82, 1404683.62, 0.41789
154708.65, 1404878.15, 0.41789
154922.79, 1404144.34, 0.41789
154236.65, 1404931.66, 0.41789
154190.19, 1404206.23, 0.41789
154716.45, 1404223.89, 0.41789
154450.54, 1404043.77, 0.41789
154177.71, 1404022.77, 0.41789
154782.99, 1404009.99, 0.41789
154053.65, 1404941.04, 0.41789
151707.48, 1404737.62, 0.42146
151332.95, 1404083.61, 0.42146
151690.09, 1404583.01, 0.42146
151234.43, 1404526.92, 0.42146
151617.52, 1404695.33, 0.42146
151407.37, 1404136.29, 0.42146
151651.3, 1404548.19, 0.42146
151512.87, 1404682.67, 0.42146
151275.18, 1404136.79, 0.42146
151125.88, 1404396.97, 0.42146
151400.73, 1404235.45, 0.42146
151575.11, 1404848.52, 0.42146
151380.13, 1404185.17, 0.42146
151417.4, 1404319.6, 0.42146
151448.67, 1404090.25, 0.42146
151344.81, 1404313.51, 0.42146
151397.71, 1404749.07, 0.42146
151290.5, 1404527.94, 0.42146
151084.1, 1404440.59, 0.42146
151183.36, 1404417.49, 0.42146
151238.12, 1404467.47, 0.42146
151735.72, 1404624.79, 0.42146
151160.65, 1404495.12, 0.42146
151439.13, 1404396.93, 0.42146
151435.76, 1404654.73, 0.42146
151286.24, 1404265.31, 0.42146
151148.65, 1404368.65, 0.42146
151436.76, 1404677.06, 0.42146
151527.43, 1404351.38, 0.42146
151335.05, 1404338.22, 0.42146
151496.91, 1404877.01, 0.42146
151113.06, 1404631.96, 0.42146
151703.45, 1404531.0, 0.42146
151524.26, 1404468.49, 0.42146
151776.28, 1404766.64, 0.42146
151312.6, 1404115.97, 0.42146
151118.75, 1404031.25, 0.42146
151514.16, 1404779.66, 0.42146
151074.17, 1404342.79, 0.42146
151502.52, 1404169.32, 0.42146
151412.27, 1404834.94, 0.42146
151533.26, 1404880.69, 0.42146
151393.17, 1404336.43, 0.42146
151515.72, 1404762.26, 0.42146
151290.05, 1404171.2, 0.42146
151441.61, 1404625.56, 0.42146
151460.67, 1404411.02, 0.42146
151215.26, 1404680.66, 0.42146
151117.36, 1404320.3, 0.42146
151052.14, 1404595.7, 0.42146
151400.4, 1404260.67, 0.42146
152764.54, 1404812.06, 0.41435
152677.29, 1404359.09, 0.41435
152815.62, 1404846.84, 0.41435
152720.12, 1404810.41, 0.41435
152966.83, 1404572.14, 0.41435
152958.11, 1404618.95, 0.41435
152908.26, 1404282.38, 0.41435
152875.71, 1404826.97, 0.41435
152830.43, 1404258.76, 0.41435
152723.08, 1404044.62, 0.41435
152647.15, 1404814.56, 0.41435
152724.0, 1404768.59, 0.41435
152701.52, 1404861.61, 0.41435
152714.87, 1404910.26, 0.41435
152647.37, 1404606.09, 0.41435
152686.34, 1404302.11, 0.41435
152644.64, 1404569.48, 0.41435
152830.77, 1404094.78, 0.41435
152870.64, 1404271.87, 0.41435
152778.2, 1404493.64, 0.41435
152761.61, 1404235.06, 0.41435
152796.78, 1404901.1, 0.41435
152793.85, 1404577.16, 0.41435
152628.39, 1404597.62, 0.41435
152855.66, 1404531.53, 0.41435
152734.54, 1404487.6, 0.41435
152752.47, 1404512.2, 0.41435
152663.23, 1404894.45, 0.41435
152684.17, 1404610.36, 0.41435
152928.91, 1404352.77, 0.41435
152881.51, 1404579.0, 0.41435
152740.44, 1404107.28, 0.41435
152879.71, 1404252.67, 0.41435
152578.92, 1404706.25, 0.41435
152759.44, 1404839.41, 0.41435
152632.42, 1404516.71, 0.41435
152844.67, 1404226.93, 0.41435
152811.24, 1404069.46, 0.41435
152724.48, 1404098.55, 0.41435
152871.92, 1404137.36, 0.41435
152819.4, 1404531.15, 0.41435
152597.32, 1404724.45, 0.41435
152748.72, 1404942.09, 0.41435
152734.63, 1404244.17, 0.41435
152532.97, 1404958.78, 0.41435
152759.19, 1404326.08, 0.41435
152695.45, 1404113.47, 0.41435
152862.64, 1404089.1, 0.41435
152910.9, 1404248.56, 0.41435
152604.19, 1404878.49, 0.41435
152860.99, 1404802.1, 0.41435
152623.79, 1404751.35, 0.41435
152842.48, 1404128.29, 0.41435
152678.54, 1404810.35, 0.41435
152977.84, 1404305.66, 0.41435
152968.67, 1404521.9, 0.41435
152653.55, 1404764.08, 0.41435
152723.23, 1404834.12, 0.41435
152954.25, 1404887.97, 0.41435
152558.02, 1404541.84, 0.41435
152948.23, 1404291.07, 0.41435
152905.75, 1404120.15, 0.41435
152665.94, 1404072.29, 0.41435
152881.73, 1404880.72, 0.41435
152916.85, 1404878.87, 0.41435
152633.14, 1404825.36, 0.41435
152766.81, 1404108.74, 0.41435
152748.14, 1404907.67, 0.41435
152888.65, 1404776.88, 0.41435
152773.76, 1404577.6, 0.41435
152758.8, 1404862.63, 0.41435
152971.03, 1404807.05, 0.41435
152660.51, 1404188.32, 0.41435
152703.64, 1404775.42, 0.41435
152898.17, 1404306.25, 0.41435
152750.82, 1404282.04, 0.41435
152677.48, 1404838.66, 0.41435
152800.34, 1404056.74, 0.41435
152770.4, 1404100.19, 0.41435
152700.64, 1404026.13, 0.41435
150838.78, 1401085.34, 0.41212
150837.9, 1401041.99, 0.41212
150187.64, 1401663.21, 0.41212
150172.22, 1401606.31, 0.41212
150399.99, 1401217.75, 0.41212
150931.41, 1401133.85, 0.41212
150867.56, 1401205.05, 0.41212
150345.21, 1401777.53, 0.41212
150763.5, 1401265.55, 0.41212
150890.9, 1401376.43, 0.41212
150910.5, 1401098.69, 0.41212
150877.34, 1401286.8, 0.41212
150190.89, 1401908.31, 0.41212
150264.3, 1401846.71, 0.41212
150890.02, 1401121.77, 0.41212
150969.46, 1401073.27, 0.41212
150085.16, 1401880.01, 0.41212
150214.07, 1401820.27, 0.41212
150292.37, 1401855.14, 0.41212
150127.24, 1401784.98, 0.41212
150094.44, 1401754.3, 0.41212
150090.34, 1401903.38, 0.41212
150161.78, 1401556.08, 0.41212
150199.77, 1401201.83, 0.41212
150457.26, 1401884.92, 0.41212
150247.04, 1401782.31, 0.41212
150980.78, 1401861.27, 0.41212
153260.92, 1401770.77, 0.41402
153095.03, 1401310.96, 0.41402
153599.84, 1401737.2, 0.41402
153697.58, 1401363.92, 0.41402
153107.49, 1401361.53, 0.41402
153349.46, 1401720.23, 0.41402
153806.2, 1401349.55, 0.41402
153273.54, 1401697.22, 0.41402
153106.38, 1401891.39, 0.41402
153914.38, 1401502.04, 0.41402
153176.34, 1401629.17, 0.41402
153247.66, 1401617.96, 0.41402
153733.76, 1401879.93, 0.41402
153902.66, 1401390.27, 0.41402
153810.9, 1401230.3, 0.41402
153913.57, 1401472.75, 0.41402
153055.07, 1401426.75, 0.41402
153238.11, 1401804.23, 0.41402
153249.35, 1401976.4, 0.41402
153781.39, 1401217.51, 0.41402
153155.86, 1401910.26, 0.41402
153197.47, 1401961.49, 0.41402
153444.3, 1401544.19, 0.41402
153437.3, 1401282.84, 0.41402
153118.79, 1401931.54, 0.41402
153947.68, 1401896.0, 0.41402
153128.74, 1401958.34, 0.41402
153219.37, 1401952.69, 0.41402
153364.73, 1401592.74, 0.41402
153466.82, 1401919.59, 0.41402
153808.56, 1401267.84, 0.41402
153136.84, 1401477.43, 0.41402
153135.32, 1401513.56, 0.41402
153450.21, 1401571.7, 0.41402
153681.89, 1401391.84, 0.41402
153742.13, 1401261.3, 0.41402
153808.4, 1401848.03, 0.41402
153459.6, 1401811.32, 0.41402
153539.58, 1401212.91, 0.41402
153202.96, 1401868.61, 0.41402
154640.82, 1401964.96, 0.41029
154620.49, 1401923.87, 0.41029
154892.34, 1401099.82, 0.41029
154668.48, 1401390.87, 0.41029
154790.0, 1401666.93, 0.41029
154600.21, 1401833.08, 0.41029
154090.28, 1401838.38, 0.41029
154197.65, 1401368.62, 0.41029
154751.86, 1401588.56, 0.41029
154690.15, 1401802.96, 0.41029
154715.82, 1401971.43, 0.41029
154111.93, 1401829.08, 0.41029
154187.08, 1401362.64, 0.41029
154598.52, 1401983.09, 0.41029
154904.16, 1401335.73, 0.41029
151722.25, 1401658.3, 0.41278
151747.41, 1401791.31, 0.41278
151575.6, 1401368.1, 0.41278
151663.03, 1401639.17, 0.41278
151645.12, 1401875.94, 0.41278
151611.15, 1401329.48, 0.41278
151553.96, 1401394.83, 0.41278
151503.54, 1401201.93, 0.41278
151770.25, 1401695.74, 0.41278
151671.17, 1401923.69, 0.41278
151951.22, 1401966.78, 0.41278
151441.92, 1401474.04, 0.41278
151560.46, 1401605.56, 0.41278
151552.5, 1401564.79, 0.41278
151546.22, 1401327.25, 0.41278
151668.71, 1401459.29, 0.41278
151763.57, 1401743.57, 0.41278
151510.84, 1401145.71, 0.41278
151241.94, 1401959.72, 0.41278
151846.2, 1401916.51, 0.41278
151703.89, 1401750.01, 0.41278
151492.64, 1401358.55, 0.41278
151777.29, 1401879.01, 0.41278
151461.5, 1401235.17, 0.41278
151710.73, 1401525.38, 0.41278
151643.17, 1401350.59, 0.41278
151509.62, 1401593.87, 0.41278
151519.57, 1401359.85, 0.41278
151685.56, 1401918.65, 0.41278
151580.78, 1401701.09, 0.41278
151644.32, 1401470.34, 0.41278
151672.96, 1401836.42, 0.41278
151988.0, 1401976.79, 0.41278
151571.01, 1401553.99, 0.41278
151788.42, 1401829.59, 0.41278
151584.79, 1401558.41, 0.41278
152365.95, 1401966.25, 0.40193
152300.03, 1401263.82, 0.40193
152870.16, 1401641.63, 0.40193
152908.61, 1401086.34, 0.40193
152272.38, 1401416.79, 0.40193
152428.53, 1401895.56, 0.40193
152958.59, 1401713.04, 0.40193
152393.77, 1401464.44, 0.40193
152930.91, 1401747.39, 0.40193
152348.99, 1401448.89, 0.40193
152402.67, 1401941.02, 0.40193
152833.76, 1401014.57, 0.40193
152298.98, 1401535.0, 0.40193
152880.68, 1401951.34, 0.40193
152389.7, 1401488.38, 0.40193
152491.67, 1401933.15, 0.40193
152266.87, 1401371.15, 0.40193
152429.22, 1401948.55, 0.40193
152858.36, 1401127.8, 0.40193
152378.14, 1401410.07, 0.40193
152976.3, 1401239.77, 0.40193
152974.5, 1401152.55, 0.40193
152945.04, 1401884.35, 0.40193
152395.78, 1401522.96, 0.40193
152257.36, 1401388.52, 0.40193
152809.96, 1401792.69, 0.40193
152815.37, 1401923.93, 0.40193
152424.01, 1401960.33, 0.40193
150716.79, 1400739.06, 0.40083
150858.2, 1400068.84, 0.40083
150780.62, 1400339.52, 0.40083
150905.18, 1400781.04, 0.40083
150957.73, 1400672.59, 0.40083
150672.41, 1400132.09, 0.40083
150708.93, 1400220.39, 0.40083
150840.95, 1400772.82, 0.40083
150782.68, 1400032.38, 0.40083
150667.56, 1400381.11, 0.40083
150484.83, 1400363.33, 0.40083
150940.42, 1400693.17, 0.40083
150739.06, 1400070.28, 0.40083
150889.09, 1400964.88, 0.40083
150919.14, 1400923.9, 0.40083
150784.69, 1400367.99, 0.40083
150866.5, 1400209.35, 0.40083
150910.12, 1400901.47, 0.40083
150956.81, 1400940.28, 0.40083
150434.44, 1400311.98, 0.40083
150766.21, 1400973.13, 0.40083
150820.06, 1400746.8, 0.40083
150414.17, 1400388.38, 0.40083
150852.84, 1400643.9, 0.40083
150774.68, 1400866.86, 0.40083
150847.41, 1400884.6, 0.40083
150630.07, 1400158.55, 0.40083
150494.92, 1400300.87, 0.40083
150860.07, 1400736.53, 0.40083
153784.41, 1400655.71, 0.4027
153401.32, 1400947.36, 0.4027
153785.37, 1400718.91, 0.4027
153677.9, 1400683.24, 0.4027
153625.99, 1400026.19, 0.4027
153406.88, 1400215.18, 0.4027
153445.1, 1400395.01, 0.4027
153439.21, 1400087.0, 0.4027
153878.56, 1400415.85, 0.4027
153650.48, 1400779.22, 0.4027
153772.88, 1400686.28, 0.4027
153230.27, 1400080.78, 0.4027
153438.63, 1400116.14, 0.4027
153529.57, 1400145.37, 0.4027
153953.66, 1400058.24, 0.4027
153670.14, 1400827.99, 0.4027
153043.81, 1400098.76, 0.4027
153736.98, 1400090.68, 0.4027
153420.61, 1400569.12, 0.4027
153084.3, 1400416.84, 0.4027
153806.77, 1400623.39, 0.4027
153719.11, 1400875.09, 0.4027
153118.56, 1400086.51, 0.4027
153496.05, 1400035.84, 0.4027
153775.7, 1400279.58, 0.4027
153359.08, 1400235.24, 0.4027
153446.83, 1400159.29, 0.4027
153602.11, 1400147.71, 0.4027
153910.29, 1400151.0, 0.4027
153842.67, 1400733.52, 0.4027
153783.03, 1400711.64, 0.4027
153891.66, 1400545.91, 0.4027
153724.16, 1400742.43, 0.4027
153856.89, 1400728.25, 0.4027
153943.5, 1400516.27, 0.4027
153388.57, 1400234.79, 0.4027
153516.73, 1400934.26, 0.4027
153195.35, 1400369.56, 0.4027
153235.42, 1400081.89, 0.4027
153708.44, 1400024.43, 0.4027
153820.13, 1400727.18, 0.4027
154410.04, 1400282.05, 0.40444
154146.7, 1400072.66, 0.40444
154588.61, 1400245.82, 0.40444
154288.33, 1400496.33, 0.40444
154503.48, 1400246.2, 0.40444
154590.16, 1400193.66, 0.40444
154400.49, 1400313.5, 0.40444
154817.57, 1400514.93, 0.40444
154513.7, 1400227.41, 0.40444
154502.7, 1400310.15, 0.40444
151843.57, 1400146.94, 0.41111
151183.29, 1400102.65, 0.41111
151514.29, 1400940.87, 0.41111
151253.01, 1400665.28, 0.41111
151035.85, 1400689.72, 0.41111
151819.94, 1400124.23, 0.41111
151045.64, 1400396.68, 0.41111
151842.73, 1400967.98, 0.41111
151373.4, 1400211.19, 0.41111
151419.79, 1400788.57, 0.41111
151420.34, 1400422.96, 0.41111
151430.65, 1400285.53, 0.41111
151725.96, 1400416.15, 0.41111
151308.39, 1400207.78, 0.41111
151283.91, 1400619.14, 0.41111
151330.32, 1400258.52, 0.41111
151327.04, 1400200.02, 0.41111
152876.79, 1400243.49, 0.40181
152787.53, 1400604.01, 0.40181
152699.32, 1400231.73, 0.40181
152646.34, 1400122.26, 0.40181
152488.68, 1400084.8, 0.40181
152591.56, 1400400.76, 0.40181
152831.65, 1400458.41, 0.40181
152761.32, 1400109.17, 0.40181
152883.09, 1400682.96, 0.40181
152412.52, 1400393.26, 0.40181
152713.64, 1400064.18, 0.40181
152686.89, 1400323.31, 0.40181
152823.33, 1400411.36, 0.40181
152417.69, 1400179.58, 0.40181
152535.36, 1400320.73, 0.40181
152750.05, 1400060.73, 0.40181
152645.19, 1400054.3, 0.40181
152819.07, 1400504.08, 0.40181
152398.67, 1400255.91, 0.40181
152733.09, 1400474.52, 0.40181
152820.68, 1400684.22, 0.40181
152810.46, 1400111.8, 0.40181
152972.96, 1400783.45, 0.40181
152715.0, 1400346.49, 0.40181
152676.32, 1400214.16, 0.40181
152656.88, 1400198.66, 0.40181
152697.38, 1400453.62, 0.40181
152918.22, 1400207.97, 0.40181
152779.96, 1400406.67, 0.40181
152964.03, 1400656.32, 0.40181
152884.17, 1400421.13, 0.40181
152903.48, 1400185.08, 0.40181
152518.07, 1400589.34, 0.40181
152738.2, 1400609.07, 0.40181
152771.72, 1400756.18, 0.40181
152573.72, 1400295.87, 0.40181
152787.76, 1400558.75, 0.40181
152877.89, 1400159.44, 0.40181
152893.92, 1400503.05, 0.40181
152903.32, 1400081.66, 0.40181
152959.14, 1400261.94, 0.40181
152110.45, 1400190.66, 0.40181
152090.37, 1400182.11, 0.40181
152905.99, 1400139.82, 0.40181
152520.14, 1400354.77, 0.40181
152794.1, 1400763.05, 0.40181
152566.66, 1400258.63, 0.40181
152104.22, 1400602.77, 0.40181
152905.54, 1400225.56, 0.40181
152830.85, 1400777.26, 0.40181
152924.11, 1400150.9, 0.40181
152429.02, 1400428.92, 0.40181
152830.08, 1400073.2, 0.40181
152778.23, 1400384.13, 0.40181
152534.81, 1400628.94, 0.40181
152823.42, 1400262.38, 0.40181
152790.59, 1400236.72, 0.40181
152781.4, 1400318.03, 0.40181
150973.37, 1403639.06, 0.43264
150597.32, 1403523.89, 0.43264
150824.97, 1403721.21, 0.43264
150931.49, 1403765.73, 0.43264
150032.85, 1403800.82, 0.43264
150774.07, 1403432.73, 0.43264
150863.18, 1403801.87, 0.43264
150899.39, 1403786.4, 0.43264
150405.94, 1403918.16, 0.43264
150062.69, 1403866.7, 0.43264
150669.07, 1403866.53, 0.43264
150907.02, 1403589.58, 0.43264
150913.05, 1403737.91, 0.43264
153712.91, 1403606.03, 0.40039
153353.52, 1403300.84, 0.40039
153159.71, 1403309.06, 0.40039
153297.06, 1403276.54, 0.40039
153859.63, 1403231.23, 0.40039
153824.22, 1403046.26, 0.40039
153728.89, 1403765.6, 0.40039
153135.24, 1403353.31, 0.40039
153664.56, 1403543.6, 0.40039
153402.5, 1403606.69, 0.40039
153137.06, 1403244.91, 0.40039
153206.96, 1403918.91, 0.40039
153737.94, 1403822.43, 0.40039
153284.96, 1403156.99, 0.40039
153082.42, 1403288.32, 0.40039
153668.93, 1403577.55, 0.40039
153236.41, 1403951.27, 0.40039
153856.67, 1403301.33, 0.40039
153124.49, 1403779.09, 0.40039
153893.48, 1403111.14, 0.40039
153504.94, 1403116.04, 0.40039
153124.94, 1403406.33, 0.40039
153139.38, 1403140.39, 0.40039
153944.49, 1403230.09, 0.40039
153632.5, 1403551.86, 0.40039
153363.42, 1403327.93, 0.40039
153095.94, 1403824.42, 0.40039
153048.04, 1403262.31, 0.40039
153200.75, 1403760.33, 0.40039
153962.37, 1403960.1, 0.40039
153850.01, 1403323.22, 0.40039
153661.14, 1403112.23, 0.40039
153116.15, 1403211.54, 0.40039
153213.16, 1403837.38, 0.40039
153158.94, 1403224.56, 0.40039
153673.82, 1403498.0, 0.40039
153952.37, 1403108.18, 0.40039
153051.97, 1403555.42, 0.40039
153215.05, 1403393.88, 0.40039
153896.22, 1403091.71, 0.40039
153200.91, 1403272.0, 0.40039
153028.96, 1403742.51, 0.40039
153398.26, 1403169.88, 0.40039
153188.39, 1403846.4, 0.40039
153688.71, 1403162.97, 0.40039
153173.2, 1403922.47, 0.40039
153113.29, 1403183.8, 0.40039
153359.26, 1403263.35, 0.40039
153716.23, 1403965.65, 0.40039
153376.81, 1403580.55, 0.40039
153602.01, 1403219.25, 0.40039
153647.32, 1403084.73, 0.40039
153131.66, 1403975.7, 0.40039
153140.89, 1403266.6, 0.40039
153084.38, 1403022.34, 0.40039
153771.16, 1403306.83, 0.40039
153858.1, 1403110.8, 0.40039
153084.14, 1403048.39, 0.40039
153137.35, 1403676.28, 0.40039
153260.46, 1403277.72, 0.40039
153505.47, 1403292.48, 0.40039
153697.16, 1403510.95, 0.40039
153900.41, 1403252.31, 0.40039
153910.05, 1403184.03, 0.40039
153131.59, 1403171.63, 0.40039
153172.59, 1403797.94, 0.40039
153082.85, 1403234.2, 0.40039
153206.34, 1403380.55, 0.40039
153524.0, 1403102.97, 0.40039
153852.09, 1403197.42, 0.40039
153545.45, 1403117.49, 0.40039
153100.0, 1403049.4, 0.40039
153134.14, 1403606.21, 0.40039
153159.25, 1403257.18, 0.40039
153635.76, 1403603.71, 0.40039
153012.2, 1403231.87, 0.40039
153198.86, 1403354.32, 0.40039
154670.71, 1403685.17, 0.43499
154530.63, 1403906.76, 0.43499
154113.78, 1403668.29, 0.43499
154051.45, 1403938.1, 0.43499
154945.79, 1403123.43, 0.43499
154859.85, 1403734.72, 0.43499
154947.34, 1403323.82, 0.43499
154408.32, 1403116.24, 0.43499
154968.83, 1403645.54, 0.43499
154483.59, 1403277.18, 0.43499
154565.03, 1403891.65, 0.43499
154459.12, 1403235.73, 0.43499
154955.18, 1403570.33, 0.43499
154728.53, 1403750.04, 0.43499
154556.4, 1403954.1, 0.43499
154649.19, 1403960.69, 0.43499
154630.24, 1403834.98, 0.43499
154774.09, 1403935.64, 0.43499
154964.19, 1403463.23, 0.43499
154548.42, 1403548.18, 0.43499
154693.74, 1403969.14, 0.43499
154703.5, 1403950.71, 0.43499
154562.76, 1403914.9, 0.43499
154856.15, 1403672.78, 0.43499
154052.27, 1403502.73, 0.43499
154767.12, 1403961.11, 0.43499
154955.35, 1403978.49, 0.43499
154817.87, 1403749.99, 0.43499
154957.7, 1403080.42, 0.43499
154720.37, 1403979.09, 0.43499
154320.07, 1403725.63, 0.43499
154833.61, 1403537.78, 0.43499
154535.49, 1403909.2, 0.43499
154268.68, 1403941.7, 0.43499
154541.47, 1403857.82, 0.43499
154337.0, 1403866.07, 0.43499
154142.16, 1403030.86, 0.43499
154286.99, 1403859.34, 0.43499
151158.73, 1403852.01, 0.40213
151155.45, 1403606.94, 0.40213
151194.8, 1403804.41, 0.40213
151288.72, 1403466.83, 0.40213
151073.0, 1403648.14, 0.40213
151635.4, 1403220.62, 0.40213
151111.09, 1403471.62, 0.40213
151253.23, 1403142.88, 0.40213
151043.08, 1403052.74, 0.40213
151831.75, 1403068.44, 0.40213
151270.47, 1403093.01, 0.40213
151054.14, 1403625.64, 0.40213
151222.5, 1403507.13, 0.40213
151276.35, 1403132.74, 0.40213
151952.5, 1403077.36, 0.40213
151090.13, 1403977.82, 0.40213
151650.23, 1403131.05, 0.40213
151070.33, 1403113.34, 0.40213
151208.01, 1403625.75, 0.40213
151300.3, 1403844.82, 0.40213
151056.01, 1403471.47, 0.40213
151102.67, 1403844.5, 0.40213
151400.15, 1403477.71, 0.40213
151747.75, 1403275.13, 0.40213
151327.78, 1403063.37, 0.40213
151109.63, 1403515.14, 0.40213
152245.53, 1403717.58, 0.40094
152443.82, 1403127.91, 0.40094
152376.18, 1403803.49, 0.40094
152204.73, 1403731.42, 0.40094
152035.83, 1403528.93, 0.40094
152711.06, 1403937.41, 0.40094
152399.02, 1403748.98, 0.40094
152812.76, 1403872.09, 0.40094
152317.0, 1403292.09, 0.40094
152399.79, 1403847.61, 0.40094
152711.09, 1403973.39, 0.40094
152618.26, 1403180.31, 0.40094
152378.51, 1403632.79, 0.40094
152343.64, 1403318.17, 0.40094
152834.31, 1403849.38, 0.40094
152862.65, 1403954.17, 0.40094
152886.39, 1403963.27, 0.40094
152383.64, 1403720.98, 0.40094
152023.97, 1403695.49, 0.40094
152338.66, 1403334.65, 0.40094
152396.88, 1403814.31, 0.40094
152985.66, 1403841.02, 0.40094
152427.99, 1403166.7, 0.40094
152932.25, 1403815.74, 0.40094
152089.59, 1403687.72, 0.40094
152072.63, 1403588.21, 0.40094
152269.09, 1403649.17, 0.40094
152925.64, 1403013.64, 0.40094
152287.68, 1403675.8, 0.40094
152712.86, 1403168.9, 0.40094
152540.45, 1403149.64, 0.40094
152110.72, 1403464.84, 0.40094
152727.05, 1403940.77, 0.40094
152363.62, 1403652.8, 0.40094
152985.3, 1403023.71, 0.40094
152303.97, 1403794.09, 0.40094
150341.15, 1402359.02, 0.43488
150375.97, 1402277.87, 0.43488
150760.91, 1402814.04, 0.43488
150797.0, 1402805.92, 0.43488
150273.72, 1402506.34, 0.43488
150092.95, 1402609.4, 0.43488
150200.14, 1402347.71, 0.43488
150275.26, 1402386.84, 0.43488
150417.66, 1402130.92, 0.43488
150817.71, 1402823.01, 0.43488
150890.39, 1402474.08, 0.43488
150662.35, 1402146.5, 0.43488
150868.51, 1402627.01, 0.43488
150907.86, 1402290.28, 0.43488
150513.62, 1402532.62, 0.43488
150378.62, 1402316.63, 0.43488
150817.97, 1402731.88, 0.43488
150860.1, 1402724.06, 0.43488
150767.68, 1402644.53, 0.43488
150445.45, 1402121.65, 0.43488
150885.18, 1402679.29, 0.43488
150198.65, 1402665.84, 0.43488
150408.08, 1402113.81, 0.43488
150034.27, 1402190.44, 0.43488
150646.64, 1402898.93, 0.43488
150875.78, 1402804.69, 0.43488
150416.15, 1402180.6, 0.43488
150153.45, 1402838.33, 0.43488
150921.42, 1402512.07, 0.43488
150958.81, 1402544.54, 0.43488
150858.39, 1402943.43, 0.43488
150192.01, 1402070.11, 0.43488
153380.04, 1402773.78, 0.40217
153424.88, 1402794.42, 0.40217
153047.07, 1402643.31, 0.40217
153045.56, 1402864.63, 0.40217
153071.09, 1402540.46, 0.40217
153058.96, 1402199.28, 0.40217
153707.76, 1402840.27, 0.40217
153277.03, 1402782.46, 0.40217
153836.29, 1402928.25, 0.40217
153303.0, 1402463.49, 0.40217
153814.59, 1402727.19, 0.40217
153381.58, 1402932.48, 0.40217
153129.57, 1402195.07, 0.40217
153038.97, 1402706.62, 0.40217
153193.23, 1402054.52, 0.40217
153549.05, 1402941.99, 0.40217
153172.05, 1402728.95, 0.40217
153092.97, 1402130.87, 0.40217
153408.03, 1402880.66, 0.40217
153118.89, 1402094.96, 0.40217
153595.45, 1402695.33, 0.40217
153095.15, 1402560.39, 0.40217
153536.77, 1402824.7, 0.40217
153529.85, 1402675.82, 0.40217
153630.11, 1402816.02, 0.40217
153765.69, 1402882.25, 0.40217
153561.77, 1402673.93, 0.40217
153321.62, 1402825.48, 0.40217
153226.23, 1402041.99, 0.40217
153311.3, 1402171.76, 0.40217
153190.47, 1402923.5, 0.40217
153298.51, 1402162.43, 0.40217
153076.08, 1402086.75, 0.40217
153783.84, 1402756.85, 0.40217
153595.82, 1402816.87, 0.40217
153039.19, 1402964.28, 0.40217
153499.16, 1402889.69, 0.40217
153514.74, 1402864.77, 0.40217
153599.82, 1402717.28, 0.40217
153791.81, 1402975.46, 0.40217
153348.37, 1402890.34, 0.40217
153047.06, 1402241.77, 0.40217
153442.64, 1402141.79, 0.40217
153362.75, 1402957.21, 0.40217
153073.74, 1402912.27, 0.40217
153029.28, 1402339.76, 0.40217
153624.3, 1402762.87, 0.40217
153569.29, 1402837.78, 0.40217
153118.84, 1402957.84, 0.40217
153607.21, 1402757.83, 0.40217
153250.83, 1402438.55, 0.40217
153766.06, 1402668.14, 0.40217
153764.16, 1402613.67, 0.40217
153713.15, 1402741.15, 0.40217
153663.8, 1402838.13, 0.40217
153273.41, 1402837.96, 0.40217
153908.24, 1402961.71, 0.40217
153648.37, 1402724.48, 0.40217
153557.41, 1402712.32, 0.40217
153393.59, 1402825.25, 0.40217
153158.64, 1402170.83, 0.40217
153090.48, 1402187.35, 0.40217
153035.89, 1402912.55, 0.40217
153204.59, 1402966.19, 0.40217
153736.16, 1402985.7, 0.40217
153690.56, 1402671.67, 0.40217
153089.95, 1402151.25, 0.40217
153123.63, 1402250.88, 0.40217
153356.44, 1402934.84, 0.40217
153040.02, 1402039.86, 0.40217
153075.39, 1402346.72, 0.40217
153932.12, 1402763.43, 0.40217
153196.42, 1402322.55, 0.40217
153127.32, 1402171.22, 0.40217
153396.26, 1402865.42, 0.40217
154372.58, 1402399.9, 0.4032
154204.8, 1402270.27, 0.4032
154391.65, 1402415.45, 0.4032
154615.08, 1402298.38, 0.4032
154617.42, 1402242.28, 0.4032
154707.62, 1402178.34, 0.4032
154068.04, 1402662.5, 0.4032
154763.33, 1402080.78, 0.4032
154870.45, 1402124.7, 0.4032
154702.3, 1402064.0, 0.4032
154187.8, 1402436.32, 0.4032
154389.24, 1402954.86, 0.4032
154585.87, 1402319.22, 0.4032
154267.33, 1402887.43, 0.4032
154859.18, 1402083.08, 0.4032
154880.2, 1402270.68, 0.4032
154262.89, 1402525.14, 0.4032
154386.92, 1402218.11, 0.4032
154748.86, 1402111.65, 0.4032
154272.06, 1402306.71, 0.4032
154108.01, 1402362.37, 0.4032
154198.86, 1402499.2, 0.4032
154415.75, 1402472.51, 0.4032
154937.92, 1402115.88, 0.4032
154557.22, 1402307.15, 0.4032
154465.19, 1402231.11, 0.4032
154026.91, 1402508.09, 0.4032
154045.85, 1402611.9, 0.4032
154037.07, 1402571.17, 0.4032
154581.53, 1402252.95, 0.4032
154167.55, 1402209.45, 0.4032
154298.01, 1402529.5, 0.4032
154255.74, 1402491.28, 0.4032
154723.83, 1402059.29, 0.4032
154762.44, 1402176.88, 0.4032
154869.21, 1402248.34, 0.4032
154065.2, 1402631.67, 0.4032
154774.99, 1402145.76, 0.4032
154146.36, 1402546.67, 0.4032
154270.99, 1402473.25, 0.4032
154269.6, 1402366.01, 0.4032
154919.6, 1402152.08, 0.4032
154128.08, 1402564.82, 0.4032
154490.76, 1402402.69, 0.4032
154324.49, 1402339.23, 0.4032
154956.74, 1402197.58, 0.4032
154481.84, 1402473.71, 0.4032
154825.39, 1402095.71, 0.4032
154232.59, 1402347.21, 0.4032
154321.46, 1402155.12, 0.4032
154017.51, 1402468.33, 0.4032
154978.22, 1402101.31, 0.4032
154751.26, 1402621.67, 0.4032
154127.43, 1402368.51, 0.4032
154817.32, 1402184.67, 0.4032
154301.94, 1402283.26, 0.4032
154014.73, 1402613.11, 0.4032
154523.34, 1402419.05, 0.4032
154209.44, 1402800.47, 0.4032
154257.94, 1402278.45, 0.4032
154081.53, 1402623.96, 0.4032
154477.11, 1402451.68, 0.4032
154105.74, 1402801.76, 0.4032
154986.49, 1402187.89, 0.4032
154291.59, 1402318.91, 0.4032
154184.48, 1402792.01, 0.4032
154453.18, 1402683.75, 0.4032
154018.9, 1402532.41, 0.4032
154785.87, 1402243.77, 0.4032
154737.75, 1402206.51, 0.4032
151266.78, 1402911.12, 0.40421
151707.77, 1402505.62, 0.40421
151166.5, 1402361.77, 0.40421
151523.57, 1402292.85, 0.40421
151396.32, 1402114.91, 0.40421
151236.5, 1402030.47, 0.40421
151086.15, 1402470.52, 0.40421
151328.65, 1402283.83, 0.40421
151970.59, 1402498.83, 0.40421
151341.97, 1402554.91, 0.40421
151218.32, 1402452.96, 0.40421
151709.35, 1402857.61, 0.40421
151803.75, 1402581.62, 0.40421
151841.1, 1402082.53, 0.40421
151454.7, 1402854.34, 0.40421
151054.26, 1402061.83, 0.40421
151914.92, 1402671.17, 0.40421
151945.31, 1402593.27, 0.40421
151747.52, 1402521.25, 0.40421
151873.53, 1402852.08, 0.40421
151456.86, 1402966.69, 0.40421
152239.39, 1402631.32, 0.41956
152667.66, 1402366.11, 0.41956
152729.8, 1402254.11, 0.41956
152619.92, 1402380.98, 0.41956
152745.81, 1402190.39, 0.41956
152180.64, 1402340.17, 0.41956
152174.63, 1402295.96, 0.41956
152662.8, 1402262.01, 0.41956
152635.67, 1402271.74, 0.41956
152959.83, 1402141.15, 0.41956
152966.11, 1402425.34, 0.41956
152803.74, 1402864.69, 0.41956
152915.96, 1402073.01, 0.41956
152758.38, 1402428.33, 0.41956
152927.71, 1402424.18, 0.41956
152881.21, 1402398.21, 0.41956
152233.23, 1402609.2, 0.41956
152872.67, 1402487.73, 0.41956
152245.16, 1402514.62, 0.41956
152821.16, 1402470.2, 0.41956
152859.96, 1402532.34, 0.41956
152730.4, 1402371.03, 0.41956
152869.11, 1402379.98, 0.41956
152580.22, 1402363.79, 0.41956
152921.75, 1402457.93, 0.41956
152714.0, 1402659.81, 0.41956
152020.25, 1402789.99, 0.41956
152875.74, 1402262.76, 0.41956
152970.82, 1402744.87, 0.41956
152709.58, 1402384.38, 0.41956
152885.57, 1402423.75, 0.41956
152687.46, 1402337.85, 0.41956
152400.04, 1402078.93, 0.41956
152679.24, 1402246.35, 0.41956
152815.93, 1402280.9, 0.41956
152366.86, 1402421.63, 0.41956
152261.56, 1402584.42, 0.41956
152221.0, 1402312.5, 0.41956
152945.73, 1402512.66, 0.41956
152799.58, 1402420.93, 0.41956
152813.57, 1402795.9, 0.41956
152988.46, 1402130.72, 0.41956
152766.42, 1402710.73, 0.41956
152767.27, 1402204.37, 0.41956
