180894.68, 1459884.34, 0.40741
180503.55, 1459218.84, 0.40741
180419.41, 1459541.45, 0.40741
180371.25, 1459296.66, 0.40741
180324.36, 1459440.69, 0.40741
180318.12, 1459505.97, 0.40741
180539.78, 1459245.33, 0.40741
180557.39, 1459510.88, 0.40741
180255.69, 1459559.29, 0.40741
180426.68, 1459198.4, 0.40741
180356.37, 1459336.01, 0.40741
180599.83, 1459346.49, 0.40741
180847.71, 1459611.82, 0.40741
183975.05, 1459247.29, 0.65028
183913.52, 1459309.46, 0.65028
184913.05, 1459148.72, 0.42528
184925.96, 1459184.8, 0.42528
184969.92, 1459086.27, 0.42528
181894.11, 1459286.0, 0.41465
181327.51, 1459262.91, 0.41465
181707.65, 1459294.01, 0.41465
181457.49, 1459401.29, 0.41465
181669.25, 1459338.96, 0.41465
181673.09, 1459615.12, 0.41465
181886.49, 1459752.64, 0.41465
181690.42, 1459470.7, 0.41465
181861.46, 1459752.63, 0.41465
181374.51, 1459304.91, 0.41465
181956.56, 1459724.47, 0.41465
181554.22, 1459258.48, 0.41465
182224.18, 1459324.04, 0.40674
182866.23, 1459248.86, 0.40674
182155.94, 1459590.9, 0.40674
182030.2, 1459226.9, 0.40674
182259.59, 1459227.06, 0.40674
180898.26, 1456901.21, 0.40446
180866.12, 1456794.04, 0.40446
180732.5, 1456848.37, 0.40446
180919.27, 1456885.46, 0.40446
180599.45, 1456933.71, 0.40446
180492.14, 1456910.26, 0.40446
180817.63, 1456796.71, 0.40446
180688.71, 1456920.08, 0.40446
180966.94, 1456939.41, 0.40446
180950.32, 1456940.12, 0.40446
180868.42, 1456929.19, 0.40446
180937.39, 1456919.96, 0.40446
180325.22, 1456123.47, 0.40446
180892.57, 1456866.57, 0.40446
180883.41, 1456959.26, 0.40446
183926.9, 1456366.19, 0.42723
183602.25, 1456899.09, 0.42723
183887.96, 1456935.3, 0.42723
183079.76, 1456185.87, 0.42723
183906.95, 1456384.73, 0.42723
183973.35, 1456426.88, 0.42723
183555.91, 1456531.55, 0.42723
184767.26, 1456841.07, 0.40808
184640.29, 1456157.5, 0.40808
184107.99, 1456572.59, 0.40808
184551.73, 1456793.56, 0.40808
184052.54, 1456727.13, 0.40808
184137.0, 1456603.79, 0.40808
184890.89, 1456228.44, 0.40808
184661.18, 1456459.45, 0.40808
184537.37, 1456310.24, 0.40808
184142.22, 1456893.46, 0.40808
184577.65, 1456388.93, 0.40808
184633.94, 1456218.79, 0.40808
181431.92, 1456096.05, 0.4008
181535.05, 1456489.49, 0.4008
181864.67, 1456729.75, 0.4008
181442.3, 1456345.9, 0.4008
181478.52, 1456978.27, 0.4008
181803.78, 1456041.81, 0.4008
181838.22, 1456751.14, 0.4008
182675.16, 1456031.56, 0.40488
182604.84, 1456201.64, 0.40488
182226.1, 1456625.49, 0.40488
182378.97, 1456133.94, 0.40488
182517.36, 1456080.16, 0.40488
182524.11, 1456051.34, 0.40488
182573.55, 1456346.08, 0.40488
182247.63, 1456677.44, 0.40488
182393.54, 1456027.97, 0.40488
182951.57, 1456189.67, 0.40488
182509.13, 1456437.88, 0.40488
182610.01, 1456409.51, 0.40488
182625.83, 1456384.76, 0.40488
182229.51, 1456657.94, 0.40488
182487.07, 1456337.33, 0.40488
182918.34, 1456312.71, 0.40488
182772.54, 1456119.63, 0.40488
182320.08, 1456598.27, 0.40488
180287.3, 1455776.27, 0.41036
180127.18, 1455068.19, 0.41036
180357.55, 1455448.38, 0.41036
180929.23, 1455073.83, 0.41036
180194.67, 1455599.18, 0.41036
180924.52, 1455228.99, 0.41036
180103.89, 1455047.16, 0.41036
180214.26, 1455222.46, 0.41036
180902.24, 1455297.13, 0.41036
180249.6, 1455405.51, 0.41036
180274.11, 1455453.02, 0.41036
180488.52, 1455635.66, 0.41036
180300.41, 1455815.41, 0.41036
180907.49, 1455565.02, 0.41036
180732.48, 1455129.22, 0.41036
180109.55, 1455122.23, 0.41036
180922.7, 1455503.5, 0.41036
180947.21, 1455506.0, 0.41036
180327.1, 1455773.53, 0.41036
180251.15, 1455232.14, 0.41036
180182.01, 1455424.95, 0.41036
180026.39, 1455114.26, 0.41036
184164.58, 1455295.08, 0.40803
184067.41, 1455250.47, 0.40803
184142.35, 1455216.64, 0.40803
184282.84, 1455941.47, 0.40803
184043.43, 1455128.78, 0.40803
184252.82, 1455921.19, 0.40803
184085.5, 1455344.61, 0.40803
184054.59, 1455355.7, 0.40803
184051.28, 1455237.27, 0.40803
181445.58, 1455395.36, 0.40131
181627.23, 1455606.34, 0.40131
181397.44, 1455417.65, 0.40131
181090.98, 1455582.03, 0.40131
181031.79, 1455745.83, 0.40131
181860.17, 1455693.48, 0.40131
181923.03, 1455962.21, 0.40131
181759.05, 1455910.31, 0.40131
181639.4, 1455790.17, 0.40131
181933.17, 1455911.92, 0.40131
181046.79, 1455430.02, 0.40131
181634.43, 1455898.37, 0.40131
181926.49, 1455788.48, 0.40131
181483.78, 1455117.64, 0.40131
181729.58, 1455712.54, 0.40131
181708.5, 1455741.74, 0.40131
181341.99, 1455050.22, 0.40131
181078.98, 1455486.45, 0.40131
181570.49, 1455592.49, 0.40131
182935.26, 1455706.39, 0.41045
182841.1, 1455683.98, 0.41045
182791.0, 1455249.66, 0.41045
182715.49, 1455523.23, 0.41045
182540.26, 1455312.89, 0.41045
182161.16, 1455048.8, 0.41045
182624.07, 1455399.96, 0.41045
182567.14, 1455276.98, 0.41045
182391.35, 1455491.38, 0.41045
180531.88, 1458773.14, 0.42474
180289.16, 1458977.0, 0.42474
183641.37, 1458100.08, 0.41887
183823.17, 1458882.05, 0.41887
183972.92, 1458972.52, 0.41887
184852.95, 1458269.33, 0.41007
184256.06, 1458551.23, 0.41007
184201.14, 1458359.49, 0.41007
184584.86, 1458179.11, 0.41007
184551.98, 1458817.09, 0.41007
184455.41, 1458040.12, 0.41007
184533.72, 1458959.04, 0.41007
184226.98, 1458287.53, 0.41007
184581.55, 1458807.93, 0.41007
184264.32, 1458091.19, 0.41007
184568.89, 1458456.56, 0.41007
184905.01, 1458659.48, 0.41007
184468.14, 1458657.5, 0.41007
184666.71, 1458922.77, 0.41007
184163.01, 1458083.29, 0.41007
184422.92, 1458029.24, 0.41007
184964.96, 1458227.27, 0.41007
184476.6, 1458697.05, 0.41007
184578.63, 1458875.23, 0.41007
184429.26, 1458062.9, 0.41007
184552.73, 1458414.55, 0.41007
184513.0, 1458434.94, 0.41007
184187.76, 1458249.12, 0.41007
184625.35, 1458306.54, 0.41007
184595.23, 1458869.65, 0.41007
184668.21, 1458715.81, 0.41007
184293.78, 1458093.27, 0.41007
184246.54, 1458303.17, 0.41007
184391.89, 1458016.68, 0.41007
184526.78, 1458397.28, 0.41007
184719.48, 1458658.98, 0.41007
184567.65, 1458402.11, 0.41007
184526.5, 1458175.81, 0.41007
184908.07, 1458928.85, 0.41007
184389.82, 1458030.97, 0.41007
184387.47, 1458437.74, 0.41007
184313.91, 1458173.5, 0.41007
181754.82, 1458331.4, 0.51772
182773.08, 1458663.66, 0.46629
182687.59, 1458547.43, 0.46629
182820.28, 1458637.04, 0.46629
180339.46, 1457146.38, 0.42162
180565.53, 1457214.54, 0.42162
180649.63, 1457498.45, 0.42162
180210.38, 1457573.21, 0.42162
180867.93, 1457355.7, 0.42162
180384.61, 1457185.09, 0.42162
180156.7, 1457628.75, 0.42162
180162.87, 1457607.5, 0.42162
180026.69, 1457619.35, 0.42162
180586.67, 1457221.01, 0.42162
180222.17, 1457059.88, 0.42162
180823.51, 1457346.84, 0.42162
180543.07, 1457267.38, 0.42162
180914.9, 1457055.43, 0.42162
180072.09, 1457670.71, 0.42162
180842.43, 1457372.53, 0.42162
180459.98, 1457506.55, 0.42162
180974.43, 1457025.04, 0.42162
180412.43, 1457061.4, 0.42162
180466.38, 1457568.55, 0.42162
180512.62, 1457229.09, 0.42162
180950.09, 1457022.62, 0.42162
180933.19, 1457352.88, 0.42162
180519.03, 1457399.19, 0.42162
180823.81, 1457036.81, 0.42162
183557.68, 1457332.0, 0.41647
183368.8, 1457755.89, 0.41647
183396.76, 1457570.37, 0.41647
183416.74, 1457307.92, 0.41647
183743.68, 1457759.12, 0.41647
183137.43, 1457666.38, 0.41647
183701.17, 1457516.77, 0.41647
183704.7, 1457434.89, 0.41647
183565.49, 1457848.84, 0.41647
183679.87, 1457024.43, 0.41647
183703.37, 1457491.04, 0.41647
183683.08, 1457513.72, 0.41647
183757.99, 1457609.44, 0.41647
183756.64, 1457500.72, 0.41647
183836.71, 1457978.6, 0.41647
183498.23, 1457940.44, 0.41647
183651.62, 1457019.01, 0.41647
183591.04, 1457474.31, 0.41647
183489.93, 1457803.33, 0.41647
183451.98, 1457473.93, 0.41647
183868.77, 1457979.84, 0.41647
183463.97, 1457519.76, 0.41647
183361.33, 1457583.05, 0.41647
183889.09, 1457866.01, 0.41647
184263.09, 1457955.07, 0.56487
184351.47, 1457548.99, 0.56487
184132.71, 1457937.87, 0.56487
184162.8, 1457806.49, 0.56487
184597.62, 1457863.04, 0.56487
184219.67, 1457588.42, 0.56487
184146.1, 1457798.87, 0.56487
184084.36, 1457375.91, 0.56487
181275.36, 1457083.73, 0.42436
181054.36, 1457129.32, 0.42436
181049.76, 1457173.87, 0.42436
181021.17, 1457146.09, 0.42436
181252.02, 1457073.15, 0.42436
181020.05, 1457030.95, 0.42436
