185526.62, 1434220.05, 0.53619
185979.04, 1434178.9, 0.53619
188316.64, 1434499.04, 0.44048
188269.01, 1434468.36, 0.44048
188156.96, 1434619.05, 0.44048
188619.01, 1434499.71, 0.44048
188656.71, 1434531.35, 0.44048
188656.6, 1434549.36, 0.44048
189229.38, 1434409.56, 0.40215
189411.44, 1434726.19, 0.40215
189194.12, 1434670.52, 0.40215
189167.11, 1434331.12, 0.40215
189501.55, 1434790.85, 0.40215
189471.67, 1434756.55, 0.40215
189495.63, 1434752.2, 0.40215
189376.91, 1434698.65, 0.40215
189353.98, 1434715.61, 0.40215
186698.12, 1434758.53, 0.41415
186852.47, 1434840.85, 0.41415
186738.0, 1434815.48, 0.41415
186718.15, 1434562.32, 0.41415
186893.93, 1434834.98, 0.41415
186842.87, 1434786.68, 0.41415
186951.95, 1434896.46, 0.41415
186066.16, 1434226.41, 0.41415
186785.51, 1434837.66, 0.41415
186845.49, 1434745.21, 0.41415
186589.22, 1434818.84, 0.41415
186761.41, 1434819.16, 0.41415
186661.14, 1434739.66, 0.41415
187350.52, 1434704.94, 0.411
187445.97, 1434778.79, 0.411
187111.55, 1434783.95, 0.411
187111.01, 1434686.31, 0.411
187147.05, 1434700.32, 0.411
187339.66, 1434299.57, 0.411
187722.28, 1434752.71, 0.411
187464.67, 1434822.81, 0.411
187027.22, 1434848.12, 0.411
187716.98, 1434708.34, 0.411
187697.26, 1434655.27, 0.411
187383.78, 1434667.85, 0.411
187196.38, 1434522.54, 0.411
187229.85, 1434602.6, 0.411
187856.76, 1434273.95, 0.411
187882.02, 1434264.77, 0.411
187112.58, 1434511.81, 0.411
187477.25, 1434397.49, 0.411
187069.1, 1434433.03, 0.411
187947.8, 1434304.49, 0.411
187731.37, 1434730.67, 0.411
185773.36, 1431392.57, 0.41869
185394.86, 1431331.6, 0.41869
185353.35, 1431405.18, 0.41869
185186.07, 1431381.07, 0.41869
185158.84, 1431459.86, 0.41869
185839.75, 1431375.81, 0.41869
185162.55, 1431420.55, 0.41869
185361.11, 1431057.63, 0.41869
185274.24, 1431355.9, 0.41869
185149.06, 1431355.35, 0.41869
185142.5, 1431227.09, 0.41869
185289.46, 1431416.25, 0.41869
185753.5, 1431291.51, 0.41869
185184.1, 1431334.07, 0.41869
185669.25, 1431510.67, 0.41869
185243.8, 1431220.66, 0.41869
185719.47, 1431550.83, 0.41869
185158.81, 1431307.54, 0.41869
185820.84, 1431479.39, 0.41869
185297.61, 1431421.77, 0.41869
188959.61, 1431789.01, 0.66609
189714.12, 1431546.61, 0.40326
189866.54, 1431639.87, 0.40326
189774.42, 1431669.04, 0.40326
189823.58, 1431547.34, 0.40326
189909.45, 1431695.44, 0.40326
189922.39, 1431746.33, 0.40326
189784.34, 1431546.93, 0.40326
189856.21, 1431562.66, 0.40326
189938.97, 1431765.89, 0.40326
189950.92, 1431718.35, 0.40326
189849.52, 1431824.97, 0.40326
189902.13, 1431756.19, 0.40326
189674.27, 1431551.1, 0.40326
189041.0, 1431476.69, 0.40326
189326.84, 1431605.17, 0.40326
189811.21, 1431582.04, 0.40326
189899.14, 1431872.85, 0.40326
189835.45, 1431626.21, 0.40326
189746.4, 1431704.53, 0.40326
189760.47, 1431366.86, 0.40326
189821.85, 1431563.99, 0.40326
189811.57, 1431506.13, 0.40326
189911.66, 1431676.75, 0.40326
189276.75, 1431826.49, 0.40326
189832.32, 1431814.69, 0.40326
189908.45, 1431638.81, 0.40326
189959.65, 1431797.04, 0.40326
186294.43, 1431600.98, 0.51791
186171.11, 1431638.26, 0.51791
187360.01, 1431853.38, 0.43492
187855.23, 1431726.48, 0.43492
187427.56, 1431912.65, 0.43492
187932.07, 1431679.57, 0.43492
185558.33, 1430808.94, 0.413
185234.8, 1430830.62, 0.413
185649.26, 1430851.63, 0.413
185393.93, 1430080.58, 0.413
185719.42, 1430666.18, 0.413
185640.2, 1430833.86, 0.413
188487.58, 1430390.02, 0.42111
188420.74, 1430849.46, 0.42111
188155.97, 1430125.01, 0.42111
188183.69, 1430467.2, 0.42111
188879.82, 1430192.34, 0.42111
188527.26, 1430566.02, 0.42111
188465.63, 1430106.19, 0.42111
188868.05, 1430954.68, 0.42111
188529.1, 1430437.27, 0.42111
188753.75, 1430227.27, 0.42111
188456.35, 1430749.82, 0.42111
188027.86, 1430484.84, 0.42111
188697.36, 1430182.07, 0.42111
188888.81, 1430659.99, 0.42111
188269.92, 1430342.9, 0.42111
188237.49, 1430845.2, 0.42111
188153.71, 1430342.95, 0.42111
188360.54, 1430353.74, 0.42111
188775.63, 1430026.96, 0.42111
188889.93, 1430901.98, 0.42111
188491.97, 1430814.44, 0.42111
186428.82, 1430332.87, 0.45887
186877.79, 1430465.18, 0.45887
186579.36, 1430965.12, 0.45887
186407.37, 1430292.42, 0.45887
186114.41, 1430293.46, 0.45887
186513.47, 1430266.72, 0.45887
186102.06, 1430152.37, 0.45887
185702.98, 1433163.0, 0.60091
185589.08, 1433231.43, 0.60091
185572.16, 1433693.3, 0.60091
185045.43, 1433265.4, 0.60091
185095.14, 1433263.22, 0.60091
185125.33, 1433624.21, 0.60091
185348.03, 1433477.12, 0.60091
185349.01, 1433626.82, 0.60091
185782.04, 1433641.65, 0.60091
189798.14, 1433032.23, 0.48033
189873.16, 1433103.97, 0.48033
189818.95, 1433123.2, 0.48033
186223.3, 1433371.89, 0.47238
186791.81, 1433140.07, 0.47238
186911.74, 1433041.77, 0.47238
186905.13, 1433199.15, 0.47238
186222.62, 1433698.8, 0.47238
186983.22, 1433082.48, 0.47238
186963.38, 1433912.07, 0.47238
186914.63, 1433159.69, 0.47238
186411.74, 1433976.79, 0.47238
187508.58, 1433732.73, 0.41374
187088.66, 1433326.19, 0.41374
187177.78, 1433878.48, 0.41374
187510.41, 1433944.47, 0.41374
187149.73, 1433601.51, 0.41374
187432.9, 1433882.64, 0.41374
187028.4, 1433324.65, 0.41374
187069.92, 1433714.87, 0.41374
187087.62, 1433659.58, 0.41374
187634.1, 1433923.27, 0.41374
187765.17, 1433690.6, 0.41374
187556.43, 1433959.31, 0.41374
187717.86, 1433676.18, 0.41374
187029.89, 1433249.2, 0.41374
185667.97, 1432795.8, 0.42333
185866.92, 1432895.07, 0.42333
185525.94, 1432457.17, 0.42333
185614.06, 1432537.08, 0.42333
185591.39, 1432771.9, 0.42333
185503.94, 1432954.04, 0.42333
185733.02, 1432359.66, 0.42333
185689.71, 1432790.15, 0.42333
185664.84, 1432601.65, 0.42333
188047.55, 1432688.66, 0.40015
188183.73, 1432169.75, 0.40015
188203.22, 1432670.29, 0.40015
188212.15, 1432159.57, 0.40015
188157.54, 1432818.56, 0.40015
188330.24, 1432147.66, 0.40015
188172.34, 1432102.89, 0.40015
188146.46, 1432223.2, 0.40015
188059.03, 1432206.31, 0.40015
188282.48, 1432150.38, 0.40015
188248.53, 1432147.99, 0.40015
188786.13, 1432479.83, 0.40015
188289.27, 1432175.85, 0.40015
188341.99, 1432735.4, 0.40015
188059.79, 1432307.34, 0.40015
188352.66, 1432752.22, 0.40015
188163.47, 1432141.09, 0.40015
188265.55, 1432104.89, 0.40015
188283.71, 1432394.94, 0.40015
188143.14, 1432256.96, 0.40015
188054.9, 1432477.42, 0.40015
189816.63, 1432853.76, 0.41605
189788.79, 1432334.59, 0.41605
189856.69, 1432125.69, 0.41605
189854.25, 1432078.91, 0.41605
189861.87, 1432187.72, 0.41605
189810.74, 1432038.87, 0.41605
189505.05, 1432141.58, 0.41605
189847.7, 1432902.01, 0.41605
189886.57, 1432652.63, 0.41605
189933.6, 1432814.51, 0.41605
189925.15, 1432946.94, 0.41605
189858.22, 1432236.76, 0.41605
189655.89, 1432885.79, 0.41605
189703.83, 1432322.6, 0.41605
189677.91, 1432478.02, 0.41605
189564.46, 1432947.85, 0.41605
186080.0, 1432787.12, 0.42026
186104.33, 1432226.54, 0.42026
186413.99, 1432503.55, 0.42026
186956.5, 1432872.99, 0.42026
186195.12, 1432891.31, 0.42026
186909.26, 1432839.46, 0.42026
186868.37, 1432907.75, 0.42026
186260.46, 1432925.74, 0.42026
186157.86, 1432535.11, 0.42026
187246.16, 1432065.49, 0.43031
187055.85, 1432756.69, 0.43031
187187.73, 1432606.9, 0.43031
187844.3, 1432782.24, 0.43031
187135.99, 1432018.65, 0.43031
