160761.07, 1419919.79, 0.4133
160590.54, 1419784.58, 0.4133
160562.11, 1419908.79, 0.4133
160587.31, 1419825.93, 0.4133
160440.35, 1419899.44, 0.4133
160462.94, 1419508.88, 0.4133
160050.51, 1419140.25, 0.4133
160890.14, 1419316.45, 0.4133
160024.35, 1419156.21, 0.4133
160682.22, 1419477.2, 0.4133
160527.53, 1419919.4, 0.4133
160228.14, 1419448.29, 0.4133
160404.5, 1419798.85, 0.4133
160494.48, 1419562.92, 0.4133
160497.75, 1419966.3, 0.4133
160244.79, 1419288.17, 0.4133
160331.47, 1419037.87, 0.4133
160614.95, 1419498.07, 0.4133
160372.47, 1419241.24, 0.4133
160514.08, 1419971.24, 0.4133
160557.36, 1419845.2, 0.4133
163892.7, 1419234.85, 0.55357
163946.51, 1419613.36, 0.55357
163114.46, 1419068.59, 0.55357
163939.64, 1419151.34, 0.55357
163699.24, 1419161.75, 0.55357
164708.04, 1419704.43, 0.40157
164419.8, 1419703.34, 0.40157
164603.88, 1419324.0, 0.40157
164164.1, 1419699.29, 0.40157
164368.43, 1419797.3, 0.40157
164929.19, 1419046.26, 0.40157
164338.81, 1419040.87, 0.40157
164267.93, 1419243.37, 0.40157
164686.64, 1419593.07, 0.40157
164264.8, 1419745.54, 0.40157
164642.94, 1419684.23, 0.40157
164092.64, 1419632.24, 0.40157
164708.43, 1419763.73, 0.40157
164524.28, 1419948.25, 0.40157
164815.39, 1419135.92, 0.40157
164352.86, 1419865.5, 0.40157
164842.54, 1419340.25, 0.40157
164362.18, 1419914.34, 0.40157
164857.64, 1419193.71, 0.40157
164667.75, 1419157.17, 0.40157
164194.23, 1419024.52, 0.40157
164803.88, 1419598.76, 0.40157
164634.29, 1419824.02, 0.40157
164736.46, 1419528.57, 0.40157
164439.15, 1419874.52, 0.40157
164756.44, 1419683.32, 0.40157
164213.55, 1419255.33, 0.40157
164207.29, 1419616.82, 0.40157
164233.48, 1419441.42, 0.40157
164697.59, 1419541.15, 0.40157
164436.49, 1419744.48, 0.40157
164301.68, 1419812.38, 0.40157
164482.75, 1419598.54, 0.40157
164103.78, 1419473.35, 0.40157
164907.05, 1419181.45, 0.40157
164753.5, 1419649.86, 0.40157
164848.5, 1419462.29, 0.40157
164853.94, 1419559.74, 0.40157
164445.4, 1419954.49, 0.40157
164075.51, 1419933.21, 0.40157
164623.49, 1419598.84, 0.40157
164119.49, 1419105.87, 0.40157
164114.65, 1419609.29, 0.40157
164446.36, 1419062.21, 0.40157
164519.05, 1419879.36, 0.40157
164784.65, 1419617.16, 0.40157
164755.23, 1419733.98, 0.40157
164595.2, 1419827.99, 0.40157
164600.24, 1419039.18, 0.40157
164557.72, 1419913.73, 0.40157
164731.38, 1419946.06, 0.40157
164816.63, 1419506.29, 0.40157
164083.43, 1419591.95, 0.40157
164539.48, 1419900.36, 0.40157
164464.75, 1419895.37, 0.40157
164430.32, 1419019.58, 0.40157
164045.38, 1419920.27, 0.40157
164273.81, 1419041.34, 0.40157
164595.72, 1419610.44, 0.40157
164245.61, 1419012.72, 0.40157
164888.01, 1419034.22, 0.40157
164830.13, 1419581.67, 0.40157
164074.96, 1419863.24, 0.40157
164556.32, 1419177.05, 0.40157
164873.93, 1419182.95, 0.40157
164575.18, 1419635.07, 0.40157
164360.55, 1419014.2, 0.40157
164729.04, 1419753.81, 0.40157
164855.75, 1419154.3, 0.40157
164308.74, 1419657.49, 0.40157
164327.12, 1419786.78, 0.40157
164331.06, 1419905.02, 0.40157
164343.04, 1419634.31, 0.40157
164898.73, 1419014.59, 0.40157
164421.0, 1419549.18, 0.40157
164205.78, 1419940.53, 0.40157
164309.14, 1419047.95, 0.40157
164327.12, 1419925.4, 0.40157
164907.92, 1419162.91, 0.40157
164741.13, 1419335.42, 0.40157
164145.06, 1419075.02, 0.40157
164934.36, 1419237.07, 0.40157
164174.72, 1419913.48, 0.40157
164577.67, 1419911.98, 0.40157
164789.89, 1419684.3, 0.40157
164644.7, 1419145.51, 0.40157
164229.64, 1419656.09, 0.40157
164583.24, 1419281.44, 0.40157
164835.17, 1419577.8, 0.40157
164585.24, 1419178.43, 0.40157
164567.26, 1419148.52, 0.40157
164984.44, 1419211.76, 0.40157
164634.51, 1419124.45, 0.40157
164249.51, 1419772.88, 0.40157
164022.19, 1419446.47, 0.40157
161106.07, 1419691.97, 0.41683
161131.37, 1419680.25, 0.41683
161637.72, 1419818.13, 0.41683
161216.93, 1419249.09, 0.41683
161409.99, 1419703.35, 0.41683
161892.89, 1419751.01, 0.41683
161610.87, 1419650.84, 0.41683
161055.61, 1419488.85, 0.41683
161205.81, 1419520.22, 0.41683
161404.66, 1419624.39, 0.41683
161050.27, 1419654.15, 0.41683
161070.19, 1419672.56, 0.41683
161288.54, 1419651.58, 0.41683
161728.14, 1419768.45, 0.41683
161931.2, 1419789.22, 0.41683
161207.25, 1419599.15, 0.41683
161170.72, 1419708.54, 0.41683
161799.79, 1419773.93, 0.41683
161831.65, 1419719.86, 0.41683
161342.59, 1419784.93, 0.41683
161092.42, 1419724.76, 0.41683
161822.19, 1419762.65, 0.41683
161149.92, 1419445.85, 0.41683
161255.47, 1419400.56, 0.41683
161569.77, 1419797.02, 0.41683
161677.94, 1419740.39, 0.41683
161138.76, 1419560.93, 0.41683
161830.21, 1419683.5, 0.41683
161168.59, 1419551.9, 0.41683
161780.04, 1419630.5, 0.41683
161543.4, 1419899.0, 0.41683
161534.4, 1419819.23, 0.41683
161115.38, 1419667.43, 0.41683
161730.32, 1419810.27, 0.41683
161808.62, 1419643.41, 0.41683
161499.31, 1419888.22, 0.41683
161119.06, 1419439.41, 0.41683
161370.17, 1419728.64, 0.41683
161124.87, 1419625.41, 0.41683
161685.17, 1419744.25, 0.41683
161074.54, 1419625.01, 0.41683
161462.5, 1419862.04, 0.41683
161203.35, 1419548.69, 0.41683
161578.79, 1419890.35, 0.41683
161621.56, 1419882.02, 0.41683
161181.29, 1419890.43, 0.41683
161370.17, 1419762.99, 0.41683
161222.55, 1419684.36, 0.41683
161447.15, 1419648.37, 0.41683
162717.37, 1419281.89, 0.45294
162835.0, 1419227.49, 0.45294
162277.17, 1419117.25, 0.45294
162460.06, 1419251.06, 0.45294
162016.39, 1419829.93, 0.45294
162687.05, 1419402.94, 0.45294
162777.45, 1419101.87, 0.45294
162340.65, 1419050.78, 0.45294
160719.64, 1416690.64, 0.40354
160788.69, 1416599.47, 0.40354
160965.41, 1416793.16, 0.40354
160908.36, 1416668.3, 0.40354
160833.08, 1416832.64, 0.40354
160707.3, 1416523.73, 0.40354
160857.81, 1416434.76, 0.40354
160752.5, 1416612.92, 0.40354
160889.15, 1416971.29, 0.40354
160164.87, 1416032.24, 0.40354
160828.86, 1416717.86, 0.40354
160917.92, 1416948.55, 0.40354
160193.85, 1416391.33, 0.40354
160936.22, 1416928.61, 0.40354
160962.76, 1416827.16, 0.40354
160887.4, 1416780.04, 0.40354
160849.54, 1416968.91, 0.40354
160601.97, 1416812.75, 0.40354
160812.68, 1416648.0, 0.40354
160869.6, 1416689.53, 0.40354
160817.82, 1416905.0, 0.40354
160966.92, 1416631.5, 0.40354
160832.29, 1416639.59, 0.40354
160819.06, 1416683.18, 0.40354
160324.73, 1416245.61, 0.40354
160864.94, 1416635.43, 0.40354
160845.95, 1416683.69, 0.40354
160923.64, 1416984.96, 0.40354
160792.63, 1416882.17, 0.40354
160811.16, 1416875.88, 0.40354
160795.21, 1416657.48, 0.40354
160843.81, 1416419.91, 0.40354
163763.49, 1416606.21, 0.40648
163704.24, 1416443.7, 0.40648
163746.09, 1416221.15, 0.40648
163734.26, 1416332.17, 0.40648
163660.56, 1416344.05, 0.40648
163938.97, 1416381.59, 0.40648
163858.91, 1416376.07, 0.40648
163819.25, 1416411.1, 0.40648
163840.02, 1416133.77, 0.40648
163871.4, 1416119.88, 0.40648
163535.54, 1416529.82, 0.40648
163655.7, 1416668.78, 0.40648
163812.62, 1416380.44, 0.40648
163827.99, 1416356.36, 0.40648
163910.8, 1416825.77, 0.40648
163925.77, 1416472.22, 0.40648
163598.56, 1416537.16, 0.40648
163691.98, 1416069.73, 0.40648
163689.34, 1416604.37, 0.40648
163843.85, 1416161.97, 0.40648
163777.64, 1416163.66, 0.40648
163702.95, 1416302.37, 0.40648
163967.46, 1416170.23, 0.40648
163465.28, 1416751.93, 0.40648
163898.56, 1416309.88, 0.40648
163732.53, 1416108.58, 0.40648
163974.89, 1416203.96, 0.40648
163742.0, 1416638.17, 0.40648
163847.68, 1416439.42, 0.40648
163808.33, 1416127.12, 0.40648
163161.44, 1416054.92, 0.40648
163796.68, 1416018.97, 0.40648
163841.98, 1416400.59, 0.40648
163867.15, 1416452.61, 0.40648
163864.99, 1416171.74, 0.40648
163955.34, 1416353.73, 0.40648
163711.37, 1416581.86, 0.40648
163609.54, 1416467.02, 0.40648
163658.73, 1416557.72, 0.40648
163974.19, 1416413.4, 0.40648
163737.23, 1416353.53, 0.40648
163439.74, 1416896.05, 0.40648
163688.99, 1416551.18, 0.40648
163716.44, 1416691.76, 0.40648
163970.18, 1416062.99, 0.40648
163852.96, 1416856.79, 0.40648
163574.93, 1416632.4, 0.40648
163731.12, 1416601.32, 0.40648
163533.42, 1416913.66, 0.40648
163809.42, 1416616.14, 0.40648
163874.88, 1416577.88, 0.40648
163756.94, 1416553.32, 0.40648
163905.2, 1416045.95, 0.40648
163717.86, 1416040.62, 0.40648
163648.24, 1416585.28, 0.40648
163575.02, 1416909.71, 0.40648
163962.66, 1416385.99, 0.40648
163684.95, 1416833.21, 0.40648
163642.19, 1416568.15, 0.40648
163793.92, 1416536.71, 0.40648
163955.64, 1416200.84, 0.40648
163912.09, 1416504.89, 0.40648
163480.42, 1416920.61, 0.40648
163733.21, 1416661.96, 0.40648
163932.73, 1416148.26, 0.40648
163902.91, 1416170.79, 0.40648
163871.14, 1416174.37, 0.40648
163033.0, 1416764.61, 0.40648
163730.14, 1416179.23, 0.40648
163497.81, 1416543.84, 0.40648
163394.01, 1416973.27, 0.40648
163896.65, 1416575.91, 0.40648
163946.17, 1416149.85, 0.40648
163833.49, 1416922.48, 0.40648
163669.31, 1416431.88, 0.40648
163844.1, 1416327.46, 0.40648
163645.55, 1416604.52, 0.40648
164031.45, 1416154.36, 0.41789
164529.72, 1416429.04, 0.41789
164188.4, 1416686.7, 0.41789
164185.61, 1416623.41, 0.41789
164615.47, 1416780.9, 0.41789
164393.63, 1416446.99, 0.41789
161238.53, 1416261.75, 0.40047
161291.41, 1416937.69, 0.40047
161575.14, 1416149.21, 0.40047
161295.65, 1416740.02, 0.40047
161384.0, 1416272.75, 0.40047
161320.03, 1416215.28, 0.40047
161410.52, 1416698.16, 0.40047
161161.93, 1416464.9, 0.40047
161694.63, 1416105.55, 0.40047
161319.57, 1416432.77, 0.40047
161563.21, 1416203.95, 0.40047
161077.3, 1416619.62, 0.40047
161381.84, 1416347.03, 0.40047
161078.68, 1416364.45, 0.40047
161039.25, 1416363.47, 0.40047
161641.84, 1416026.86, 0.40047
161357.95, 1416170.16, 0.40047
161434.34, 1416124.55, 0.40047
161183.41, 1416479.83, 0.40047
161163.62, 1416791.8, 0.40047
161494.5, 1416613.81, 0.40047
161353.92, 1416054.81, 0.40047
161183.64, 1416451.08, 0.40047
161470.65, 1416402.79, 0.40047
161371.59, 1416424.01, 0.40047
161631.81, 1416562.64, 0.40047
161097.62, 1416605.69, 0.40047
161348.7, 1416083.69, 0.40047
161064.89, 1416583.34, 0.40047
161280.22, 1416232.12, 0.40047
161806.09, 1416336.67, 0.40047
161067.88, 1416424.97, 0.40047
161275.41, 1416537.54, 0.40047
161442.84, 1416163.21, 0.40047
161372.38, 1416372.3, 0.40047
161260.78, 1416871.4, 0.40047
161463.15, 1416645.16, 0.40047
161421.83, 1416436.97, 0.40047
161625.04, 1416031.09, 0.40047
161045.68, 1416890.63, 0.40047
161199.19, 1416938.31, 0.40047
161683.22, 1416215.24, 0.40047
161311.75, 1416677.52, 0.40047
161775.18, 1416300.12, 0.40047
161029.78, 1416625.48, 0.40047
161023.19, 1416304.87, 0.40047
161132.36, 1416605.15, 0.40047
161075.75, 1416560.45, 0.40047
161307.6, 1416695.56, 0.40047
161087.97, 1416269.88, 0.40047
161118.94, 1416802.52, 0.40047
161325.01, 1416957.77, 0.40047
161669.59, 1416013.66, 0.40047
161373.61, 1416087.27, 0.40047
161257.77, 1416502.35, 0.40047
161784.28, 1416340.26, 0.40047
161345.65, 1416420.34, 0.40047
161208.47, 1416262.9, 0.40047
161397.88, 1416294.74, 0.40047
161457.61, 1416203.32, 0.40047
161219.01, 1416542.56, 0.40047
161318.45, 1416190.46, 0.40047
161202.5, 1416906.92, 0.40047
161537.32, 1416211.75, 0.40047
161545.25, 1416154.95, 0.40047
161063.17, 1416536.14, 0.40047
161141.73, 1416955.42, 0.40047
161312.65, 1416456.85, 0.40047
161085.11, 1416523.17, 0.40047
161429.55, 1416084.45, 0.40047
161398.34, 1416177.15, 0.40047
161268.69, 1416349.59, 0.40047
161048.84, 1416888.23, 0.40047
161051.07, 1416607.87, 0.40047
162718.07, 1416257.71, 0.41567
162760.66, 1416207.89, 0.41567
162708.06, 1416403.46, 0.41567
162813.58, 1416382.96, 0.41567
162669.03, 1416683.71, 0.41567
162683.33, 1416191.94, 0.41567
162900.55, 1416314.53, 0.41567
162886.87, 1416359.16, 0.41567
162783.14, 1416106.44, 0.41567
162643.51, 1416841.63, 0.41567
162030.6, 1416785.25, 0.41567
162054.47, 1416745.41, 0.41567
162666.85, 1416552.29, 0.41567
162803.03, 1416628.98, 0.41567
162719.64, 1416848.88, 0.41567
162888.97, 1416382.22, 0.41567
162845.86, 1416629.79, 0.41567
162777.24, 1416600.88, 0.41567
162687.07, 1416635.52, 0.41567
162826.79, 1416586.69, 0.41567
162783.57, 1416294.45, 0.41567
162829.85, 1416621.6, 0.41567
162841.35, 1416803.81, 0.41567
162756.09, 1416550.63, 0.41567
162869.93, 1416412.29, 0.41567
162844.7, 1416583.36, 0.41567
162735.6, 1416380.31, 0.41567
162605.02, 1416446.88, 0.41567
162859.7, 1416658.18, 0.41567
162960.93, 1416933.5, 0.41567
162783.92, 1416081.64, 0.41567
162818.42, 1416075.04, 0.41567
162773.17, 1416078.0, 0.41567
162778.52, 1416466.9, 0.41567
162746.1, 1416077.15, 0.41567
162773.49, 1416945.92, 0.41567
162780.12, 1416079.94, 0.41567
162767.32, 1416076.2, 0.41567
162905.58, 1416364.04, 0.41567
162830.89, 1416561.95, 0.41567
160751.03, 1415530.83, 0.41987
160871.53, 1415277.49, 0.41987
160401.95, 1415861.93, 0.41987
160841.32, 1415377.05, 0.41987
160777.16, 1415332.85, 0.41987
160480.54, 1415842.09, 0.41987
160825.86, 1415321.84, 0.41987
160810.04, 1415059.37, 0.41987
160511.34, 1415784.27, 0.41987
160973.42, 1415498.71, 0.41987
160879.42, 1415553.16, 0.41987
160310.25, 1415618.45, 0.41987
160929.92, 1415039.92, 0.41987
160839.48, 1415057.68, 0.41987
160846.23, 1415325.83, 0.41987
160781.21, 1415064.58, 0.41987
160556.94, 1415163.35, 0.41987
160989.76, 1415096.37, 0.41987
160948.95, 1415343.08, 0.41987
160720.25, 1415061.8, 0.41987
160974.84, 1415475.12, 0.41987
160824.28, 1415220.23, 0.41987
160796.81, 1415976.8, 0.41987
163745.08, 1415868.71, 0.44494
163777.27, 1415833.24, 0.44494
163925.82, 1415703.76, 0.44494
163743.67, 1415944.62, 0.44494
163745.88, 1415919.96, 0.44494
163881.77, 1415923.09, 0.44494
163698.34, 1415873.32, 0.44494
163714.59, 1415950.34, 0.44494
163960.03, 1415930.44, 0.44494
163688.3, 1415974.23, 0.44494
163774.41, 1415892.94, 0.44494
163873.36, 1415687.49, 0.44494
163804.55, 1415926.14, 0.44494
163988.55, 1415740.57, 0.44494
163921.01, 1415971.49, 0.44494
163813.01, 1415897.96, 0.44494
163937.17, 1415809.91, 0.44494
163802.6, 1415899.27, 0.44494
163980.87, 1415568.35, 0.44494
163833.67, 1415916.99, 0.44494
163888.97, 1415632.76, 0.44494
163818.49, 1415897.17, 0.44494
163892.96, 1415960.22, 0.44494
163849.01, 1415929.85, 0.44494
163778.17, 1415927.26, 0.44494
163952.71, 1415781.04, 0.44494
164338.11, 1415648.86, 0.40918
164543.59, 1415082.93, 0.40918
164568.86, 1415173.81, 0.40918
164818.32, 1415853.16, 0.40918
164434.19, 1415232.21, 0.40918
164321.76, 1415447.95, 0.40918
164094.94, 1415855.2, 0.40918
164320.59, 1415553.93, 0.40918
164410.27, 1415252.43, 0.40918
164889.34, 1415812.89, 0.40918
161653.23, 1415950.78, 0.41444
161395.05, 1415902.05, 0.41444
161284.88, 1415176.22, 0.41444
161663.19, 1415872.54, 0.41444
161316.31, 1415917.0, 0.41444
161868.86, 1415764.02, 0.41444
161392.95, 1415972.62, 0.41444
161793.42, 1415834.14, 0.41444
161598.61, 1415906.46, 0.41444
161882.58, 1415725.76, 0.41444
161805.07, 1415892.06, 0.41444
161846.99, 1415765.11, 0.41444
161977.03, 1415636.18, 0.41444
161271.0, 1415944.64, 0.41444
161637.23, 1415407.33, 0.41444
161918.66, 1415701.11, 0.41444
161917.78, 1415738.57, 0.41444
161496.52, 1415529.89, 0.41444
161796.94, 1415912.85, 0.41444
161332.44, 1415964.93, 0.41444
161951.41, 1415816.57, 0.41444
161373.96, 1415894.91, 0.41444
161779.05, 1415858.71, 0.41444
161270.01, 1415922.1, 0.41444
161687.64, 1415914.45, 0.41444
161696.42, 1415882.8, 0.41444
161728.55, 1415933.83, 0.41444
161093.32, 1415148.45, 0.41444
162113.39, 1415110.01, 0.41083
162193.14, 1415050.75, 0.41083
162370.59, 1415856.49, 0.41083
162216.14, 1415094.45, 0.41083
162250.29, 1415108.15, 0.41083
162641.23, 1415922.55, 0.41083
162733.0, 1415783.15, 0.41083
162225.96, 1415245.27, 0.41083
162179.04, 1415090.37, 0.41083
162964.27, 1415816.44, 0.41083
162222.74, 1415018.9, 0.41083
162692.39, 1415911.48, 0.41083
162150.62, 1415913.96, 0.41083
162123.73, 1415169.76, 0.41083
162146.74, 1415058.72, 0.41083
162226.79, 1415139.15, 0.41083
160048.43, 1418600.09, 0.40795
160032.77, 1418253.12, 0.40795
160678.04, 1418125.03, 0.40795
160200.27, 1418341.5, 0.40795
160325.54, 1418899.96, 0.40795
160322.23, 1418350.92, 0.40795
160255.08, 1418407.98, 0.40795
160315.83, 1418072.49, 0.40795
160086.67, 1418060.64, 0.40795
160070.78, 1418655.47, 0.40795
160374.16, 1418936.14, 0.40795
160283.86, 1418107.68, 0.40795
160338.86, 1418054.58, 0.40795
160657.33, 1418060.48, 0.40795
160658.22, 1418031.92, 0.40795
160253.85, 1418198.41, 0.40795
160332.18, 1418867.03, 0.40795
160235.68, 1418042.22, 0.40795
160878.28, 1418420.46, 0.40795
160703.76, 1418088.27, 0.40795
160764.22, 1418609.24, 0.40795
160071.47, 1418603.31, 0.40795
160266.29, 1418367.38, 0.40795
160073.88, 1418458.17, 0.40795
160157.19, 1418419.59, 0.40795
160045.15, 1418746.45, 0.40795
160548.04, 1418904.02, 0.40795
160306.71, 1418862.69, 0.40795
160342.89, 1418151.63, 0.40795
160372.12, 1418145.68, 0.40795
160032.49, 1418652.93, 0.40795
160318.43, 1418378.78, 0.40795
160193.54, 1418064.57, 0.40795
160064.63, 1418189.29, 0.40795
160683.64, 1418047.94, 0.40795
160482.31, 1418168.73, 0.40795
160301.05, 1418277.52, 0.40795
160741.97, 1418017.56, 0.40795
160036.41, 1418630.73, 0.40795
160442.19, 1418212.24, 0.40795
160378.92, 1418323.54, 0.40795
160318.79, 1418328.66, 0.40795
160794.51, 1418022.24, 0.40795
160934.64, 1418435.98, 0.40795
160087.62, 1418448.54, 0.40795
160112.56, 1418622.12, 0.40795
160652.56, 1418086.63, 0.40795
160099.14, 1418714.91, 0.40795
160291.11, 1418084.28, 0.40795
160071.33, 1418165.34, 0.40795
160507.72, 1418059.87, 0.40795
160053.58, 1418175.5, 0.40795
160056.56, 1418178.49, 0.40795
160194.4, 1418375.16, 0.40795
160061.27, 1418687.23, 0.40795
160231.57, 1418189.43, 0.40795
160438.34, 1418014.18, 0.40795
160499.66, 1418905.81, 0.40795
163228.89, 1418697.06, 0.40442
163701.3, 1418300.64, 0.40442
163279.08, 1418392.96, 0.40442
163425.66, 1418717.3, 0.40442
163093.43, 1418637.43, 0.40442
163044.47, 1418097.42, 0.40442
163186.32, 1418879.79, 0.40442
163283.9, 1418827.71, 0.40442
163251.96, 1418772.02, 0.40442
163162.56, 1418299.6, 0.40442
163320.03, 1418799.25, 0.40442
163250.81, 1418350.73, 0.40442
163125.76, 1418720.76, 0.40442
163201.03, 1418904.49, 0.40442
163214.57, 1418770.23, 0.40442
163281.69, 1418426.82, 0.40442
163233.29, 1418833.34, 0.40442
163199.23, 1418703.11, 0.40442
163389.7, 1418025.19, 0.40442
163343.56, 1418043.36, 0.40442
163198.25, 1418334.47, 0.40442
163266.98, 1418733.11, 0.40442
163388.78, 1418916.26, 0.40442
163205.9, 1418870.79, 0.40442
163239.14, 1418905.77, 0.40442
163300.73, 1418014.9, 0.40442
163168.03, 1418736.66, 0.40442
163282.53, 1418670.08, 0.40442
163185.51, 1418313.87, 0.40442
163279.13, 1418232.06, 0.40442
164512.53, 1418692.96, 0.4003
164429.46, 1418635.78, 0.4003
164377.69, 1418561.11, 0.4003
164512.34, 1418751.87, 0.4003
164153.95, 1418945.84, 0.4003
164336.71, 1418829.07, 0.4003
164470.23, 1418773.27, 0.4003
164198.79, 1418324.05, 0.4003
164180.94, 1418712.39, 0.4003
164255.12, 1418035.04, 0.4003
164885.05, 1418802.23, 0.4003
164393.95, 1418585.72, 0.4003
164123.8, 1418799.68, 0.4003
164340.66, 1418760.89, 0.4003
164649.16, 1418856.36, 0.4003
164183.2, 1418851.34, 0.4003
164822.64, 1418969.55, 0.4003
164613.42, 1418886.19, 0.4003
164131.77, 1418920.18, 0.4003
164433.11, 1418883.69, 0.4003
164359.26, 1418495.5, 0.4003
164594.26, 1418931.51, 0.4003
164643.64, 1418904.78, 0.4003
164890.61, 1418906.03, 0.4003
164648.77, 1418768.94, 0.4003
164867.63, 1418732.94, 0.4003
164790.73, 1418949.02, 0.4003
164791.93, 1418683.16, 0.4003
164695.39, 1418756.72, 0.4003
164814.88, 1418809.47, 0.4003
164411.82, 1418524.77, 0.4003
164881.73, 1418713.29, 0.4003
164143.32, 1418853.16, 0.4003
164944.7, 1418875.59, 0.4003
164445.05, 1418697.93, 0.4003
164347.74, 1418968.96, 0.4003
164380.28, 1418071.37, 0.4003
164734.11, 1418124.35, 0.4003
164046.89, 1418913.77, 0.4003
164899.49, 1418720.24, 0.4003
164843.62, 1418944.31, 0.4003
164069.95, 1418891.57, 0.4003
164187.93, 1418950.55, 0.4003
164715.74, 1418811.75, 0.4003
164709.68, 1418675.83, 0.4003
164799.68, 1418653.82, 0.4003
164821.41, 1418906.69, 0.4003
164898.51, 1418980.7, 0.4003
164153.6, 1418573.86, 0.4003
164669.38, 1418811.65, 0.4003
164112.15, 1418985.98, 0.4003
164391.15, 1418857.38, 0.4003
164863.98, 1418945.3, 0.4003
164200.57, 1418709.98, 0.4003
164940.3, 1418790.04, 0.4003
164933.09, 1418852.51, 0.4003
164863.4, 1418989.55, 0.4003
164694.43, 1418864.99, 0.4003
164094.05, 1418965.47, 0.4003
164169.66, 1418979.54, 0.4003
164921.81, 1418802.65, 0.4003
164956.95, 1418900.83, 0.4003
164096.27, 1418895.6, 0.4003
164881.87, 1418931.43, 0.4003
164091.2, 1418926.35, 0.4003
164103.28, 1418904.76, 0.4003
164892.79, 1418959.24, 0.4003
164977.25, 1418883.57, 0.4003
164335.71, 1418886.29, 0.4003
164323.76, 1418043.89, 0.4003
164973.49, 1418690.03, 0.4003
164834.56, 1418844.93, 0.4003
164808.57, 1418663.46, 0.4003
164800.11, 1418874.23, 0.4003
164121.68, 1418620.79, 0.4003
164392.16, 1418864.28, 0.4003
164962.31, 1418759.75, 0.4003
164862.4, 1418907.96, 0.4003
164425.95, 1418709.24, 0.4003
164391.52, 1418663.84, 0.4003
164408.2, 1418051.67, 0.4003
164917.89, 1418920.32, 0.4003
164656.24, 1418888.84, 0.4003
164454.08, 1418973.55, 0.4003
164640.28, 1418797.65, 0.4003
164431.18, 1418855.04, 0.4003
164228.67, 1418707.52, 0.4003
164773.39, 1418973.57, 0.4003
164138.48, 1418851.33, 0.4003
164625.73, 1418938.49, 0.4003
164355.05, 1418104.35, 0.4003
164913.01, 1418761.7, 0.4003
164420.85, 1418615.18, 0.4003
164025.98, 1418947.59, 0.4003
161403.92, 1418320.78, 0.42051
161617.4, 1418592.69, 0.42051
161224.06, 1418523.48, 0.42051
161172.45, 1418927.98, 0.42051
161402.37, 1418410.87, 0.42051
161866.09, 1418755.53, 0.42051
161057.54, 1418763.0, 0.42051
161401.52, 1418186.06, 0.42051
161177.45, 1418761.47, 0.42051
161085.47, 1418897.58, 0.42051
161938.4, 1418138.19, 0.42051
161569.92, 1418619.96, 0.42051
161325.22, 1418404.49, 0.42051
161856.31, 1418438.46, 0.42051
161631.51, 1418456.11, 0.42051
161256.08, 1418683.73, 0.42051
161124.65, 1418279.31, 0.42051
161125.17, 1418857.63, 0.42051
161127.96, 1418876.71, 0.42051
161765.67, 1418631.43, 0.42051
161405.61, 1418356.1, 0.42051
161834.65, 1418750.73, 0.42051
161100.65, 1418671.14, 0.42051
161419.24, 1418673.95, 0.42051
161089.41, 1418375.39, 0.42051
161242.38, 1418337.42, 0.42051
162407.01, 1418305.98, 0.4078
162362.68, 1418240.4, 0.4078
162379.23, 1418803.87, 0.4078
162269.95, 1418643.59, 0.4078
162366.69, 1418834.33, 0.4078
162215.84, 1418612.66, 0.4078
162568.94, 1418610.5, 0.4078
162446.28, 1418391.43, 0.4078
162251.82, 1418751.56, 0.4078
162122.7, 1418127.24, 0.4078
162204.55, 1418579.96, 0.4078
162964.32, 1418404.99, 0.4078
162427.96, 1418362.7, 0.4078
162668.93, 1418744.21, 0.4078
162610.21, 1418610.67, 0.4078
162399.91, 1418414.82, 0.4078
162472.2, 1418445.65, 0.4078
162649.9, 1418709.98, 0.4078
162660.76, 1418223.5, 0.4078
162686.99, 1418733.89, 0.4078
162129.47, 1418248.43, 0.4078
162606.01, 1418653.01, 0.4078
162385.77, 1418627.73, 0.4078
162626.59, 1418754.43, 0.4078
162183.27, 1418590.14, 0.4078
162315.98, 1418599.21, 0.4078
160399.26, 1417839.33, 0.408
160624.48, 1417684.01, 0.408
160677.42, 1417707.96, 0.408
160054.29, 1417736.77, 0.408
160359.61, 1417919.39, 0.408
160824.3, 1417543.8, 0.408
160315.83, 1417797.23, 0.408
160628.91, 1417846.85, 0.408
160047.19, 1417362.39, 0.408
160148.48, 1417372.27, 0.408
160689.6, 1417814.97, 0.408
160252.2, 1417597.52, 0.408
160621.79, 1417766.48, 0.408
160719.91, 1417876.54, 0.408
160638.31, 1417892.58, 0.408
160884.06, 1417805.26, 0.408
160947.78, 1417419.45, 0.408
160834.57, 1417730.46, 0.408
160078.13, 1417378.13, 0.408
160747.01, 1417918.95, 0.408
160604.33, 1417803.35, 0.408
160086.48, 1417709.99, 0.408
160162.22, 1417622.8, 0.408
160958.86, 1417796.64, 0.408
160243.94, 1417518.19, 0.408
160910.56, 1417610.33, 0.408
160184.61, 1417350.73, 0.408
160148.58, 1417597.53, 0.408
160944.34, 1417496.1, 0.408
160362.45, 1417802.92, 0.408
160803.24, 1417952.94, 0.408
160253.56, 1417651.71, 0.408
160960.71, 1417681.01, 0.408
160120.29, 1417339.37, 0.408
160933.18, 1417818.9, 0.408
160446.56, 1417866.62, 0.408
160432.79, 1417889.93, 0.408
160833.92, 1417779.28, 0.408
160918.33, 1417721.32, 0.408
160921.76, 1417933.07, 0.408
160793.84, 1417698.66, 0.408
160939.98, 1417783.01, 0.408
160737.58, 1417860.74, 0.408
160974.51, 1417537.67, 0.408
160530.18, 1417796.86, 0.408
160300.2, 1417819.72, 0.408
160914.46, 1417648.14, 0.408
160746.92, 1417895.98, 0.408
160681.97, 1417867.43, 0.408
160547.09, 1417830.64, 0.408
160857.24, 1417680.09, 0.408
160474.18, 1417926.66, 0.408
160953.36, 1417214.35, 0.408
160668.28, 1417785.29, 0.408
160730.17, 1417834.94, 0.408
160981.81, 1417567.56, 0.408
160440.28, 1417765.53, 0.408
160766.76, 1417911.42, 0.408
160768.26, 1417981.14, 0.408
160937.59, 1417920.03, 0.408
160462.31, 1417731.04, 0.408
160811.93, 1417740.87, 0.408
160223.67, 1417565.6, 0.408
160904.14, 1417520.7, 0.408
160047.16, 1417440.16, 0.408
160338.33, 1417913.13, 0.408
160789.37, 1417578.7, 0.408
160494.51, 1417744.41, 0.408
160208.4, 1417660.05, 0.408
160820.39, 1417981.29, 0.408
160114.38, 1417666.5, 0.408
160222.27, 1417553.23, 0.408
160019.94, 1417432.85, 0.408
160045.48, 1417302.87, 0.408
160795.36, 1417888.87, 0.408
160919.5, 1417569.03, 0.408
160556.24, 1417855.06, 0.408
160977.75, 1417947.42, 0.408
160488.74, 1417919.03, 0.408
163690.01, 1417162.28, 0.40823
163426.36, 1417328.17, 0.40823
163643.33, 1417304.58, 0.40823
163296.65, 1417127.87, 0.40823
163142.87, 1417861.54, 0.40823
163227.61, 1417863.74, 0.40823
163611.31, 1417176.65, 0.40823
163372.73, 1417057.78, 0.40823
163178.7, 1417922.66, 0.40823
163567.61, 1417194.9, 0.40823
163636.15, 1417152.95, 0.40823
163271.2, 1417186.75, 0.40823
163697.99, 1417029.74, 0.40823
163475.08, 1417245.94, 0.40823
163725.28, 1417293.65, 0.40823
163701.63, 1417265.82, 0.40823
163535.19, 1417572.05, 0.40823
163571.66, 1417178.11, 0.40823
163597.57, 1417116.74, 0.40823
163813.75, 1417386.65, 0.40823
163476.46, 1417457.1, 0.40823
163883.82, 1417144.47, 0.40823
163640.6, 1417175.64, 0.40823
163566.77, 1417107.04, 0.40823
163610.25, 1417279.26, 0.40823
163213.91, 1417910.85, 0.40823
163645.8, 1417072.15, 0.40823
163535.22, 1417120.62, 0.40823
163695.69, 1417545.77, 0.40823
163338.0, 1417024.97, 0.40823
163211.02, 1417975.8, 0.40823
163082.06, 1417155.47, 0.40823
163497.27, 1417079.35, 0.40823
163272.54, 1417054.62, 0.40823
163725.5, 1417327.96, 0.40823
163677.02, 1417293.36, 0.40823
163534.82, 1417460.62, 0.40823
163035.29, 1417716.49, 0.40823
163333.97, 1417733.52, 0.40823
163404.81, 1417061.43, 0.40823
163467.08, 1417231.2, 0.40823
163699.62, 1417637.2, 0.40823
163340.0, 1417152.02, 0.40823
163600.9, 1417326.86, 0.40823
163352.33, 1417038.87, 0.40823
164679.98, 1417809.46, 0.40203
164818.13, 1417422.86, 0.40203
164638.99, 1417417.61, 0.40203
164915.44, 1417268.02, 0.40203
164883.62, 1417436.91, 0.40203
164474.89, 1417585.02, 0.40203
164605.06, 1417944.28, 0.40203
164877.9, 1417840.29, 0.40203
164766.34, 1417472.44, 0.40203
164474.33, 1417624.32, 0.40203
164834.44, 1417527.73, 0.40203
164951.69, 1417387.76, 0.40203
164894.43, 1417477.87, 0.40203
164579.11, 1417808.88, 0.40203
164791.4, 1417532.99, 0.40203
164814.42, 1417372.7, 0.40203
164752.09, 1417326.89, 0.40203
164398.34, 1417855.31, 0.40203
164875.11, 1417417.96, 0.40203
164345.1, 1417960.76, 0.40203
164528.84, 1417971.41, 0.40203
164838.82, 1417899.22, 0.40203
164946.51, 1417535.74, 0.40203
164935.85, 1417343.42, 0.40203
164838.86, 1417410.93, 0.40203
164815.02, 1417329.84, 0.40203
164429.5, 1417717.08, 0.40203
164769.39, 1417710.86, 0.40203
164921.32, 1417525.54, 0.40203
164735.06, 1417311.82, 0.40203
164408.48, 1417641.71, 0.40203
164610.39, 1417978.07, 0.40203
164541.29, 1417524.01, 0.40203
164383.99, 1417647.37, 0.40203
164757.21, 1417444.97, 0.40203
164627.36, 1417935.08, 0.40203
164956.25, 1417370.64, 0.40203
164946.04, 1417479.58, 0.40203
164907.15, 1417242.6, 0.40203
164383.64, 1417761.09, 0.40203
164872.82, 1417803.22, 0.40203
164652.56, 1417859.47, 0.40203
164606.19, 1417746.85, 0.40203
164371.28, 1417564.48, 0.40203
164364.8, 1417929.78, 0.40203
164744.37, 1417470.8, 0.40203
164632.85, 1417914.82, 0.40203
164856.71, 1417354.16, 0.40203
164920.74, 1417474.55, 0.40203
164439.72, 1417624.21, 0.40203
164761.76, 1417429.05, 0.40203
164956.97, 1417811.43, 0.40203
164963.69, 1417485.29, 0.40203
161320.94, 1417265.39, 0.40134
161148.45, 1417843.15, 0.40134
161046.74, 1417190.79, 0.40134
161484.7, 1417275.9, 0.40134
161872.74, 1417777.61, 0.40134
161213.8, 1417619.66, 0.40134
161407.16, 1417742.94, 0.40134
161832.93, 1417641.54, 0.40134
161429.78, 1417603.96, 0.40134
161599.98, 1417076.7, 0.40134
161390.04, 1417611.09, 0.40134
161377.1, 1417645.89, 0.40134
161716.94, 1417111.77, 0.40134
161206.48, 1417558.06, 0.40134
161152.13, 1417624.84, 0.40134
161890.73, 1417856.25, 0.40134
161125.39, 1417918.19, 0.40134
161214.15, 1417722.91, 0.40134
161458.17, 1417657.95, 0.40134
161369.06, 1417248.43, 0.40134
161424.32, 1417833.6, 0.40134
161590.48, 1417861.94, 0.40134
161044.07, 1417938.31, 0.40134
161499.59, 1417541.9, 0.40134
161579.32, 1417450.35, 0.40134
161260.97, 1417586.41, 0.40134
161465.79, 1417680.74, 0.40134
161794.01, 1417718.69, 0.40134
161499.74, 1417603.78, 0.40134
161500.27, 1417712.98, 0.40134
161593.38, 1417812.32, 0.40134
161230.53, 1417704.07, 0.40134
161899.91, 1417623.71, 0.40134
161453.92, 1417333.41, 0.40134
161507.97, 1417773.95, 0.40134
161129.18, 1417045.75, 0.40134
161383.3, 1417771.02, 0.40134
161915.12, 1417691.39, 0.40134
161460.04, 1417726.61, 0.40134
161402.14, 1417773.68, 0.40134
161423.36, 1417802.22, 0.40134
161455.58, 1417607.02, 0.40134
161915.93, 1417713.76, 0.40134
161165.35, 1417437.32, 0.40134
161206.69, 1417784.24, 0.40134
161694.27, 1417594.26, 0.40134
161959.42, 1417790.25, 0.40134
161781.92, 1417023.02, 0.40134
161675.42, 1417644.41, 0.40134
161121.1, 1417112.55, 0.40134
161891.66, 1417918.73, 0.40134
161749.78, 1417860.81, 0.40134
161157.27, 1417555.83, 0.40134
161655.48, 1417662.82, 0.40134
161108.82, 1417864.35, 0.40134
161174.6, 1417509.34, 0.40134
161603.84, 1417429.61, 0.40134
161526.06, 1417609.86, 0.40134
161401.12, 1417804.38, 0.40134
161483.05, 1417373.46, 0.40134
161772.94, 1417153.34, 0.40134
161942.78, 1417734.89, 0.40134
161015.18, 1417437.03, 0.40134
161979.41, 1417925.1, 0.40134
161396.61, 1417869.09, 0.40134
161072.16, 1417028.86, 0.40134
161155.61, 1417484.39, 0.40134
161197.92, 1417494.42, 0.40134
161903.09, 1417787.76, 0.40134
161756.66, 1417668.46, 0.40134
161626.24, 1417816.07, 0.40134
161543.61, 1417548.66, 0.40134
161453.25, 1417601.15, 0.40134
161183.84, 1417566.07, 0.40134
161476.88, 1417800.93, 0.40134
161511.2, 1417620.76, 0.40134
161514.04, 1417617.41, 0.40134
161130.6, 1417602.78, 0.40134
161128.89, 1417869.26, 0.40134
161657.34, 1417828.48, 0.40134
161577.83, 1417579.88, 0.40134
161432.04, 1417903.3, 0.40134
162341.88, 1417730.54, 0.42096
162409.34, 1417698.78, 0.42096
162390.86, 1417591.4, 0.42096
162241.44, 1417731.23, 0.42096
162321.31, 1417635.63, 0.42096
162766.42, 1417760.82, 0.42096
162164.0, 1417656.73, 0.42096
162150.2, 1417817.26, 0.42096
162050.76, 1417868.96, 0.42096
162658.03, 1417663.41, 0.42096
162435.29, 1417746.9, 0.42096
162753.03, 1417811.89, 0.42096
162050.89, 1417810.05, 0.42096
162069.25, 1417790.0, 0.42096
162343.46, 1417867.21, 0.42096
162299.19, 1417845.86, 0.42096
162512.88, 1417665.1, 0.42096
162484.43, 1417810.54, 0.42096
162792.07, 1417787.11, 0.42096
162174.02, 1417600.59, 0.42096
162143.36, 1417884.05, 0.42096
162618.33, 1417548.38, 0.42096
162374.55, 1417633.2, 0.42096
162325.39, 1417756.87, 0.42096
162172.79, 1417893.89, 0.42096
162275.06, 1417749.4, 0.42096
162666.0, 1417851.69, 0.42096
162459.82, 1417826.66, 0.42096
162460.2, 1417557.52, 0.42096
162814.9, 1417763.6, 0.42096
162339.35, 1417644.2, 0.42096
162492.23, 1417535.11, 0.42096
162897.02, 1417968.09, 0.42096
162719.43, 1417112.92, 0.42096
162443.65, 1417702.4, 0.42096
162083.58, 1417909.89, 0.42096
162462.09, 1417525.24, 0.42096
162471.24, 1417683.68, 0.42096
162740.45, 1417047.56, 0.42096
162748.65, 1417865.0, 0.42096
162466.18, 1417639.63, 0.42096
162756.17, 1417847.66, 0.42096
162797.77, 1417199.81, 0.42096
162429.77, 1417561.09, 0.42096
162294.67, 1417621.4, 0.42096
162695.81, 1417847.58, 0.42096
162696.94, 1417633.75, 0.42096
162676.49, 1417680.4, 0.42096
162434.62, 1417810.1, 0.42096
162702.0, 1417808.58, 0.42096
162981.47, 1417072.61, 0.42096
162239.61, 1417789.93, 0.42096
162699.41, 1417815.56, 0.42096
162610.14, 1417755.39, 0.42096
162025.61, 1417872.43, 0.42096
162463.97, 1417604.63, 0.42096
162363.63, 1417538.58, 0.42096
162705.16, 1417800.38, 0.42096
162644.06, 1417813.68, 0.42096
162347.61, 1417517.79, 0.42096
162268.48, 1417674.35, 0.42096
162200.32, 1417886.42, 0.42096
162339.37, 1417557.44, 0.42096
162440.13, 1417623.58, 0.42096
162770.84, 1417893.41, 0.42096
162321.26, 1417540.81, 0.42096
