150853.57, 1419751.18, 0.40416
150659.9, 1419816.38, 0.40416
150792.77, 1419858.96, 0.40416
150569.74, 1419744.14, 0.40416
150663.17, 1419924.98, 0.40416
150651.38, 1419673.65, 0.40416
150715.21, 1419863.84, 0.40416
150698.48, 1419677.78, 0.40416
150618.3, 1419902.52, 0.40416
150807.87, 1419817.46, 0.40416
150631.93, 1419470.46, 0.40416
150047.35, 1419942.65, 0.40416
150722.55, 1419760.48, 0.40416
150633.69, 1419799.78, 0.40416
150611.35, 1419856.57, 0.40416
153049.25, 1419083.88, 0.40039
153240.5, 1419375.87, 0.40039
153250.7, 1419418.43, 0.40039
153106.05, 1419073.16, 0.40039
153244.44, 1419339.49, 0.40039
153194.91, 1419125.82, 0.40039
153970.7, 1419961.13, 0.40039
153035.16, 1419121.67, 0.40039
153211.18, 1419223.02, 0.40039
153937.09, 1419852.35, 0.40039
153179.17, 1419715.44, 0.40039
153259.99, 1419163.39, 0.40039
153210.79, 1419177.66, 0.40039
153970.67, 1419805.57, 0.40039
153162.23, 1419496.26, 0.40039
153027.46, 1419293.02, 0.40039
153188.85, 1419553.53, 0.40039
153505.67, 1419456.25, 0.40039
153253.34, 1419233.35, 0.40039
153111.34, 1419373.38, 0.40039
153081.02, 1419027.93, 0.40039
153175.66, 1419214.01, 0.40039
153179.13, 1419691.93, 0.40039
153273.8, 1419145.46, 0.40039
153029.47, 1419443.37, 0.40039
153182.98, 1419249.36, 0.40039
153207.38, 1419445.08, 0.40039
153333.03, 1419194.54, 0.40039
153494.51, 1419850.17, 0.40039
153171.9, 1419546.7, 0.40039
153963.59, 1419105.42, 0.40039
153075.09, 1419512.75, 0.40039
153019.62, 1419402.61, 0.40039
153050.79, 1419403.65, 0.40039
153150.11, 1419515.94, 0.40039
153968.94, 1419884.2, 0.40039
153241.53, 1419218.92, 0.40039
153653.11, 1419286.72, 0.40039
153132.18, 1419422.95, 0.40039
154360.95, 1419333.13, 0.40379
154916.64, 1419402.46, 0.40379
154273.43, 1419659.51, 0.40379
154302.21, 1419328.62, 0.40379
154706.42, 1419228.23, 0.40379
154401.66, 1419130.52, 0.40379
154254.29, 1419489.25, 0.40379
154373.22, 1419608.34, 0.40379
154837.84, 1419046.67, 0.40379
154778.53, 1419052.49, 0.40379
154928.6, 1419034.28, 0.40379
154195.53, 1419824.33, 0.40379
154636.71, 1419243.47, 0.40379
154334.78, 1419630.32, 0.40379
154222.27, 1419541.24, 0.40379
154632.63, 1419091.48, 0.40379
154396.34, 1419261.42, 0.40379
154461.5, 1419873.09, 0.40379
154358.46, 1419371.58, 0.40379
154798.49, 1419128.68, 0.40379
154516.02, 1419483.88, 0.40379
154315.19, 1419421.98, 0.40379
154574.04, 1419144.58, 0.40379
154602.99, 1419088.64, 0.40379
154040.39, 1419718.33, 0.40379
154309.66, 1419464.59, 0.40379
154079.75, 1419793.5, 0.40379
154273.49, 1419503.73, 0.40379
154592.64, 1419108.01, 0.40379
154349.6, 1419056.16, 0.40379
154471.84, 1419448.2, 0.40379
154043.28, 1419898.94, 0.40379
154043.02, 1419660.34, 0.40379
154284.07, 1419261.31, 0.40379
154871.21, 1419071.41, 0.40379
154108.39, 1419778.73, 0.40379
154367.8, 1419633.36, 0.40379
154533.34, 1419946.01, 0.40379
154857.27, 1419631.45, 0.40379
154459.13, 1419772.25, 0.40379
154477.89, 1419401.96, 0.40379
154126.09, 1419734.94, 0.40379
154443.55, 1419547.89, 0.40379
154025.56, 1419918.1, 0.40379
154295.89, 1419411.32, 0.40379
154913.03, 1419460.82, 0.40379
154957.76, 1419428.81, 0.40379
154272.2, 1419276.44, 0.40379
154392.52, 1419514.69, 0.40379
154608.07, 1419171.17, 0.40379
154411.67, 1419961.78, 0.40379
154219.62, 1419562.97, 0.40379
154037.82, 1419623.28, 0.40379
154277.45, 1419433.67, 0.40379
154633.34, 1419330.09, 0.40379
154207.78, 1419366.44, 0.40379
154652.24, 1419019.8, 0.40379
154650.24, 1419048.41, 0.40379
154485.69, 1419350.3, 0.40379
154074.15, 1419850.15, 0.40379
154186.41, 1419572.37, 0.40379
154648.23, 1419735.8, 0.40379
154280.94, 1419702.86, 0.40379
154402.8, 1419379.4, 0.40379
154075.73, 1419611.61, 0.40379
154612.85, 1419123.95, 0.40379
154837.06, 1419428.64, 0.40379
154626.02, 1419761.93, 0.40379
154296.13, 1419222.66, 0.40379
154832.04, 1419100.32, 0.40379
154347.68, 1419580.81, 0.40379
154325.22, 1419599.64, 0.40379
154579.59, 1419073.27, 0.40379
154425.85, 1419073.75, 0.40379
154428.82, 1419981.34, 0.40379
154232.89, 1419437.17, 0.40379
154174.89, 1419826.03, 0.40379
151153.24, 1419546.37, 0.43102
151514.03, 1419628.28, 0.43102
151588.62, 1419760.8, 0.43102
151118.02, 1419823.53, 0.43102
151614.89, 1419794.31, 0.43102
151362.45, 1419672.61, 0.43102
151173.45, 1419948.28, 0.43102
151139.9, 1419695.27, 0.43102
151205.06, 1419597.05, 0.43102
151551.4, 1419644.75, 0.43102
151072.07, 1419927.6, 0.43102
151130.68, 1419672.48, 0.43102
151568.53, 1419963.3, 0.43102
151265.82, 1419881.85, 0.43102
151660.91, 1419978.01, 0.43102
151155.97, 1419877.57, 0.43102
151301.26, 1419559.12, 0.43102
151680.79, 1419928.99, 0.43102
151227.22, 1419592.2, 0.43102
151164.59, 1419749.08, 0.43102
151093.51, 1419716.81, 0.43102
151029.38, 1419784.9, 0.43102
151388.71, 1419956.22, 0.43102
151844.61, 1419779.15, 0.43102
151498.14, 1419962.57, 0.43102
151604.24, 1419959.01, 0.43102
151640.38, 1419505.95, 0.43102
151595.02, 1419984.94, 0.43102
151344.57, 1419576.93, 0.43102
151706.21, 1419725.45, 0.43102
151622.66, 1419959.85, 0.43102
151517.8, 1419708.56, 0.43102
151576.34, 1419510.39, 0.43102
151136.44, 1419897.98, 0.43102
151626.51, 1419416.86, 0.43102
151182.07, 1419883.35, 0.43102
152887.71, 1419681.32, 0.40718
152282.14, 1419599.9, 0.40718
152294.57, 1419350.37, 0.40718
152322.43, 1419578.28, 0.40718
152639.58, 1419125.75, 0.40718
152836.69, 1419699.74, 0.40718
152326.14, 1419350.02, 0.40718
152718.95, 1419057.84, 0.40718
152405.74, 1419329.06, 0.40718
152450.95, 1419393.1, 0.40718
152269.89, 1419332.47, 0.40718
152080.33, 1419852.99, 0.40718
152775.52, 1419205.34, 0.40718
152170.76, 1419804.44, 0.40718
152907.03, 1419545.78, 0.40718
152208.42, 1419526.79, 0.40718
152225.02, 1419902.87, 0.40718
152847.23, 1419548.14, 0.40718
152167.65, 1419628.19, 0.40718
152886.74, 1419518.17, 0.40718
152748.65, 1419033.09, 0.40718
152227.4, 1419625.6, 0.40718
152949.62, 1419091.26, 0.40718
152111.44, 1419855.47, 0.40718
152195.92, 1419871.9, 0.40718
152209.2, 1419620.9, 0.40718
152158.08, 1419687.72, 0.40718
152451.98, 1419301.13, 0.40718
152195.4, 1419650.71, 0.40718
152217.79, 1419874.13, 0.40718
152578.05, 1419489.12, 0.40718
152193.17, 1419855.36, 0.40718
152626.63, 1419092.28, 0.40718
152145.06, 1419981.95, 0.40718
152043.93, 1419828.56, 0.40718
152838.47, 1419616.31, 0.40718
152317.55, 1419383.55, 0.40718
152278.14, 1419380.82, 0.40718
152696.34, 1419100.05, 0.40718
152825.47, 1419507.84, 0.40718
152438.29, 1419238.67, 0.40718
152090.49, 1419678.41, 0.40718
152274.71, 1419834.89, 0.40718
152064.07, 1419943.79, 0.40718
152352.84, 1419335.43, 0.40718
152932.92, 1419608.72, 0.40718
152653.93, 1419514.64, 0.40718
150182.45, 1416619.6, 0.40377
150765.86, 1416067.11, 0.40377
150416.61, 1416611.97, 0.40377
150051.48, 1416241.74, 0.40377
150379.26, 1416609.24, 0.40377
150155.33, 1416528.55, 0.40377
150203.07, 1416596.07, 0.40377
150504.28, 1416904.56, 0.40377
150090.51, 1416605.14, 0.40377
150120.34, 1416370.1, 0.40377
150242.49, 1416575.45, 0.40377
150097.96, 1416511.9, 0.40377
150136.83, 1416563.48, 0.40377
150168.0, 1416426.24, 0.40377
150701.39, 1416055.26, 0.40377
150076.16, 1416242.05, 0.40377
150118.17, 1416521.89, 0.40377
150360.05, 1416345.86, 0.40377
150394.33, 1416645.16, 0.40377
150113.16, 1416104.57, 0.40377
150183.16, 1416348.38, 0.40377
150050.14, 1416413.74, 0.40377
150105.6, 1416224.7, 0.40377
150365.33, 1416566.26, 0.40377
150111.36, 1416298.18, 0.40377
150207.28, 1416898.54, 0.40377
150215.43, 1416966.41, 0.40377
150703.61, 1416126.87, 0.40377
150454.09, 1416552.0, 0.40377
150161.38, 1416495.32, 0.40377
150046.64, 1416188.25, 0.40377
150110.95, 1416420.58, 0.40377
150345.82, 1416305.02, 0.40377
150156.36, 1416299.68, 0.40377
150101.77, 1416545.15, 0.40377
150534.41, 1416929.85, 0.40377
150668.83, 1416382.83, 0.40377
150695.05, 1416082.78, 0.40377
150270.46, 1416015.92, 0.40377
150035.99, 1416555.28, 0.40377
150189.31, 1416063.61, 0.40377
153738.4, 1416813.45, 0.4076
153918.41, 1416634.77, 0.4076
153073.05, 1416203.18, 0.4076
153924.39, 1416686.21, 0.4076
153889.65, 1416681.82, 0.4076
153959.17, 1416693.05, 0.4076
153273.7, 1416644.71, 0.4076
153844.88, 1416853.05, 0.4076
153967.42, 1416664.7, 0.4076
153886.38, 1416896.74, 0.4076
153555.39, 1416812.39, 0.4076
153064.65, 1416081.67, 0.4076
153945.64, 1416835.16, 0.4076
153888.11, 1416857.53, 0.4076
153778.98, 1416722.11, 0.4076
153807.78, 1416791.54, 0.4076
153613.81, 1416970.91, 0.4076
153169.19, 1416397.03, 0.4076
153938.02, 1416729.43, 0.4076
153787.09, 1416627.32, 0.4076
153840.26, 1416910.71, 0.4076
153828.78, 1416822.15, 0.4076
153671.67, 1416828.75, 0.4076
153947.76, 1416571.9, 0.4076
153862.25, 1416976.74, 0.4076
153161.56, 1416044.78, 0.4076
153907.73, 1416615.92, 0.4076
153101.97, 1416073.54, 0.4076
153654.55, 1416905.66, 0.4076
153710.66, 1416731.59, 0.4076
153879.88, 1416513.49, 0.4076
153956.64, 1416630.95, 0.4076
153784.95, 1416844.81, 0.4076
153352.35, 1416039.99, 0.4076
153742.06, 1416697.69, 0.4076
153373.94, 1416023.7, 0.4076
153821.51, 1416880.61, 0.4076
153145.76, 1416130.97, 0.4076
153064.34, 1416014.3, 0.4076
153980.16, 1416722.42, 0.4076
153817.04, 1416764.05, 0.4076
153863.35, 1416647.7, 0.4076
153840.01, 1416968.06, 0.4076
153136.54, 1416056.26, 0.4076
153032.07, 1416166.4, 0.4076
153730.18, 1416769.85, 0.4076
153795.52, 1416766.77, 0.4076
153075.57, 1416359.04, 0.4076
153168.73, 1416073.92, 0.4076
153246.96, 1416687.97, 0.4076
153758.31, 1416710.18, 0.4076
153249.87, 1416165.37, 0.4076
153172.05, 1416121.1, 0.4076
153963.57, 1416603.78, 0.4076
153620.99, 1416679.25, 0.4076
153617.32, 1416805.44, 0.4076
153630.91, 1416565.42, 0.4076
153738.25, 1416700.41, 0.4076
154834.49, 1416749.8, 0.40506
154757.08, 1416322.77, 0.40506
154170.81, 1416429.64, 0.40506
154720.11, 1416457.63, 0.40506
154812.44, 1416845.6, 0.40506
154778.78, 1416807.18, 0.40506
154731.09, 1416299.17, 0.40506
154250.49, 1416930.95, 0.40506
154285.33, 1416705.72, 0.40506
154843.41, 1416396.25, 0.40506
154787.65, 1416449.05, 0.40506
154229.63, 1416706.21, 0.40506
154356.69, 1416751.8, 0.40506
154793.02, 1416399.46, 0.40506
154741.88, 1416666.84, 0.40506
154025.83, 1416698.57, 0.40506
154919.91, 1416583.94, 0.40506
154753.16, 1416735.21, 0.40506
154772.77, 1416519.97, 0.40506
154738.1, 1416709.61, 0.40506
154294.35, 1416369.67, 0.40506
154051.91, 1416582.5, 0.40506
154895.41, 1416767.61, 0.40506
154722.88, 1416492.14, 0.40506
154876.35, 1416872.15, 0.40506
154109.45, 1416764.57, 0.40506
154853.83, 1416739.57, 0.40506
154187.37, 1416839.89, 0.40506
154891.88, 1416092.54, 0.40506
154948.06, 1416788.37, 0.40506
154894.33, 1416551.92, 0.40506
154443.6, 1416464.98, 0.40506
154939.09, 1416667.93, 0.40506
154874.14, 1416110.39, 0.40506
154505.26, 1416530.87, 0.40506
154844.84, 1416558.13, 0.40506
154820.74, 1416322.99, 0.40506
154943.98, 1416256.08, 0.40506
154896.31, 1416401.64, 0.40506
154900.04, 1416491.2, 0.40506
154917.29, 1416935.29, 0.40506
154522.27, 1416475.01, 0.40506
154795.38, 1416608.33, 0.40506
154254.35, 1416485.38, 0.40506
154973.15, 1416757.86, 0.40506
154866.9, 1416380.4, 0.40506
154866.35, 1416835.36, 0.40506
154941.6, 1416289.66, 0.40506
154851.97, 1416331.04, 0.40506
154799.14, 1416732.78, 0.40506
154856.35, 1416785.37, 0.40506
154820.56, 1416522.37, 0.40506
154654.95, 1416942.13, 0.40506
154279.77, 1416351.91, 0.40506
154960.32, 1416733.24, 0.40506
154215.0, 1416459.44, 0.40506
154936.13, 1416424.0, 0.40506
154064.67, 1416703.08, 0.40506
154965.26, 1416130.74, 0.40506
154136.17, 1416967.27, 0.40506
154301.94, 1416406.22, 0.40506
154959.3, 1416879.41, 0.40506
154982.66, 1416678.91, 0.40506
154580.42, 1416871.27, 0.40506
154070.95, 1416437.8, 0.40506
154268.07, 1416902.62, 0.40506
154934.45, 1416514.95, 0.40506
154610.12, 1416971.84, 0.40506
154097.56, 1416824.37, 0.40506
154920.55, 1416708.9, 0.40506
154216.76, 1416841.23, 0.40506
154265.05, 1416667.91, 0.40506
154793.32, 1416322.44, 0.40506
154784.66, 1416787.53, 0.40506
154965.72, 1416262.8, 0.40506
154096.23, 1416458.55, 0.40506
154830.63, 1416661.71, 0.40506
154868.6, 1416647.32, 0.40506
154923.44, 1416494.31, 0.40506
154040.23, 1416559.15, 0.40506
154449.42, 1416437.81, 0.40506
154923.64, 1416650.28, 0.40506
154727.54, 1416794.04, 0.40506
154961.84, 1416656.92, 0.40506
151638.01, 1416697.5, 0.40493
151597.7, 1416779.7, 0.40493
151761.76, 1416079.79, 0.40493
151861.59, 1416678.52, 0.40493
151164.18, 1416586.59, 0.40493
151795.26, 1416076.06, 0.40493
151948.29, 1416567.28, 0.40493
151571.43, 1416676.4, 0.40493
151649.15, 1416500.52, 0.40493
151437.8, 1416783.26, 0.40493
151701.47, 1416255.58, 0.40493
151513.11, 1416850.88, 0.40493
151717.13, 1416236.99, 0.40493
151542.36, 1416409.16, 0.40493
151580.47, 1416819.46, 0.40493
151502.09, 1416309.66, 0.40493
151301.63, 1416842.45, 0.40493
151608.24, 1416258.18, 0.40493
151600.74, 1416503.23, 0.40493
151124.3, 1416785.41, 0.40493
151910.49, 1416449.22, 0.40493
151501.59, 1416929.32, 0.40493
151187.71, 1416920.61, 0.40493
151891.41, 1416260.67, 0.40493
151384.4, 1416911.66, 0.40493
151143.99, 1416728.87, 0.40493
151964.6, 1416762.28, 0.40493
151556.01, 1416733.0, 0.40493
151597.94, 1416668.41, 0.40493
151909.73, 1416569.45, 0.40493
151134.49, 1416960.59, 0.40493
151664.29, 1416092.62, 0.40493
151514.83, 1416372.55, 0.40493
151631.67, 1416764.46, 0.40493
151511.25, 1416346.55, 0.40493
151501.64, 1416787.33, 0.40493
151151.61, 1416809.29, 0.40493
151072.24, 1416595.15, 0.40493
151496.77, 1416870.85, 0.40493
151518.03, 1416767.92, 0.40493
151628.56, 1416219.49, 0.40493
151646.17, 1416103.95, 0.40493
151519.08, 1416680.58, 0.40493
151876.51, 1416637.32, 0.40493
151122.22, 1416913.61, 0.40493
151800.71, 1416573.73, 0.40493
151455.76, 1416908.14, 0.40493
151914.47, 1416766.71, 0.40493
151986.33, 1416591.66, 0.40493
151648.78, 1416577.22, 0.40493
151366.91, 1416607.88, 0.40493
151551.34, 1416908.99, 0.40493
151688.1, 1416420.87, 0.40493
151561.76, 1416716.41, 0.40493
151335.03, 1416962.93, 0.40493
151068.59, 1416814.15, 0.40493
151729.49, 1416037.49, 0.40493
152282.3, 1416761.3, 0.40285
152796.77, 1416265.74, 0.40285
152398.82, 1416685.27, 0.40285
152440.34, 1416201.45, 0.40285
152331.35, 1416415.17, 0.40285
152386.08, 1416256.38, 0.40285
152552.53, 1416520.04, 0.40285
152236.68, 1416246.56, 0.40285
152880.04, 1416294.92, 0.40285
152716.23, 1416053.58, 0.40285
152124.28, 1416241.14, 0.40285
152343.09, 1416236.73, 0.40285
152570.62, 1416329.89, 0.40285
152661.61, 1416506.28, 0.40285
152754.27, 1416094.8, 0.40285
152071.98, 1416466.8, 0.40285
152128.9, 1416195.77, 0.40285
152847.13, 1416028.85, 0.40285
152758.39, 1416567.69, 0.40285
152815.86, 1416284.04, 0.40285
152074.83, 1416569.67, 0.40285
152208.29, 1416463.08, 0.40285
152049.37, 1416451.76, 0.40285
152450.83, 1416345.08, 0.40285
152249.73, 1416487.54, 0.40285
152940.02, 1416289.13, 0.40285
152051.68, 1416521.12, 0.40285
152199.84, 1416157.44, 0.40285
152105.97, 1416484.51, 0.40285
152454.45, 1416912.95, 0.40285
152297.48, 1416466.61, 0.40285
152583.91, 1416345.23, 0.40285
152472.81, 1416175.05, 0.40285
152519.81, 1416045.62, 0.40285
152437.75, 1416327.64, 0.40285
152783.01, 1416282.21, 0.40285
152077.02, 1416494.06, 0.40285
152485.33, 1416126.1, 0.40285
152520.18, 1416943.31, 0.40285
152213.97, 1416354.74, 0.40285
152282.52, 1416405.59, 0.40285
152442.71, 1416075.93, 0.40285
152347.12, 1416432.5, 0.40285
152817.52, 1416320.47, 0.40285
152332.47, 1416177.41, 0.40285
152545.01, 1416318.17, 0.40285
152418.6, 1416095.3, 0.40285
152392.3, 1416225.14, 0.40285
152540.19, 1416207.66, 0.40285
152525.42, 1416107.11, 0.40285
152828.24, 1416704.86, 0.40285
152679.4, 1416205.39, 0.40285
152210.59, 1416324.05, 0.40285
152032.62, 1416653.37, 0.40285
152064.99, 1416550.0, 0.40285
152088.81, 1416614.02, 0.40285
152469.52, 1416136.62, 0.40285
152663.09, 1416017.63, 0.40285
152275.74, 1416497.36, 0.40285
152816.21, 1416399.23, 0.40285
152036.2, 1416471.93, 0.40285
152285.01, 1416354.7, 0.40285
152728.1, 1416118.07, 0.40285
152907.05, 1416221.54, 0.40285
152361.52, 1416187.97, 0.40285
152251.55, 1416356.62, 0.40285
152328.18, 1416157.95, 0.40285
152815.77, 1416421.62, 0.40285
152774.34, 1416120.4, 0.40285
152664.87, 1416539.58, 0.40285
152523.73, 1416070.54, 0.40285
152659.97, 1416109.3, 0.40285
152173.29, 1416333.49, 0.40285
152734.59, 1416370.25, 0.40285
150413.8, 1415114.07, 0.44171
150626.71, 1415562.59, 0.44171
150371.11, 1415035.21, 0.44171
150717.26, 1415743.75, 0.44171
150284.29, 1415239.57, 0.44171
150403.23, 1415855.52, 0.44171
150516.05, 1415507.46, 0.44171
150407.67, 1415824.45, 0.44171
150453.2, 1415053.02, 0.44171
150336.39, 1415171.15, 0.44171
150390.95, 1415794.9, 0.44171
150470.02, 1415126.73, 0.44171
150655.16, 1415579.69, 0.44171
150377.83, 1415255.97, 0.44171
150641.49, 1415485.69, 0.44171
150705.25, 1415875.63, 0.44171
150616.05, 1415627.38, 0.44171
150405.24, 1415265.18, 0.44171
150375.84, 1415308.53, 0.44171
150403.55, 1415221.4, 0.44171
150410.25, 1415093.85, 0.44171
150035.82, 1415456.8, 0.44171
150435.87, 1415509.58, 0.44171
150269.09, 1415336.76, 0.44171
150460.58, 1415021.95, 0.44171
150074.22, 1415032.83, 0.44171
150490.9, 1415331.37, 0.44171
150477.01, 1415276.39, 0.44171
150750.38, 1415865.76, 0.44171
153070.85, 1415617.2, 0.40296
153407.65, 1415605.2, 0.40296
153260.32, 1415554.15, 0.40296
153281.43, 1415925.99, 0.40296
153281.62, 1415864.23, 0.40296
153479.05, 1415817.73, 0.40296
153362.71, 1415562.25, 0.40296
153573.25, 1415813.46, 0.40296
153716.49, 1415058.85, 0.40296
153631.17, 1415722.08, 0.40296
153591.85, 1415699.89, 0.40296
153200.54, 1415929.73, 0.40296
153567.95, 1415638.52, 0.40296
153341.74, 1415632.14, 0.40296
153556.8, 1415421.32, 0.40296
153330.83, 1415946.18, 0.40296
153560.58, 1415503.12, 0.40296
153544.18, 1415810.75, 0.40296
153550.43, 1415732.56, 0.40296
153493.78, 1415845.05, 0.40296
153452.3, 1415528.14, 0.40296
153076.69, 1415650.3, 0.40296
153501.99, 1415747.61, 0.40296
153675.51, 1415875.55, 0.40296
153429.91, 1415426.27, 0.40296
153611.39, 1415688.39, 0.40296
153222.05, 1415961.49, 0.40296
153170.0, 1415677.26, 0.40296
153157.67, 1415597.75, 0.40296
153847.21, 1415031.61, 0.40296
153581.02, 1415621.13, 0.40296
153557.35, 1415965.61, 0.40296
153095.3, 1415590.98, 0.40296
153039.17, 1415645.67, 0.40296
153690.09, 1415981.41, 0.40296
153593.39, 1415786.19, 0.40296
153579.29, 1415750.33, 0.40296
153097.47, 1415611.43, 0.40296
153279.5, 1415833.57, 0.40296
153107.54, 1415497.35, 0.40296
153185.76, 1415609.42, 0.40296
153273.1, 1415975.89, 0.40296
153234.76, 1415966.24, 0.40296
154448.81, 1415161.42, 0.41434
154332.28, 1415248.84, 0.41434
154328.69, 1415660.57, 0.41434
154455.95, 1415583.9, 0.41434
154355.1, 1415720.1, 0.41434
154476.04, 1415642.74, 0.41434
154428.47, 1415340.22, 0.41434
154373.68, 1415074.82, 0.41434
154420.63, 1415206.43, 0.41434
154453.84, 1415532.67, 0.41434
154474.04, 1415134.89, 0.41434
154450.09, 1415184.02, 0.41434
154624.98, 1415821.65, 0.41434
154378.55, 1415373.42, 0.41434
154484.15, 1415617.07, 0.41434
154347.5, 1415358.4, 0.41434
154421.07, 1415634.08, 0.41434
154629.4, 1415097.54, 0.41434
154480.0, 1415169.57, 0.41434
154772.33, 1415142.55, 0.41434
154631.97, 1415410.23, 0.41434
154442.66, 1415662.39, 0.41434
154452.42, 1415613.92, 0.41434
154837.9, 1415122.5, 0.41434
154410.69, 1415241.21, 0.41434
154375.65, 1415602.88, 0.41434
154511.03, 1415899.22, 0.41434
154408.04, 1415766.15, 0.41434
154353.95, 1415237.71, 0.41434
154457.73, 1415255.43, 0.41434
154362.9, 1415566.71, 0.41434
154497.79, 1415092.13, 0.41434
154361.32, 1415252.42, 0.41434
154203.59, 1415490.01, 0.41434
154714.61, 1415853.12, 0.41434
154653.96, 1415037.33, 0.41434
154669.89, 1415108.6, 0.41434
154328.52, 1415046.26, 0.41434
154661.77, 1415356.43, 0.41434
154421.29, 1415499.25, 0.41434
154487.24, 1415620.83, 0.41434
154378.57, 1415622.98, 0.41434
151088.23, 1415876.26, 0.49907
151730.81, 1415304.22, 0.49907
151812.1, 1415127.4, 0.49907
151879.37, 1415891.86, 0.49907
151900.14, 1415715.82, 0.49907
151634.56, 1415843.79, 0.49907
151041.18, 1415920.75, 0.49907
151825.37, 1415308.18, 0.49907
151613.0, 1415474.53, 0.49907
152563.27, 1415967.38, 0.40524
152317.7, 1415170.59, 0.40524
152778.83, 1415689.27, 0.40524
152261.3, 1415842.65, 0.40524
152728.24, 1415108.22, 0.40524
152715.37, 1415829.3, 0.40524
152636.55, 1415069.67, 0.40524
152958.06, 1415624.26, 0.40524
152497.94, 1415030.7, 0.40524
152662.74, 1415788.7, 0.40524
152559.78, 1415064.44, 0.40524
152202.5, 1415624.59, 0.40524
152783.29, 1415941.76, 0.40524
152701.93, 1415951.14, 0.40524
152136.36, 1415077.48, 0.40524
152673.72, 1415040.67, 0.40524
152757.71, 1415122.12, 0.40524
152100.96, 1415769.18, 0.40524
152749.6, 1415063.18, 0.40524
152548.09, 1415898.89, 0.40524
152425.3, 1415152.43, 0.40524
152602.22, 1415953.49, 0.40524
152810.37, 1415933.94, 0.40524
152951.11, 1415941.08, 0.40524
152555.51, 1415036.94, 0.40524
152782.77, 1415857.23, 0.40524
152678.85, 1415072.36, 0.40524
152642.89, 1415844.82, 0.40524
152759.85, 1415855.67, 0.40524
152868.4, 1415151.3, 0.40524
152267.63, 1415814.79, 0.40524
152767.32, 1415828.91, 0.40524
152953.36, 1415794.21, 0.40524
152187.54, 1415094.29, 0.40524
152579.81, 1415032.17, 0.40524
152571.99, 1415891.62, 0.40524
152158.02, 1415448.81, 0.40524
152975.66, 1415742.36, 0.40524
152172.59, 1415613.11, 0.40524
152741.53, 1415827.64, 0.40524
152311.94, 1415684.38, 0.40524
152789.15, 1415038.08, 0.40524
152571.24, 1415942.72, 0.40524
150765.31, 1418347.39, 0.40144
150690.04, 1418398.87, 0.40144
150143.02, 1418101.38, 0.40144
150213.14, 1418173.62, 0.40144
150944.02, 1418374.12, 0.40144
150174.67, 1418172.69, 0.40144
150860.42, 1418832.61, 0.40144
150825.38, 1418424.52, 0.40144
150681.04, 1418455.08, 0.40144
150263.7, 1418052.4, 0.40144
150403.1, 1418579.9, 0.40144
150915.94, 1418393.93, 0.40144
150128.6, 1418246.85, 0.40144
150315.43, 1418055.65, 0.40144
150704.1, 1418721.79, 0.40144
150074.23, 1418899.07, 0.40144
150164.21, 1418258.85, 0.40144
150902.31, 1418482.74, 0.40144
150804.11, 1418486.08, 0.40144
150636.38, 1418411.51, 0.40144
150779.02, 1418421.72, 0.40144
150322.28, 1418453.65, 0.40144
153275.2, 1418142.96, 0.41196
153396.0, 1418711.69, 0.41196
153615.53, 1418220.2, 0.41196
153107.59, 1418389.41, 0.41196
153390.02, 1418348.98, 0.41196
153829.03, 1418657.68, 0.41196
153636.89, 1418368.22, 0.41196
153448.61, 1418364.22, 0.41196
153793.6, 1418681.89, 0.41196
153401.94, 1418870.71, 0.41196
153288.84, 1418497.57, 0.41196
153489.66, 1418591.34, 0.41196
153167.54, 1418791.06, 0.41196
153413.39, 1418553.29, 0.41196
153580.79, 1418555.14, 0.41196
153449.8, 1418733.99, 0.41196
153579.5, 1418358.08, 0.41196
153477.85, 1418448.79, 0.41196
153488.52, 1418423.68, 0.41196
153382.02, 1418467.82, 0.41196
153287.62, 1418545.49, 0.41196
153380.63, 1418809.18, 0.41196
153428.94, 1418910.73, 0.41196
153655.32, 1418243.5, 0.41196
153314.38, 1418285.85, 0.41196
153551.52, 1418481.62, 0.41196
153032.76, 1418458.9, 0.41196
153587.6, 1418085.65, 0.41196
153683.32, 1418175.48, 0.41196
153565.4, 1418031.79, 0.41196
153616.62, 1418405.82, 0.41196
153325.68, 1418437.72, 0.41196
153208.67, 1418212.69, 0.41196
153586.52, 1418145.16, 0.41196
153183.32, 1418879.08, 0.41196
153502.89, 1418565.44, 0.41196
153379.88, 1418429.54, 0.41196
153335.76, 1418085.03, 0.41196
153356.06, 1418400.7, 0.41196
153355.68, 1418486.55, 0.41196
153784.36, 1418036.96, 0.41196
153505.9, 1418110.91, 0.41196
153718.65, 1418809.69, 0.41196
153226.93, 1418855.95, 0.41196
153042.65, 1418801.75, 0.41196
153307.5, 1418623.69, 0.41196
153262.44, 1418114.12, 0.41196
153346.87, 1418751.65, 0.41196
153703.54, 1418097.04, 0.41196
153448.98, 1418336.85, 0.41196
153812.56, 1418129.13, 0.41196
153599.92, 1418062.58, 0.41196
153132.72, 1418602.52, 0.41196
153406.34, 1418916.93, 0.41196
153366.92, 1418323.98, 0.41196
153370.61, 1418733.4, 0.41196
153051.69, 1418340.61, 0.41196
153350.45, 1418365.7, 0.41196
153390.09, 1418850.92, 0.41196
153327.54, 1418666.13, 0.41196
153424.79, 1418724.83, 0.41196
153170.41, 1418073.32, 0.41196
153890.34, 1418012.05, 0.41196
153456.14, 1418303.84, 0.41196
153416.72, 1418313.31, 0.41196
153030.91, 1418009.94, 0.41196
153463.26, 1418239.77, 0.41196
153340.76, 1418420.37, 0.41196
153559.34, 1418061.06, 0.41196
153484.9, 1418021.75, 0.41196
153277.12, 1418271.32, 0.41196
153450.15, 1418648.94, 0.41196
153355.9, 1418729.01, 0.41196
154713.32, 1418681.69, 0.40371
154799.06, 1418790.34, 0.40371
154933.75, 1418696.35, 0.40371
154612.07, 1418792.41, 0.40371
154718.82, 1418774.44, 0.40371
154268.27, 1418686.0, 0.40371
154858.64, 1418806.89, 0.40371
154952.79, 1418882.35, 0.40371
154653.4, 1418747.77, 0.40371
154681.0, 1418744.45, 0.40371
154897.96, 1418935.71, 0.40371
154890.84, 1418854.51, 0.40371
154482.92, 1418935.92, 0.40371
154843.64, 1418853.05, 0.40371
154727.79, 1418803.36, 0.40371
154710.4, 1418828.67, 0.40371
154800.82, 1418711.78, 0.40371
154689.73, 1418710.42, 0.40371
154672.99, 1418785.24, 0.40371
154234.92, 1418655.75, 0.40371
154706.88, 1418802.85, 0.40371
154886.13, 1418824.7, 0.40371
154789.2, 1418625.57, 0.40371
154984.45, 1418709.13, 0.40371
154819.94, 1418867.95, 0.40371
154029.01, 1418304.71, 0.40371
154740.56, 1418653.12, 0.40371
154866.71, 1418838.44, 0.40371
151698.75, 1418273.51, 0.42582
151726.61, 1418502.62, 0.42582
151662.23, 1418309.0, 0.42582
151939.99, 1418429.2, 0.42582
151696.06, 1418461.96, 0.42582
151761.65, 1418256.99, 0.42582
151475.77, 1418595.75, 0.42582
151670.08, 1418484.14, 0.42582
151898.77, 1418342.55, 0.42582
151804.62, 1418671.4, 0.42582
151937.6, 1418360.72, 0.42582
151097.72, 1418429.49, 0.42582
151291.2, 1418213.52, 0.42582
151690.81, 1418512.71, 0.42582
151046.82, 1418540.05, 0.42582
151631.37, 1418484.79, 0.42582
151856.04, 1418352.59, 0.42582
151196.03, 1418554.41, 0.42582
151701.12, 1418527.39, 0.42582
151024.74, 1418579.78, 0.42582
151424.67, 1418584.9, 0.42582
152759.45, 1418678.51, 0.41164
152701.32, 1418602.34, 0.41164
152824.13, 1418082.45, 0.41164
152633.45, 1418590.44, 0.41164
152833.62, 1418866.33, 0.41164
152556.73, 1418050.56, 0.41164
152635.97, 1418561.2, 0.41164
152596.44, 1418570.22, 0.41164
152336.36, 1418168.41, 0.41164
152938.23, 1418581.53, 0.41164
152217.02, 1418101.27, 0.41164
152964.19, 1418618.39, 0.41164
152856.99, 1418114.22, 0.41164
152600.92, 1418059.7, 0.41164
152793.91, 1418876.98, 0.41164
152851.88, 1418043.07, 0.41164
152679.57, 1418515.53, 0.41164
152589.18, 1418641.78, 0.41164
152829.03, 1418695.84, 0.41164
152685.91, 1418330.69, 0.41164
152100.88, 1418192.67, 0.41164
152116.55, 1418208.21, 0.41164
152719.66, 1418931.93, 0.41164
152023.28, 1418256.51, 0.41164
152572.43, 1418639.55, 0.41164
152240.18, 1418095.87, 0.41164
152765.07, 1418717.28, 0.41164
152802.03, 1418810.38, 0.41164
152810.03, 1418944.32, 0.41164
152594.54, 1418204.83, 0.41164
152736.33, 1418293.07, 0.41164
152803.46, 1418761.9, 0.41164
152815.72, 1418917.17, 0.41164
152746.67, 1418786.85, 0.41164
152922.14, 1418161.08, 0.41164
152811.34, 1418105.82, 0.41164
152583.91, 1418221.89, 0.41164
152216.27, 1418168.52, 0.41164
152618.81, 1418752.22, 0.41164
152769.97, 1418626.13, 0.41164
152783.75, 1418132.81, 0.41164
152052.11, 1418248.22, 0.41164
152738.97, 1418122.6, 0.41164
152750.59, 1418351.35, 0.41164
152371.37, 1418641.13, 0.41164
152091.7, 1418296.64, 0.41164
152072.45, 1418293.97, 0.41164
152714.96, 1418718.27, 0.41164
150678.1, 1417275.75, 0.4086
150793.67, 1417416.36, 0.4086
150712.48, 1417190.45, 0.4086
150707.95, 1417044.8, 0.4086
150358.45, 1417864.73, 0.4086
150822.31, 1417285.96, 0.4086
150355.26, 1417557.01, 0.4086
150891.91, 1417238.72, 0.4086
150647.99, 1417219.03, 0.4086
150376.38, 1417791.85, 0.4086
150225.16, 1417856.17, 0.4086
150413.23, 1417638.17, 0.4086
150822.46, 1417817.1, 0.4086
150183.94, 1417807.78, 0.4086
150737.65, 1417440.95, 0.4086
150384.81, 1417616.34, 0.4086
150772.14, 1417275.36, 0.4086
150183.77, 1417931.3, 0.4086
150665.85, 1417335.74, 0.4086
150534.01, 1417494.99, 0.4086
150403.94, 1417111.09, 0.4086
153607.76, 1417638.6, 0.40309
153679.59, 1417923.48, 0.40309
153805.32, 1417716.1, 0.40309
153438.98, 1417702.05, 0.40309
153534.46, 1417945.54, 0.40309
153641.74, 1417040.2, 0.40309
153645.11, 1417942.76, 0.40309
153498.38, 1417830.76, 0.40309
153716.74, 1417256.15, 0.40309
153360.97, 1417038.28, 0.40309
153657.86, 1417854.42, 0.40309
153185.55, 1417552.86, 0.40309
153671.44, 1417524.97, 0.40309
153897.88, 1417860.22, 0.40309
153525.26, 1417693.56, 0.40309
153597.1, 1417029.48, 0.40309
153585.67, 1417652.16, 0.40309
153511.25, 1417902.85, 0.40309
153768.27, 1417102.67, 0.40309
153732.2, 1417817.23, 0.40309
153647.85, 1417433.82, 0.40309
153389.98, 1417301.4, 0.40309
153670.15, 1417280.8, 0.40309
153410.95, 1417179.28, 0.40309
153853.8, 1417966.65, 0.40309
153602.22, 1417790.63, 0.40309
153483.46, 1417697.32, 0.40309
153731.84, 1417877.51, 0.40309
153479.91, 1417196.46, 0.40309
153602.75, 1417812.32, 0.40309
153682.14, 1417586.27, 0.40309
153929.81, 1417785.42, 0.40309
153416.97, 1417155.72, 0.40309
153818.78, 1417064.54, 0.40309
153569.19, 1417841.18, 0.40309
153322.34, 1417206.31, 0.40309
153826.07, 1417108.81, 0.40309
153635.47, 1417152.06, 0.40309
153687.05, 1417218.27, 0.40309
153717.23, 1417217.2, 0.40309
153678.84, 1417551.42, 0.40309
153333.35, 1417402.9, 0.40309
153898.17, 1417897.44, 0.40309
153462.89, 1417294.84, 0.40309
153773.06, 1417716.53, 0.40309
153659.41, 1417784.85, 0.40309
153734.25, 1417230.95, 0.40309
153698.76, 1417178.79, 0.40309
153615.33, 1417691.1, 0.40309
153565.65, 1417790.95, 0.40309
153697.29, 1417157.86, 0.40309
153863.04, 1417025.36, 0.40309
153732.55, 1417062.68, 0.40309
153497.26, 1417366.4, 0.40309
153368.38, 1417247.69, 0.40309
153403.64, 1417316.94, 0.40309
153618.66, 1417753.92, 0.40309
153887.56, 1417483.79, 0.40309
153523.86, 1417757.31, 0.40309
153564.62, 1417613.01, 0.40309
153913.26, 1417959.75, 0.40309
153824.69, 1417477.94, 0.40309
153353.94, 1417070.22, 0.40309
153748.15, 1417613.95, 0.40309
153417.36, 1417237.16, 0.40309
153739.77, 1417768.0, 0.40309
153488.55, 1417596.42, 0.40309
153781.06, 1417757.91, 0.40309
153429.66, 1417095.8, 0.40309
153827.18, 1417924.65, 0.40309
153815.93, 1417761.4, 0.40309
153712.92, 1417028.43, 0.40309
153794.9, 1417115.67, 0.40309
153813.57, 1417141.9, 0.40309
153756.94, 1417746.47, 0.40309
153188.7, 1417417.92, 0.40309
153439.46, 1417198.64, 0.40309
153562.94, 1417667.4, 0.40309
153400.67, 1417033.91, 0.40309
153366.91, 1417195.79, 0.40309
153453.68, 1417909.19, 0.40309
153681.9, 1417072.93, 0.40309
153376.57, 1417949.97, 0.40309
153319.82, 1417109.4, 0.40309
153535.58, 1417052.6, 0.40309
153610.84, 1417549.71, 0.40309
153623.98, 1417504.46, 0.40309
153337.0, 1417171.19, 0.40309
153513.61, 1417981.99, 0.40309
153316.37, 1417575.25, 0.40309
153705.61, 1417606.2, 0.40309
153664.92, 1417764.68, 0.40309
153416.28, 1417703.8, 0.40309
153367.88, 1417867.21, 0.40309
153951.55, 1417925.15, 0.40309
153736.86, 1417800.0, 0.40309
153491.46, 1417231.97, 0.40309
153908.68, 1417827.44, 0.40309
153400.31, 1417939.91, 0.40309
153673.33, 1417189.1, 0.40309
153508.94, 1417771.7, 0.40309
153776.44, 1417189.41, 0.40309
153926.89, 1417973.01, 0.40309
153616.46, 1417058.21, 0.40309
153780.2, 1417135.69, 0.40309
153429.62, 1417941.51, 0.40309
153888.52, 1417974.32, 0.40309
153308.5, 1417975.77, 0.40309
153685.48, 1417051.29, 0.40309
153379.49, 1417681.67, 0.40309
153334.71, 1417130.61, 0.40309
153559.26, 1417776.49, 0.40309
154756.12, 1417359.71, 0.40282
154279.4, 1417658.27, 0.40282
154581.79, 1417282.22, 0.40282
154338.84, 1417479.95, 0.40282
154723.26, 1417679.33, 0.40282
154097.99, 1417660.49, 0.40282
154382.99, 1417544.69, 0.40282
154695.97, 1417177.97, 0.40282
154043.97, 1417402.6, 0.40282
154631.56, 1417362.16, 0.40282
154835.35, 1417168.78, 0.40282
154372.68, 1417486.88, 0.40282
154798.52, 1417239.09, 0.40282
154454.5, 1417507.04, 0.40282
154292.26, 1417028.66, 0.40282
154483.8, 1417136.51, 0.40282
154346.77, 1417251.5, 0.40282
154031.92, 1417540.52, 0.40282
154695.14, 1417096.91, 0.40282
154330.48, 1417162.41, 0.40282
154960.79, 1417378.21, 0.40282
154313.11, 1417612.53, 0.40282
154351.73, 1417540.22, 0.40282
154497.15, 1417552.27, 0.40282
154294.55, 1417597.54, 0.40282
154117.69, 1417621.53, 0.40282
154589.5, 1417464.04, 0.40282
154280.77, 1417446.61, 0.40282
154815.26, 1417028.26, 0.40282
154049.53, 1417045.44, 0.40282
154488.06, 1417260.61, 0.40282
154581.87, 1417435.2, 0.40282
154757.8, 1417245.92, 0.40282
154031.03, 1417336.38, 0.40282
154361.13, 1417442.69, 0.40282
154430.21, 1417321.9, 0.40282
154639.97, 1417653.76, 0.40282
154054.79, 1417574.83, 0.40282
154191.39, 1417190.0, 0.40282
154802.14, 1417170.5, 0.40282
154209.43, 1417678.78, 0.40282
154343.37, 1417558.96, 0.40282
154667.5, 1417416.25, 0.40282
154913.18, 1417111.18, 0.40282
154629.86, 1417341.77, 0.40282
154424.43, 1417521.88, 0.40282
154758.26, 1417103.21, 0.40282
154834.85, 1417235.35, 0.40282
154643.17, 1417935.96, 0.40282
154887.94, 1417174.56, 0.40282
154649.48, 1417435.54, 0.40282
154656.84, 1417388.29, 0.40282
154659.96, 1417119.63, 0.40282
154185.57, 1417552.52, 0.40282
154035.79, 1417580.65, 0.40282
154816.92, 1417452.7, 0.40282
154178.6, 1417526.98, 0.40282
154667.35, 1417023.69, 0.40282
154946.14, 1417027.83, 0.40282
154040.26, 1417693.62, 0.40282
154017.64, 1417059.46, 0.40282
154721.67, 1417102.06, 0.40282
154247.64, 1417460.99, 0.40282
154040.02, 1417093.69, 0.40282
154748.53, 1417156.74, 0.40282
154745.72, 1417200.51, 0.40282
154230.59, 1417278.09, 0.40282
154050.67, 1417617.72, 0.40282
151141.79, 1417117.53, 0.40695
151065.88, 1417718.92, 0.40695
151084.16, 1417048.9, 0.40695
151033.91, 1417691.04, 0.40695
151087.14, 1417161.02, 0.40695
151232.66, 1417072.45, 0.40695
151154.33, 1417087.65, 0.40695
151134.55, 1417080.99, 0.40695
151243.7, 1417026.2, 0.40695
151138.31, 1417887.09, 0.40695
151171.12, 1417015.72, 0.40695
151483.24, 1417285.13, 0.40695
151444.13, 1417291.67, 0.40695
151264.17, 1417761.7, 0.40695
151843.06, 1417236.24, 0.40695
151966.96, 1417283.94, 0.40695
151160.9, 1417600.67, 0.40695
151403.84, 1417339.0, 0.40695
152767.49, 1417891.09, 0.40985
152483.66, 1417333.5, 0.40985
152331.89, 1417404.48, 0.40985
152216.09, 1417287.0, 0.40985
152665.9, 1417953.93, 0.40985
152796.28, 1417915.88, 0.40985
152223.14, 1417358.71, 0.40985
152541.73, 1417369.54, 0.40985
152867.67, 1417446.85, 0.40985
152497.65, 1417285.3, 0.40985
152369.84, 1417321.89, 0.40985
152544.01, 1417319.58, 0.40985
152636.6, 1417445.19, 0.40985
152370.79, 1417304.91, 0.40985
152461.98, 1417273.29, 0.40985
152662.51, 1417316.37, 0.40985
152491.88, 1417312.56, 0.40985
152702.14, 1417432.36, 0.40985
152201.8, 1417470.51, 0.40985
152739.56, 1417375.22, 0.40985
152600.38, 1417456.83, 0.40985
152708.55, 1417385.04, 0.40985
