130609.92, 1494191.29, 0.42711
130586.81, 1494148.1, 0.42711
130656.3, 1494057.62, 0.42711
130233.12, 1494223.0, 0.42711
130738.57, 1494058.06, 0.42711
130502.7, 1494296.83, 0.42711
130650.61, 1494176.77, 0.42711
130280.24, 1494257.13, 0.42711
130308.37, 1494179.43, 0.42711
130211.28, 1494194.38, 0.42711
130357.32, 1494265.19, 0.42711
130288.29, 1494181.98, 0.42711
130308.42, 1494246.81, 0.42711
130351.48, 1494306.86, 0.42711
130486.85, 1494302.14, 0.42711
133844.25, 1494741.89, 0.40364
133293.08, 1494227.09, 0.40364
133826.85, 1494640.79, 0.40364
133664.76, 1494085.74, 0.40364
133695.95, 1494135.92, 0.40364
133367.37, 1494119.83, 0.40364
133637.28, 1494052.61, 0.40364
133646.8, 1494952.5, 0.40364
133874.61, 1494913.53, 0.40364
133592.56, 1494046.25, 0.40364
133773.66, 1494976.61, 0.40364
133303.67, 1494165.58, 0.40364
133452.54, 1494731.43, 0.40364
133777.22, 1494896.44, 0.40364
133615.55, 1494068.75, 0.40364
133496.76, 1494710.81, 0.40364
133402.46, 1494103.91, 0.40364
133291.92, 1494084.88, 0.40364
133852.23, 1494939.77, 0.40364
133672.72, 1494903.57, 0.40364
133672.29, 1494110.94, 0.40364
133235.0, 1494273.48, 0.40364
133304.71, 1494201.99, 0.40364
133323.1, 1494182.48, 0.40364
133773.96, 1494640.49, 0.40364
133678.28, 1494052.58, 0.40364
133222.67, 1494029.3, 0.40364
133268.65, 1494075.44, 0.40364
134761.97, 1494241.89, 0.43651
134298.03, 1494185.57, 0.43651
134302.59, 1494550.4, 0.43651
134889.91, 1494083.74, 0.43651
134637.75, 1494690.09, 0.43651
134617.13, 1494706.84, 0.43651
134154.65, 1494049.74, 0.43651
134476.35, 1494685.04, 0.43651
134420.18, 1494056.2, 0.43651
134564.19, 1494054.46, 0.43651
132851.03, 1494294.46, 0.43831
132772.9, 1494393.26, 0.43831
132739.61, 1494282.68, 0.43831
132492.71, 1494550.32, 0.43831
132532.52, 1494747.63, 0.43831
132690.1, 1494403.28, 0.43831
130736.98, 1491541.77, 0.45157
130632.93, 1491955.44, 0.45157
130978.3, 1491854.14, 0.45157
130624.2, 1491862.68, 0.45157
130764.63, 1491524.07, 0.45157
130510.28, 1491796.21, 0.45157
130542.35, 1491746.19, 0.45157
130628.93, 1491873.28, 0.45157
130871.27, 1491846.99, 0.45157
130647.11, 1491920.09, 0.45157
133108.27, 1491313.65, 0.40139
133063.4, 1491127.52, 0.40139
133052.54, 1491165.09, 0.40139
133075.63, 1491223.79, 0.40139
133030.51, 1491121.15, 0.40139
133118.07, 1491154.64, 0.40139
133053.93, 1491088.75, 0.40139
133084.99, 1491302.07, 0.40139
133053.29, 1491235.08, 0.40139
133059.54, 1491232.11, 0.40139
134836.11, 1491257.01, 0.46004
134870.92, 1491202.68, 0.46004
134352.61, 1491886.59, 0.46004
134791.75, 1491950.93, 0.46004
134591.75, 1491894.16, 0.46004
134533.16, 1491659.43, 0.46004
134652.76, 1491586.38, 0.46004
134971.61, 1491213.83, 0.46004
134543.43, 1491922.43, 0.46004
134019.06, 1491817.89, 0.46004
134585.41, 1491821.28, 0.46004
134552.67, 1491690.47, 0.46004
134726.03, 1491573.18, 0.46004
134582.13, 1491979.7, 0.46004
134529.42, 1491835.71, 0.46004
134576.47, 1491680.96, 0.46004
131324.12, 1491918.56, 0.41227
131416.47, 1491743.58, 0.41227
131544.16, 1491489.42, 0.41227
131825.9, 1491333.14, 0.41227
131267.35, 1491174.65, 0.41227
131850.97, 1491534.79, 0.41227
131772.27, 1491729.91, 0.41227
131381.83, 1491705.22, 0.41227
131306.57, 1491679.47, 0.41227
131466.19, 1491776.47, 0.41227
131807.47, 1491017.12, 0.41227
131814.91, 1491572.8, 0.41227
131469.17, 1491796.16, 0.41227
131653.18, 1491027.49, 0.41227
131397.25, 1491559.22, 0.41227
131711.99, 1491311.9, 0.41227
131400.06, 1491707.81, 0.41227
131672.61, 1491274.57, 0.41227
132550.52, 1491557.52, 0.4256
132759.54, 1491215.64, 0.4256
132307.19, 1491141.53, 0.4256
132406.01, 1491295.89, 0.4256
132353.26, 1491134.43, 0.4256
132779.43, 1491268.01, 0.4256
132568.88, 1491628.11, 0.4256
132341.44, 1491558.4, 0.4256
132237.54, 1491545.27, 0.4256
132322.51, 1491207.83, 0.4256
132378.7, 1491574.37, 0.4256
132687.27, 1491133.38, 0.4256
132719.92, 1491210.89, 0.4256
132965.08, 1491341.85, 0.4256
132117.01, 1491478.03, 0.4256
132294.63, 1491457.28, 0.4256
132847.16, 1491368.01, 0.4256
130374.58, 1490221.11, 0.41955
130111.26, 1490958.96, 0.41955
130367.95, 1490450.29, 0.41955
130528.63, 1490299.54, 0.41955
134389.98, 1490680.8, 0.44138
134973.56, 1490755.34, 0.44138
134959.82, 1490810.68, 0.44138
134535.85, 1490320.61, 0.44138
134191.43, 1490490.24, 0.44138
134528.28, 1490400.49, 0.44138
134151.58, 1490588.12, 0.44138
134140.64, 1490529.21, 0.44138
134351.25, 1490187.65, 0.44138
131684.22, 1490052.82, 0.40303
131197.53, 1490813.47, 0.40303
131467.83, 1490717.73, 0.40303
131783.62, 1490662.29, 0.40303
131487.09, 1490818.64, 0.40303
131843.22, 1490798.53, 0.40303
131428.51, 1490487.97, 0.40303
131189.37, 1490922.18, 0.40303
131436.53, 1490323.99, 0.40303
131176.78, 1490728.85, 0.40303
131303.84, 1490541.59, 0.40303
131517.95, 1490847.44, 0.40303
131164.72, 1490707.25, 0.40303
131202.82, 1490718.53, 0.40303
131301.93, 1490413.03, 0.40303
131156.55, 1490515.77, 0.40303
131439.31, 1490604.01, 0.40303
131912.12, 1490547.83, 0.40303
131802.13, 1490163.91, 0.40303
131475.85, 1490758.37, 0.40303
132463.33, 1490360.18, 0.40759
132439.94, 1490646.02, 0.40759
132156.42, 1490844.8, 0.40759
132212.83, 1490863.26, 0.40759
132473.9, 1490390.47, 0.40759
132471.57, 1490382.19, 0.40759
132299.96, 1490823.5, 0.40759
130198.49, 1493953.6, 0.46165
130361.48, 1493911.35, 0.46165
133747.48, 1493788.56, 0.44333
133591.13, 1493964.13, 0.44333
133847.25, 1493908.14, 0.44333
133970.72, 1493138.78, 0.44333
133629.49, 1493936.78, 0.44333
133968.58, 1493276.36, 0.44333
133729.53, 1493214.78, 0.44333
133458.21, 1493165.74, 0.44333
133654.64, 1493102.97, 0.44333
133572.41, 1493695.65, 0.44333
134746.58, 1493337.98, 0.40185
134043.81, 1493758.6, 0.40185
134907.07, 1493218.45, 0.40185
134656.4, 1493385.5, 0.40185
134417.6, 1493704.58, 0.40185
134950.47, 1493202.64, 0.40185
134946.87, 1493226.27, 0.40185
134121.41, 1493070.51, 0.40185
130362.01, 1492257.47, 0.41836
130383.77, 1492291.51, 0.41836
130449.86, 1492324.27, 0.41836
130225.53, 1492178.68, 0.41836
130602.44, 1492104.08, 0.41836
130422.7, 1492260.28, 0.41836
130418.97, 1492209.22, 0.41836
130353.57, 1492215.46, 0.41836
130874.19, 1492701.74, 0.41836
130623.12, 1492045.64, 0.41836
133973.43, 1492629.2, 0.4561
134648.87, 1492212.02, 0.40776
134584.69, 1492208.92, 0.40776
134142.97, 1492786.63, 0.40776
134236.64, 1492689.86, 0.40776
134356.1, 1492703.44, 0.40776
134776.9, 1492135.01, 0.40776
134871.99, 1492294.26, 0.40776
134561.1, 1492668.22, 0.40776
134492.96, 1492036.95, 0.40776
134501.44, 1492630.23, 0.40776
134669.69, 1492239.31, 0.40776
134592.47, 1492778.26, 0.40776
134825.14, 1492094.52, 0.40776
134405.2, 1492165.89, 0.40776
134676.23, 1492140.52, 0.40776
134487.16, 1492595.45, 0.40776
131690.22, 1492721.81, 0.40214
131591.53, 1492546.25, 0.40214
131785.03, 1492915.67, 0.40214
131878.58, 1492732.39, 0.40214
131876.83, 1492682.62, 0.40214
131638.37, 1492801.66, 0.40214
131923.15, 1492317.14, 0.40214
131130.93, 1492720.68, 0.40214
131243.43, 1492921.28, 0.40214
131817.76, 1492464.38, 0.40214
131922.07, 1492870.01, 0.40214
131901.78, 1492828.8, 0.40214
131245.91, 1492861.7, 0.40214
131933.04, 1492829.11, 0.40214
131830.6, 1492832.11, 0.40214
131700.95, 1492827.47, 0.40214
131982.61, 1492520.58, 0.40214
131322.42, 1492777.47, 0.40214
131783.24, 1492885.15, 0.40214
131750.08, 1492618.84, 0.40214
132277.14, 1492690.9, 0.40324
132158.74, 1492457.71, 0.40324
132245.51, 1492625.28, 0.40324
132232.83, 1492733.05, 0.40324
132186.08, 1492608.45, 0.40324
132204.28, 1492634.49, 0.40324
132196.72, 1492467.75, 0.40324
