175263.37, 1484026.75, 0.441
175203.52, 1484041.96, 0.441
175130.38, 1484190.86, 0.441
179416.96, 1484481.76, 0.42917
179274.49, 1484457.05, 0.42917
179576.93, 1484378.47, 0.42917
179584.36, 1484318.33, 0.42917
179352.72, 1484050.95, 0.42917
179286.53, 1484026.37, 0.42917
179223.18, 1484202.01, 0.42917
179165.04, 1484631.67, 0.42917
179376.32, 1484645.21, 0.42917
179500.84, 1484249.42, 0.42917
179083.14, 1484374.87, 0.42917
179539.92, 1484921.94, 0.42917
179274.58, 1484402.62, 0.42917
179341.07, 1484291.47, 0.42917
179244.87, 1484243.93, 0.42917
179129.93, 1484135.91, 0.42917
179333.33, 1484208.39, 0.42917
179353.9, 1484250.14, 0.42917
179406.38, 1484551.33, 0.42917
179248.19, 1484013.0, 0.42917
179453.63, 1484130.5, 0.42917
179051.94, 1484160.98, 0.42917
179291.67, 1484430.18, 0.42917
179410.32, 1484535.26, 0.42917
179344.92, 1484636.06, 0.42917
179193.18, 1484149.51, 0.42917
179312.2, 1484470.42, 0.42917
179527.89, 1484348.57, 0.42917
179296.47, 1484059.55, 0.42917
176829.04, 1484258.22, 0.68426
176837.2, 1484204.04, 0.68426
177269.33, 1484101.45, 0.47724
177440.62, 1484072.5, 0.47724
177385.2, 1484045.89, 0.47724
177384.13, 1484124.86, 0.47724
177463.43, 1484082.25, 0.47724
175320.16, 1481532.99, 0.4259
175358.67, 1481362.62, 0.4259
175698.29, 1481389.5, 0.4259
175136.9, 1481199.78, 0.4259
175678.56, 1481457.95, 0.4259
175756.53, 1481830.19, 0.4259
175170.79, 1481757.45, 0.4259
175255.01, 1481732.57, 0.4259
175663.13, 1481327.52, 0.4259
175236.47, 1481683.69, 0.4259
175049.98, 1481186.71, 0.4259
175793.98, 1481809.17, 0.4259
175690.16, 1481563.31, 0.4259
175691.91, 1481535.45, 0.4259
175712.82, 1481503.56, 0.4259
175602.48, 1481316.81, 0.4259
175174.09, 1481787.95, 0.4259
175259.17, 1481107.76, 0.4259
175121.09, 1481172.31, 0.4259
175211.97, 1481485.73, 0.4259
175171.73, 1481730.17, 0.4259
179132.85, 1481474.95, 0.40847
179219.21, 1481162.17, 0.40847
179138.77, 1481903.04, 0.40847
179422.27, 1481126.62, 0.40847
179123.01, 1481381.08, 0.40847
179521.75, 1481134.13, 0.40847
179089.99, 1481392.34, 0.40847
179649.75, 1481927.88, 0.40847
179545.74, 1481226.7, 0.40847
179279.81, 1481037.33, 0.40847
179097.48, 1481357.56, 0.40847
179406.19, 1481041.6, 0.40847
179565.52, 1481184.2, 0.40847
179642.34, 1481263.8, 0.40847
179400.37, 1481086.88, 0.40847
179331.61, 1481135.94, 0.40847
179097.93, 1481271.81, 0.40847
179422.32, 1481084.01, 0.40847
179177.78, 1481538.39, 0.40847
176863.99, 1481955.69, 0.63992
176804.44, 1481934.76, 0.63992
175289.9, 1480050.61, 0.40841
175135.63, 1480312.6, 0.40841
175374.2, 1480325.59, 0.40841
175575.61, 1480071.33, 0.40841
175628.35, 1480218.07, 0.40841
175618.83, 1480103.71, 0.40841
175316.32, 1480555.18, 0.40841
175414.95, 1480070.18, 0.40841
175246.85, 1480132.21, 0.40841
175342.99, 1480503.62, 0.40841
175601.77, 1480500.65, 0.40841
175504.73, 1480058.03, 0.40841
175449.17, 1480088.7, 0.40841
175502.56, 1480184.14, 0.40841
175290.72, 1480287.21, 0.40841
175640.17, 1480127.12, 0.40841
175317.13, 1480329.19, 0.40841
175375.99, 1480052.12, 0.40841
175169.09, 1480058.89, 0.40841
175545.35, 1480217.59, 0.40841
175497.01, 1480505.45, 0.40841
175556.27, 1480525.59, 0.40841
175406.57, 1480033.31, 0.40841
175302.12, 1480501.52, 0.40841
175596.87, 1480224.99, 0.40841
175421.3, 1480392.82, 0.40841
175302.56, 1480210.61, 0.40841
175463.81, 1480215.81, 0.40841
175278.88, 1480079.06, 0.40841
175232.17, 1480066.86, 0.40841
175156.23, 1480111.89, 0.40841
175106.05, 1480249.35, 0.40841
175408.89, 1480280.98, 0.40841
175436.26, 1480239.53, 0.40841
175172.45, 1480555.64, 0.40841
175519.66, 1480024.58, 0.40841
175576.02, 1480454.42, 0.40841
175470.33, 1480316.69, 0.40841
175582.61, 1480468.58, 0.40841
175544.85, 1480508.22, 0.40841
175533.03, 1480466.12, 0.40841
175345.44, 1480198.57, 0.40841
175388.15, 1480194.25, 0.40841
175553.17, 1480034.19, 0.40841
175351.61, 1480126.44, 0.40841
175363.88, 1480201.08, 0.40841
175352.8, 1480573.57, 0.40841
175055.55, 1480412.68, 0.40841
175261.91, 1480349.19, 0.40841
175279.77, 1480238.46, 0.40841
175368.98, 1480299.57, 0.40841
175366.82, 1480572.45, 0.40841
175436.49, 1480439.81, 0.40841
175221.1, 1480048.86, 0.40841
175479.01, 1480556.7, 0.40841
175127.7, 1480288.35, 0.40841
178069.9, 1480420.68, 0.4837
178264.77, 1480630.28, 0.4837
178364.59, 1480786.9, 0.4837
178027.1, 1480400.57, 0.4837
178380.73, 1480803.64, 0.4837
179212.44, 1480300.53, 0.46435
179151.45, 1480308.11, 0.46435
179230.02, 1480523.23, 0.46435
179095.92, 1480468.24, 0.46435
179136.18, 1480408.66, 0.46435
179087.46, 1480502.97, 0.46435
176906.68, 1480386.46, 0.4649
176971.74, 1480253.69, 0.4649
176958.51, 1480301.92, 0.4649
176172.38, 1480381.06, 0.4649
176895.29, 1480051.46, 0.4649
176802.65, 1480220.86, 0.4649
176388.11, 1480399.36, 0.4649
176281.4, 1480344.74, 0.4649
177956.63, 1480459.69, 0.4165
177938.07, 1480415.2, 0.4165
177896.15, 1480470.05, 0.4165
177904.68, 1480616.16, 0.4165
177204.41, 1480744.5, 0.4165
177020.18, 1480433.56, 0.4165
175641.05, 1483193.59, 0.43037
175354.46, 1483933.64, 0.43037
175659.97, 1483824.96, 0.43037
175337.79, 1483476.24, 0.43037
175351.88, 1483491.1, 0.43037
175132.16, 1483488.58, 0.43037
175917.33, 1483772.77, 0.43037
178174.24, 1483551.04, 0.76753
179647.32, 1483629.57, 0.65812
176104.03, 1483789.35, 0.41213
176663.77, 1483548.31, 0.41213
176671.58, 1483428.32, 0.41213
176689.0, 1483488.93, 0.41213
176516.29, 1483401.12, 0.41213
176057.44, 1483806.9, 0.41213
176299.42, 1483380.78, 0.41213
176528.89, 1483529.54, 0.41213
176063.08, 1483734.67, 0.41213
176074.52, 1483759.45, 0.41213
176609.49, 1483422.35, 0.41213
176449.65, 1483598.1, 0.41213
176621.98, 1483593.21, 0.41213
176930.54, 1483086.96, 0.41213
176067.35, 1483765.32, 0.41213
176819.08, 1483154.73, 0.41213
176295.35, 1483455.95, 0.41213
176633.69, 1483561.66, 0.41213
176560.9, 1483473.73, 0.41213
176570.51, 1483533.37, 0.41213
176969.1, 1483050.4, 0.41213
177289.46, 1483857.22, 0.40337
177278.83, 1483595.86, 0.40337
177102.32, 1483666.5, 0.40337
177196.11, 1483731.69, 0.40337
177287.88, 1483472.52, 0.40337
177144.35, 1483834.07, 0.40337
177143.95, 1483594.06, 0.40337
177175.69, 1483616.99, 0.40337
177393.6, 1483586.16, 0.40337
177267.47, 1483759.96, 0.40337
177395.74, 1483463.55, 0.40337
177250.37, 1483776.01, 0.40337
177229.59, 1483844.91, 0.40337
177034.95, 1483493.67, 0.40337
177071.42, 1483544.21, 0.40337
177282.14, 1483665.8, 0.40337
177124.0, 1483370.98, 0.40337
177185.54, 1483463.72, 0.40337
177320.82, 1483786.7, 0.40337
177322.65, 1483823.91, 0.40337
177034.31, 1483389.03, 0.40337
177140.1, 1483657.19, 0.40337
175501.16, 1482568.59, 0.5215
175540.42, 1482683.38, 0.5215
175810.26, 1482087.44, 0.5215
175634.94, 1482612.5, 0.5215
175696.86, 1482449.37, 0.5215
179436.44, 1482328.92, 0.41708
179956.59, 1482231.66, 0.41708
179226.22, 1482126.47, 0.41708
179664.43, 1482499.21, 0.41708
179915.92, 1482363.01, 0.41708
179906.84, 1482067.96, 0.41708
179683.02, 1482084.82, 0.41708
179975.62, 1482211.39, 0.41708
179630.77, 1482123.77, 0.41708
179357.7, 1482190.37, 0.41708
179802.5, 1482081.41, 0.41708
179399.18, 1482368.32, 0.41708
179923.53, 1482042.23, 0.41708
179951.3, 1482365.94, 0.41708
179908.02, 1482047.44, 0.41708
176790.87, 1482921.21, 0.51864
176778.46, 1482870.67, 0.51864
176740.18, 1482867.05, 0.51864
176881.7, 1482797.69, 0.51864
176850.12, 1482885.91, 0.51864
177615.45, 1482814.14, 0.40792
177877.48, 1482360.12, 0.40792
177932.04, 1482462.84, 0.40792
177882.75, 1482453.29, 0.40792
177609.17, 1482658.08, 0.40792
177641.81, 1482948.7, 0.40792
