160896.46, 1439286.27, 0.45522
160947.5, 1439341.34, 0.45522
160959.36, 1439287.28, 0.45522
160807.59, 1439133.17, 0.45522
160835.67, 1439117.16, 0.45522
160830.9, 1439298.92, 0.45522
163908.49, 1439700.53, 0.41484
163848.49, 1439626.99, 0.41484
163893.39, 1439735.38, 0.41484
163972.12, 1439546.53, 0.41484
163841.95, 1439722.76, 0.41484
163922.46, 1439573.08, 0.41484
163897.65, 1439642.53, 0.41484
163852.89, 1439774.5, 0.41484
163874.19, 1439619.83, 0.41484
163723.93, 1439941.22, 0.41484
163866.69, 1439643.01, 0.41484
163871.84, 1439792.53, 0.41484
163898.18, 1439807.42, 0.41484
163928.79, 1439759.69, 0.41484
163949.31, 1439535.06, 0.41484
163973.74, 1439504.41, 0.41484
163825.53, 1439599.23, 0.41484
163985.65, 1439431.02, 0.41484
163803.64, 1439854.07, 0.41484
164133.37, 1439487.18, 0.41008
164070.09, 1439305.57, 0.41008
164098.29, 1439389.15, 0.41008
164437.85, 1439236.77, 0.41008
164063.21, 1439371.69, 0.41008
164106.5, 1439292.87, 0.41008
164035.52, 1439392.26, 0.41008
164149.91, 1439446.49, 0.41008
164688.22, 1439099.46, 0.41008
164079.57, 1439590.99, 0.41008
164036.24, 1439480.36, 0.41008
164124.63, 1439565.44, 0.41008
164024.5, 1439442.63, 0.41008
164129.43, 1439543.47, 0.41008
164197.22, 1439239.91, 0.41008
164121.63, 1439342.21, 0.41008
164032.63, 1439413.23, 0.41008
164086.21, 1439218.94, 0.41008
164065.05, 1439593.26, 0.41008
164079.2, 1439464.69, 0.41008
164281.63, 1439189.9, 0.41008
161361.68, 1439261.08, 0.40328
161066.65, 1439286.37, 0.40328
161293.02, 1439332.8, 0.40328
161163.54, 1439281.95, 0.40328
161216.15, 1439342.9, 0.40328
161732.92, 1439162.13, 0.40328
161325.35, 1439188.05, 0.40328
161349.01, 1439233.17, 0.40328
161576.56, 1439234.46, 0.40328
161304.5, 1439253.19, 0.40328
161503.4, 1439227.49, 0.40328
161721.06, 1439285.65, 0.40328
161377.2, 1439352.64, 0.40328
161314.16, 1439216.58, 0.40328
161261.94, 1439258.29, 0.40328
161391.43, 1439281.35, 0.40328
161104.33, 1439294.72, 0.40328
161094.62, 1439279.21, 0.40328
161110.34, 1439221.01, 0.40328
161187.41, 1439272.12, 0.40328
161793.46, 1439143.63, 0.40328
162160.37, 1439183.99, 0.50757
162135.37, 1439232.54, 0.50757
162023.65, 1439172.65, 0.50757
162186.61, 1439194.5, 0.50757
163617.9, 1436118.3, 0.40546
163392.09, 1436878.85, 0.40546
163273.94, 1436954.03, 0.40546
163251.82, 1436879.77, 0.40546
163294.21, 1436911.02, 0.40546
163111.42, 1436059.06, 0.40546
163594.62, 1436076.65, 0.40546
163123.71, 1436036.21, 0.40546
163315.74, 1436035.79, 0.40546
163585.12, 1436227.95, 0.40546
163268.72, 1436894.68, 0.40546
163315.91, 1436844.97, 0.40546
163528.63, 1436114.82, 0.40546
164367.78, 1436855.75, 0.40323
164371.94, 1436959.88, 0.40323
164419.86, 1436867.41, 0.40323
164336.84, 1436939.56, 0.40323
164318.44, 1436895.24, 0.40323
164324.98, 1436963.88, 0.40323
164553.18, 1436864.36, 0.40323
164350.74, 1436897.68, 0.40323
164475.68, 1436865.92, 0.40323
164477.05, 1436914.25, 0.40323
164226.5, 1436978.42, 0.40323
164292.94, 1436937.18, 0.40323
164242.49, 1436938.16, 0.40323
164462.18, 1436845.1, 0.40323
164287.8, 1436961.8, 0.40323
164482.18, 1436832.11, 0.40323
164500.86, 1436869.99, 0.40323
164749.72, 1436837.6, 0.40323
161962.53, 1436458.23, 0.43769
161205.58, 1436752.94, 0.43769
161463.92, 1436675.29, 0.43769
162215.14, 1436305.55, 0.47514
162607.76, 1436128.06, 0.47514
162285.67, 1436527.19, 0.47514
162393.55, 1436679.44, 0.47514
162841.3, 1436897.03, 0.47514
162168.8, 1436694.39, 0.47514
162027.77, 1436483.97, 0.47514
162169.99, 1436629.11, 0.47514
162833.13, 1436856.13, 0.47514
162396.18, 1436430.36, 0.47514
162671.01, 1436977.74, 0.47514
162133.33, 1436571.69, 0.47514
162678.19, 1436946.49, 0.47514
162277.66, 1436065.36, 0.47514
160983.6, 1435284.24, 0.43705
163846.76, 1435239.55, 0.40656
163821.37, 1435251.47, 0.40656
163783.94, 1435257.05, 0.40656
163901.79, 1435265.77, 0.40656
163398.48, 1435934.78, 0.40656
163880.68, 1435285.05, 0.40656
163355.16, 1435105.5, 0.40656
163881.38, 1435106.99, 0.40656
163059.46, 1435876.56, 0.40656
163921.34, 1435345.42, 0.40656
163184.51, 1435338.39, 0.40656
163849.15, 1435270.62, 0.40656
163187.67, 1435605.31, 0.40656
163980.58, 1435138.6, 0.40656
163017.1, 1435503.64, 0.40656
163744.31, 1435242.73, 0.40656
163856.34, 1435213.64, 0.40656
163301.06, 1435135.07, 0.40656
163079.37, 1435919.37, 0.40656
163861.88, 1435323.58, 0.40656
163141.68, 1435958.87, 0.40656
163312.65, 1435221.3, 0.40656
163857.55, 1435340.62, 0.40656
164370.38, 1435813.04, 0.41969
164385.38, 1435335.28, 0.41969
164315.01, 1435233.06, 0.41969
164298.19, 1435311.59, 0.41969
164582.38, 1435857.31, 0.41969
164135.27, 1435265.09, 0.41969
164045.95, 1435066.08, 0.41969
164778.47, 1435287.98, 0.41969
164663.44, 1435790.91, 0.41969
164798.45, 1435868.16, 0.41969
164079.13, 1435212.09, 0.41969
164301.21, 1435377.4, 0.41969
164210.51, 1435096.63, 0.41969
164613.38, 1435535.34, 0.41969
164135.94, 1435148.39, 0.41969
164483.3, 1435650.24, 0.41969
164283.04, 1435588.06, 0.41969
164654.0, 1435519.79, 0.41969
164769.36, 1435957.32, 0.41969
164973.44, 1435429.49, 0.41969
164827.64, 1435376.35, 0.41969
164271.12, 1435133.0, 0.41969
164192.17, 1435151.49, 0.41969
164149.66, 1435299.03, 0.41969
164977.18, 1435363.97, 0.41969
164748.6, 1435281.21, 0.41969
164478.37, 1435753.21, 0.41969
164956.83, 1435477.27, 0.41969
164511.4, 1435809.21, 0.41969
164475.06, 1435050.2, 0.41969
164695.09, 1435604.96, 0.41969
164607.9, 1435492.78, 0.41969
164783.3, 1435277.01, 0.41969
164254.94, 1435435.15, 0.41969
161337.87, 1435593.04, 0.40305
161749.6, 1435407.56, 0.40305
161559.09, 1435339.63, 0.40305
161478.72, 1435584.1, 0.40305
161840.06, 1435232.8, 0.40305
161600.06, 1435450.54, 0.40305
161895.88, 1435496.53, 0.40305
161642.84, 1435596.62, 0.40305
161624.71, 1435410.2, 0.40305
161331.29, 1435743.27, 0.40305
161571.2, 1435220.64, 0.40305
161959.2, 1435475.11, 0.40305
161380.43, 1435694.22, 0.40305
161676.99, 1435567.34, 0.40305
161845.01, 1435525.61, 0.40305
161908.86, 1435460.01, 0.40305
161747.28, 1435303.7, 0.40305
161810.7, 1435480.94, 0.40305
161972.71, 1435302.94, 0.40305
161971.09, 1435343.07, 0.40305
161812.82, 1435428.27, 0.40305
161367.13, 1435402.4, 0.40305
161547.18, 1435477.03, 0.40305
161813.42, 1435220.21, 0.40305
161745.26, 1435151.05, 0.40305
161952.63, 1435427.63, 0.40305
161239.34, 1435058.85, 0.40305
161667.72, 1435459.01, 0.40305
161041.82, 1435333.54, 0.40305
161316.37, 1435240.14, 0.40305
161737.76, 1435232.9, 0.40305
161648.45, 1435476.31, 0.40305
161810.32, 1435243.11, 0.40305
161415.12, 1435601.21, 0.40305
161736.46, 1435377.46, 0.40305
161928.46, 1435419.12, 0.40305
161345.61, 1435293.3, 0.40305
161645.81, 1435445.35, 0.40305
161452.2, 1435235.54, 0.40305
161268.7, 1435747.51, 0.40305
161231.59, 1435519.59, 0.40305
161725.32, 1435535.75, 0.40305
161496.82, 1435653.4, 0.40305
161842.81, 1435476.49, 0.40305
161327.12, 1435521.62, 0.40305
161743.0, 1435476.86, 0.40305
161687.01, 1435571.81, 0.40305
161984.7, 1435368.72, 0.40305
161876.63, 1435484.38, 0.40305
161817.67, 1435223.73, 0.40305
161806.69, 1435186.41, 0.40305
161497.89, 1435086.77, 0.40305
161568.63, 1435590.0, 0.40305
161443.27, 1435194.45, 0.40305
161414.37, 1435464.99, 0.40305
161478.16, 1435278.3, 0.40305
162365.65, 1435753.68, 0.41814
162823.86, 1435946.82, 0.41814
162417.57, 1435805.99, 0.41814
162891.47, 1435828.57, 0.41814
162861.7, 1435629.85, 0.41814
162353.18, 1435776.74, 0.41814
162845.83, 1435591.94, 0.41814
162600.92, 1435784.29, 0.41814
162430.05, 1435832.28, 0.41814
162867.0, 1435655.81, 0.41814
162023.58, 1435354.03, 0.41814
162624.01, 1435726.72, 0.41814
162450.55, 1435831.23, 0.41814
162647.42, 1435803.76, 0.41814
162609.43, 1435703.02, 0.41814
160667.49, 1438940.9, 0.41046
160655.33, 1438598.46, 0.41046
160694.96, 1438203.89, 0.41046
160555.14, 1438304.96, 0.41046
160706.06, 1438331.3, 0.41046
160729.25, 1438968.97, 0.41046
163705.42, 1438127.21, 0.51113
163758.79, 1438123.91, 0.51113
163278.12, 1438048.25, 0.51113
163719.72, 1438213.01, 0.51113
163907.48, 1438200.74, 0.51113
163042.61, 1438122.23, 0.51113
163783.73, 1438101.58, 0.51113
164908.02, 1438873.4, 0.47191
164798.08, 1438963.49, 0.47191
164359.1, 1438553.09, 0.47191
164438.78, 1438366.11, 0.47191
161628.34, 1438118.06, 0.40538
161639.32, 1438044.99, 0.40538
161832.9, 1438102.97, 0.40538
161662.67, 1438121.44, 0.40538
161742.89, 1438158.59, 0.40538
161746.97, 1438277.7, 0.40538
161648.54, 1438393.99, 0.40538
161578.87, 1438230.31, 0.40538
161108.45, 1438907.75, 0.40538
161695.53, 1438085.11, 0.40538
161646.11, 1438093.86, 0.40538
161568.48, 1438184.99, 0.40538
161671.83, 1438078.28, 0.40538
161595.51, 1438130.28, 0.40538
161566.12, 1438443.95, 0.40538
161956.35, 1438272.26, 0.40538
162065.51, 1438381.49, 0.47416
162724.12, 1438240.6, 0.47416
162514.97, 1438650.19, 0.47416
160466.4, 1437374.36, 0.43834
160525.63, 1437914.98, 0.43834
160608.69, 1437958.49, 0.43834
160875.15, 1437938.49, 0.43834
163750.01, 1437885.96, 0.40308
163206.7, 1437090.17, 0.40308
163242.28, 1437030.94, 0.40308
163138.22, 1437616.25, 0.40308
163175.88, 1437253.36, 0.40308
163223.49, 1437689.31, 0.40308
163330.68, 1437708.44, 0.40308
163280.47, 1437074.07, 0.40308
164218.71, 1437081.47, 0.42772
164485.28, 1437375.09, 0.42772
164520.71, 1437703.0, 0.42772
164173.59, 1437053.23, 0.42772
164485.58, 1437611.15, 0.42772
164629.84, 1437185.22, 0.42772
164375.23, 1437195.55, 0.42772
164180.1, 1437132.77, 0.42772
164964.68, 1437280.73, 0.42772
164865.81, 1437026.38, 0.42772
164519.93, 1437324.04, 0.42772
164606.59, 1437780.87, 0.42772
164908.92, 1437106.73, 0.42772
164499.83, 1437272.24, 0.42772
164449.81, 1437602.91, 0.42772
164192.58, 1437018.34, 0.42772
164805.25, 1437093.56, 0.42772
164654.14, 1437602.54, 0.42772
161769.31, 1437817.36, 0.44727
161597.86, 1437941.03, 0.44727
161470.15, 1437607.62, 0.44727
161629.19, 1437973.74, 0.44727
161354.41, 1437329.93, 0.44727
161877.99, 1437837.16, 0.44727
161490.47, 1437431.83, 0.44727
161312.77, 1437430.34, 0.44727
162791.07, 1437926.97, 0.41916
162814.81, 1437580.54, 0.41916
162223.57, 1437561.38, 0.41916
162327.72, 1437478.94, 0.41916
162820.95, 1437680.15, 0.41916
162251.83, 1437570.86, 0.41916
162896.91, 1437643.12, 0.41916
162744.75, 1437613.78, 0.41916
162197.74, 1437578.85, 0.41916
162894.44, 1437792.48, 0.41916
162160.45, 1437537.13, 0.41916
162180.7, 1437701.2, 0.41916
162686.6, 1437597.59, 0.41916
162730.67, 1437627.07, 0.41916
