185773.96, 1449492.23, 0.40011
185602.1, 1449128.31, 0.40011
185815.04, 1449212.58, 0.40011
185930.44, 1449909.1, 0.40011
185645.46, 1449955.12, 0.40011
185900.54, 1449932.48, 0.40011
185880.21, 1449939.76, 0.40011
185708.77, 1449421.76, 0.40011
185751.33, 1449119.5, 0.40011
185691.79, 1449299.99, 0.40011
185725.22, 1449168.61, 0.40011
185960.33, 1449508.69, 0.40011
185455.54, 1449517.3, 0.40011
185948.67, 1449590.16, 0.40011
185657.71, 1449031.58, 0.40011
185330.86, 1449038.56, 0.40011
185599.48, 1449224.27, 0.40011
185929.56, 1449660.98, 0.40011
185884.99, 1449977.34, 0.40011
185871.98, 1449629.2, 0.40011
185790.33, 1449282.3, 0.40011
185223.43, 1449014.85, 0.40011
185741.09, 1449159.19, 0.40011
185607.82, 1449355.45, 0.40011
185882.35, 1449668.08, 0.40011
185631.09, 1449196.81, 0.40011
185640.83, 1449415.61, 0.40011
185692.42, 1449170.58, 0.40011
185788.91, 1449216.67, 0.40011
185932.27, 1449833.88, 0.40011
188852.83, 1449315.5, 0.70555
189320.07, 1449091.5, 0.40139
189332.98, 1449348.91, 0.40139
189064.78, 1449348.78, 0.40139
189236.27, 1449212.14, 0.40139
189361.63, 1449287.39, 0.40139
189415.12, 1449406.34, 0.40139
189268.96, 1449333.86, 0.40139
189557.69, 1449193.75, 0.40139
189211.31, 1449163.96, 0.40139
189222.41, 1449139.21, 0.40139
189432.63, 1449286.6, 0.40139
189934.51, 1449843.9, 0.40139
189833.71, 1449038.6, 0.40139
189958.62, 1449768.44, 0.40139
189405.52, 1449371.52, 0.40139
189499.29, 1449157.55, 0.40139
189030.26, 1449201.48, 0.40139
189946.47, 1449561.46, 0.40139
189663.72, 1449621.86, 0.40139
189614.16, 1449640.16, 0.40139
189416.09, 1449335.4, 0.40139
189298.44, 1449254.97, 0.40139
189412.08, 1449303.14, 0.40139
189190.33, 1449272.12, 0.40139
189258.02, 1449317.01, 0.40139
189772.06, 1449664.84, 0.40139
189281.77, 1449087.15, 0.40139
189369.36, 1449326.43, 0.40139
189524.34, 1449049.09, 0.40139
189153.91, 1449157.87, 0.40139
189747.78, 1449118.92, 0.40139
189182.11, 1449503.76, 0.40139
189938.85, 1449694.27, 0.40139
189855.73, 1449685.5, 0.40139
189754.63, 1449679.87, 0.40139
189419.99, 1449385.44, 0.40139
189685.09, 1449154.2, 0.40139
189371.76, 1449311.84, 0.40139
189529.81, 1449019.75, 0.40139
189297.78, 1449108.17, 0.40139
189682.49, 1449091.8, 0.40139
189186.17, 1449507.08, 0.40139
189268.62, 1449054.04, 0.40139
189331.7, 1449018.3, 0.40139
189473.46, 1449589.25, 0.40139
189806.47, 1449741.13, 0.40139
189763.7, 1449819.34, 0.40139
189742.92, 1449757.54, 0.40139
186262.77, 1449206.06, 0.40002
186776.95, 1449072.13, 0.40002
186415.75, 1449674.12, 0.40002
186445.45, 1449779.41, 0.40002
186407.49, 1449131.39, 0.40002
186395.42, 1449768.66, 0.40002
186292.14, 1449127.1, 0.40002
186527.43, 1449955.89, 0.40002
186580.78, 1449471.95, 0.40002
186612.68, 1449341.17, 0.40002
186367.12, 1449758.08, 0.40002
186089.87, 1449799.19, 0.40002
186542.77, 1449418.84, 0.40002
186474.27, 1449433.67, 0.40002
186512.72, 1449436.9, 0.40002
186371.73, 1449815.93, 0.40002
186545.14, 1449560.87, 0.40002
186478.92, 1449603.8, 0.40002
186905.96, 1449064.5, 0.40002
186400.81, 1449724.06, 0.40002
186450.97, 1449502.85, 0.40002
186509.78, 1449598.58, 0.40002
186127.49, 1449663.65, 0.40002
186334.41, 1449952.2, 0.40002
186183.47, 1449501.97, 0.40002
186820.07, 1449016.33, 0.40002
186284.13, 1449170.39, 0.40002
186426.72, 1449937.62, 0.40002
186519.36, 1449522.85, 0.40002
186480.04, 1449540.19, 0.40002
186038.86, 1449468.01, 0.40002
186300.37, 1449925.28, 0.40002
186517.45, 1449577.38, 0.40002
186465.94, 1449523.22, 0.40002
186653.31, 1449249.23, 0.40002
186680.16, 1449268.01, 0.40002
186324.72, 1449855.29, 0.40002
186462.96, 1449678.35, 0.40002
186439.68, 1449689.84, 0.40002
186173.62, 1449417.85, 0.40002
186619.46, 1449421.09, 0.40002
186112.34, 1449450.4, 0.40002
186101.13, 1449519.26, 0.40002
186170.77, 1449722.62, 0.40002
186418.34, 1449691.17, 0.40002
186786.56, 1449065.29, 0.40002
186718.67, 1449300.27, 0.40002
186258.48, 1449773.91, 0.40002
186426.7, 1449103.37, 0.40002
186091.43, 1449354.65, 0.40002
186367.62, 1449269.27, 0.40002
185065.13, 1446105.48, 0.43389
185101.68, 1446177.65, 0.43389
185125.43, 1446140.44, 0.43389
185069.57, 1446067.32, 0.43389
185066.08, 1446155.67, 0.43389
185613.36, 1446653.91, 0.43389
185972.32, 1446360.78, 0.43389
185039.52, 1446091.2, 0.43389
185977.29, 1446387.29, 0.43389
185955.65, 1446363.11, 0.43389
185074.99, 1446211.52, 0.43389
185081.61, 1446146.62, 0.43389
185095.51, 1446092.21, 0.43389
185898.44, 1446941.26, 0.43389
185141.69, 1446095.35, 0.43389
188683.07, 1446239.54, 0.4231
188754.62, 1446322.58, 0.4231
188857.85, 1446290.37, 0.4231
188645.32, 1446320.28, 0.4231
188930.82, 1446115.65, 0.4231
188935.95, 1446180.31, 0.4231
188957.65, 1446136.28, 0.4231
188822.67, 1446327.99, 0.4231
188477.13, 1446172.43, 0.4231
188960.69, 1446101.95, 0.4231
188617.52, 1446366.31, 0.4231
188699.39, 1446221.29, 0.4231
188561.99, 1446233.73, 0.4231
188860.43, 1446110.5, 0.4231
188641.09, 1446381.87, 0.4231
188911.35, 1446108.9, 0.4231
188954.94, 1446082.69, 0.4231
188452.27, 1446164.6, 0.4231
188258.23, 1446054.55, 0.4231
188684.52, 1446232.95, 0.4231
189297.62, 1446730.22, 0.40111
189774.63, 1446888.37, 0.40111
189375.05, 1446280.17, 0.40111
189152.31, 1446110.32, 0.40111
189149.0, 1446398.49, 0.40111
189349.26, 1446718.42, 0.40111
189613.62, 1446862.42, 0.40111
189667.67, 1446814.4, 0.40111
189110.35, 1446147.39, 0.40111
189553.71, 1446033.09, 0.40111
189869.76, 1446783.94, 0.40111
189125.47, 1446094.57, 0.40111
189050.56, 1446107.55, 0.40111
189560.4, 1446320.93, 0.40111
189668.34, 1446199.27, 0.40111
189512.87, 1446324.86, 0.40111
189646.98, 1446909.36, 0.40111
189344.25, 1446903.98, 0.40111
189403.1, 1446637.28, 0.40111
189334.14, 1446794.3, 0.40111
189699.88, 1446933.2, 0.40111
189658.95, 1446945.29, 0.40111
189020.57, 1446100.42, 0.40111
189449.53, 1446783.44, 0.40111
189524.85, 1446020.39, 0.40111
189319.09, 1446763.21, 0.40111
189244.96, 1446681.82, 0.40111
189369.55, 1446770.93, 0.40111
189897.31, 1446437.38, 0.40111
189671.49, 1446751.97, 0.40111
189648.32, 1446978.85, 0.40111
186594.42, 1446742.01, 0.42571
186410.74, 1446201.85, 0.42571
186208.79, 1446698.94, 0.42571
186599.23, 1446603.0, 0.42571
186350.47, 1446132.04, 0.42571
186556.56, 1446797.6, 0.42571
186438.59, 1446162.55, 0.42571
186107.86, 1446732.64, 0.42571
186539.66, 1446743.34, 0.42571
186145.53, 1446758.9, 0.42571
186316.71, 1446608.75, 0.42571
186571.3, 1446594.31, 0.42571
186379.99, 1446771.96, 0.42571
186085.59, 1446778.09, 0.42571
186260.99, 1446546.67, 0.42571
186526.25, 1446785.77, 0.42571
186316.87, 1446911.44, 0.42571
186296.74, 1446883.83, 0.42571
186213.91, 1446658.17, 0.42571
186360.88, 1446822.35, 0.42571
186367.0, 1446028.24, 0.42571
186372.26, 1446243.67, 0.42571
186057.68, 1446699.28, 0.42571
186454.77, 1446203.18, 0.42571
186614.05, 1446663.93, 0.42571
186341.9, 1446494.28, 0.42571
186580.0, 1446724.57, 0.42571
186317.85, 1446500.84, 0.42571
186621.18, 1446626.23, 0.42571
186478.15, 1446193.57, 0.42571
186275.29, 1446572.49, 0.42571
186310.28, 1446521.07, 0.42571
186524.3, 1446199.51, 0.42571
186617.18, 1446900.42, 0.42571
186603.68, 1446681.48, 0.42571
186561.88, 1446693.42, 0.42571
186422.86, 1446445.56, 0.42571
186342.31, 1446586.61, 0.42571
186580.42, 1446766.51, 0.42571
186320.6, 1446046.15, 0.42571
186062.48, 1446792.17, 0.42571
186164.45, 1446745.26, 0.42571
186136.43, 1446799.23, 0.42571
186235.0, 1446661.46, 0.42571
186041.74, 1446943.49, 0.42571
186212.24, 1446739.79, 0.42571
186489.77, 1446958.66, 0.42571
186464.15, 1446284.6, 0.42571
186107.61, 1446645.53, 0.42571
186378.43, 1446092.84, 0.42571
185283.5, 1445351.3, 0.41184
185778.2, 1445826.58, 0.41184
185215.49, 1445168.7, 0.41184
185252.76, 1445244.72, 0.41184
185083.75, 1445467.52, 0.41184
185166.46, 1445033.95, 0.41184
185252.9, 1445821.22, 0.41184
185131.25, 1445942.86, 0.41184
185384.31, 1445137.13, 0.41184
185324.58, 1445382.4, 0.41184
185182.06, 1445925.55, 0.41184
185284.49, 1445215.82, 0.41184
185048.01, 1445147.37, 0.41184
185158.0, 1445323.05, 0.41184
185083.23, 1445074.24, 0.41184
185239.37, 1445337.42, 0.41184
185266.02, 1445454.58, 0.41184
185133.04, 1445165.17, 0.41184
185074.78, 1445685.78, 0.41184
185197.92, 1445042.78, 0.41184
185973.99, 1445687.62, 0.41184
185173.86, 1445497.49, 0.41184
185304.95, 1445281.57, 0.41184
185069.76, 1445951.79, 0.41184
185059.68, 1445191.12, 0.41184
185163.39, 1445948.44, 0.41184
185063.67, 1445658.06, 0.41184
185386.36, 1445103.92, 0.41184
185763.51, 1445768.05, 0.41184
185128.69, 1445694.96, 0.41184
185224.59, 1445833.11, 0.41184
185269.63, 1445264.56, 0.41184
185041.71, 1445956.93, 0.41184
185069.82, 1445931.14, 0.41184
185171.47, 1445470.31, 0.41184
185035.81, 1445052.42, 0.41184
185290.95, 1445171.07, 0.41184
185186.88, 1445073.49, 0.41184
185128.13, 1445574.22, 0.41184
185325.09, 1445406.89, 0.41184
185069.69, 1445585.94, 0.41184
185083.54, 1445127.66, 0.41184
185081.17, 1445435.57, 0.41184
185107.39, 1445587.3, 0.41184
185127.07, 1445617.4, 0.41184
185064.54, 1445988.93, 0.41184
185086.15, 1445621.9, 0.41184
185277.97, 1445314.65, 0.41184
185140.46, 1445989.26, 0.41184
185181.57, 1445175.06, 0.41184
185157.77, 1445975.51, 0.41184
185124.82, 1445181.05, 0.41184
185133.89, 1445812.4, 0.41184
185024.13, 1445905.2, 0.41184
188764.21, 1445650.58, 0.43018
188928.37, 1445860.34, 0.43018
188382.07, 1445068.8, 0.43018
188678.42, 1445749.39, 0.43018
188231.53, 1445348.88, 0.43018
188859.56, 1445556.05, 0.43018
188977.04, 1445753.19, 0.43018
188659.92, 1445624.5, 0.43018
188381.01, 1445388.89, 0.43018
188527.08, 1445080.11, 0.43018
188244.16, 1445326.91, 0.43018
188979.39, 1445956.57, 0.43018
188083.81, 1445308.19, 0.43018
188752.16, 1445118.08, 0.43018
188134.0, 1445378.58, 0.43018
188955.34, 1445123.05, 0.43018
188367.51, 1445819.5, 0.43018
188217.27, 1445389.31, 0.43018
188921.47, 1445550.9, 0.43018
188711.47, 1445415.66, 0.43018
188503.35, 1445381.97, 0.43018
188308.72, 1445339.37, 0.43018
188804.4, 1445518.66, 0.43018
189681.32, 1445564.96, 0.40297
189707.95, 1445583.72, 0.40297
189159.01, 1445074.29, 0.40297
189444.46, 1445823.16, 0.40297
189396.26, 1445816.53, 0.40297
189060.48, 1445270.36, 0.40297
189548.33, 1445822.39, 0.40297
189612.33, 1445822.69, 0.40297
189090.34, 1445348.74, 0.40297
189447.76, 1445904.55, 0.40297
189518.82, 1445838.3, 0.40297
189474.41, 1445803.23, 0.40297
189021.01, 1445737.5, 0.40297
189295.79, 1445790.22, 0.40297
189596.2, 1445785.78, 0.40297
189615.27, 1445692.21, 0.40297
189397.31, 1445202.01, 0.40297
189548.87, 1445850.42, 0.40297
189118.1, 1445072.89, 0.40297
189435.46, 1445725.05, 0.40297
189957.24, 1445768.19, 0.40297
189219.6, 1445024.19, 0.40297
189441.69, 1445868.13, 0.40297
189464.3, 1445779.7, 0.40297
189502.83, 1445816.09, 0.40297
189473.75, 1445759.3, 0.40297
189616.36, 1445797.3, 0.40297
189313.03, 1445149.08, 0.40297
186372.93, 1445840.48, 0.45886
186318.36, 1445940.59, 0.45886
186433.96, 1445819.21, 0.45886
186420.09, 1445760.75, 0.45886
186442.28, 1445901.18, 0.45886
186149.54, 1445753.39, 0.45886
186359.15, 1445930.49, 0.45886
187953.61, 1445414.73, 0.63203
185700.41, 1448943.57, 0.41376
185204.57, 1448762.18, 0.41376
185799.17, 1448618.29, 0.41376
185804.17, 1448954.33, 0.41376
185701.69, 1448473.18, 0.41376
185668.82, 1448900.79, 0.41376
185271.06, 1448632.25, 0.41376
185851.56, 1448197.91, 0.41376
185746.77, 1448840.43, 0.41376
185920.48, 1448409.73, 0.41376
185191.7, 1448070.47, 0.41376
185869.42, 1448477.41, 0.41376
185668.21, 1448688.04, 0.41376
185326.82, 1448623.19, 0.41376
185955.63, 1448385.18, 0.41376
185888.61, 1448454.93, 0.41376
185846.26, 1448932.28, 0.41376
185827.67, 1448352.65, 0.41376
185794.73, 1448798.98, 0.41376
185691.08, 1448740.2, 0.41376
185698.85, 1448623.26, 0.41376
185391.5, 1448945.85, 0.41376
185442.45, 1448454.16, 0.41376
185898.39, 1448430.5, 0.41376
185408.7, 1448649.96, 0.41376
185957.26, 1448406.38, 0.41376
185294.65, 1448966.36, 0.41376
185678.64, 1448934.71, 0.41376
185726.42, 1448643.61, 0.41376
185356.08, 1448762.88, 0.41376
185392.17, 1448545.24, 0.41376
185860.01, 1448811.38, 0.41376
185440.56, 1448703.95, 0.41376
185694.56, 1448865.49, 0.41376
185710.9, 1448591.35, 0.41376
185734.84, 1448422.54, 0.41376
185821.23, 1448939.99, 0.41376
185693.9, 1448706.89, 0.41376
185772.8, 1448432.02, 0.41376
185352.81, 1448942.58, 0.41376
185780.25, 1448554.19, 0.41376
185872.14, 1448177.69, 0.41376
185804.55, 1448500.23, 0.41376
188751.73, 1448869.14, 0.62486
188705.76, 1448853.23, 0.62486
188723.08, 1448888.51, 0.62486
189437.75, 1448584.66, 0.42082
189302.84, 1448910.26, 0.42082
189567.05, 1448476.1, 0.42082
189604.88, 1448434.27, 0.42082
189514.08, 1448635.29, 0.42082
189834.76, 1448299.71, 0.42082
189492.19, 1448627.92, 0.42082
189770.61, 1448361.04, 0.42082
189832.07, 1448267.07, 0.42082
189414.5, 1448956.74, 0.42082
189460.36, 1448630.3, 0.42082
189451.51, 1448877.79, 0.42082
189314.75, 1448748.31, 0.42082
189789.58, 1448398.34, 0.42082
189344.53, 1448898.47, 0.42082
189701.34, 1448839.7, 0.42082
189564.0, 1448569.92, 0.42082
189431.03, 1448646.83, 0.42082
189472.26, 1448682.9, 0.42082
189909.83, 1448177.07, 0.42082
189822.27, 1448101.96, 0.42082
189405.35, 1448826.73, 0.42082
189585.51, 1448570.89, 0.42082
189696.54, 1448377.32, 0.42082
189304.41, 1448805.04, 0.42082
189342.16, 1448942.12, 0.42082
189340.51, 1448853.41, 0.42082
189508.85, 1448570.49, 0.42082
189498.17, 1448598.44, 0.42082
189706.7, 1448871.11, 0.42082
189529.1, 1448509.2, 0.42082
189320.67, 1448983.66, 0.42082
189774.39, 1448292.83, 0.42082
189693.7, 1448777.8, 0.42082
189345.09, 1448903.93, 0.42082
189647.52, 1448746.16, 0.42082
189296.79, 1448978.31, 0.42082
189674.56, 1448415.95, 0.42082
189478.98, 1448734.58, 0.42082
189311.67, 1448820.08, 0.42082
186162.28, 1448032.89, 0.40119
186632.07, 1448044.82, 0.40119
186913.98, 1448912.06, 0.40119
186965.58, 1448790.3, 0.40119
186324.29, 1448122.16, 0.40119
186662.29, 1448112.18, 0.40119
186851.43, 1448841.56, 0.40119
186561.06, 1448176.73, 0.40119
186554.74, 1448426.27, 0.40119
186595.53, 1448125.82, 0.40119
186514.65, 1448534.21, 0.40119
186731.79, 1448844.82, 0.40119
186132.45, 1448179.75, 0.40119
186754.55, 1448861.86, 0.40119
186901.39, 1448780.62, 0.40119
186109.76, 1448178.79, 0.40119
186138.73, 1448546.35, 0.40119
186583.63, 1448384.53, 0.40119
186042.87, 1448225.98, 0.40119
186695.93, 1448044.71, 0.40119
186443.88, 1448492.07, 0.40119
186386.7, 1448108.23, 0.40119
186350.47, 1448147.35, 0.40119
186780.72, 1448798.76, 0.40119
186677.09, 1448094.4, 0.40119
186902.55, 1448804.38, 0.40119
186825.15, 1448823.25, 0.40119
186843.19, 1448959.01, 0.40119
186609.23, 1448326.92, 0.40119
186619.34, 1448128.08, 0.40119
186541.53, 1448412.97, 0.40119
186202.08, 1448036.55, 0.40119
186031.59, 1448271.64, 0.40119
186460.75, 1448105.49, 0.40119
186679.24, 1448050.58, 0.40119
186564.37, 1448257.47, 0.40119
186795.78, 1448913.7, 0.40119
186169.55, 1448464.07, 0.40119
186188.7, 1448055.07, 0.40119
186409.27, 1448068.26, 0.40119
186118.13, 1448196.54, 0.40119
186707.07, 1448067.11, 0.40119
186405.87, 1448023.97, 0.40119
186632.23, 1448177.18, 0.40119
186489.63, 1448749.96, 0.40119
186184.29, 1448094.03, 0.40119
186973.21, 1448495.29, 0.40119
186254.8, 1448775.2, 0.40119
186435.26, 1448919.58, 0.40119
186214.85, 1448011.62, 0.40119
186953.94, 1448467.19, 0.40119
186625.75, 1448099.95, 0.40119
186086.26, 1448227.37, 0.40119
186193.98, 1448076.81, 0.40119
186438.74, 1448188.02, 0.40119
186409.05, 1448100.81, 0.40119
187062.85, 1448660.75, 0.41326
187415.93, 1448475.14, 0.41326
187217.08, 1448086.03, 0.41326
187226.9, 1448235.96, 0.41326
187242.19, 1448101.34, 0.41326
187187.3, 1448205.68, 0.41326
187183.14, 1448583.89, 0.41326
187237.14, 1448162.47, 0.41326
187160.86, 1448699.31, 0.41326
187159.96, 1448614.12, 0.41326
187244.18, 1448490.31, 0.41326
187152.24, 1448586.67, 0.41326
187311.02, 1448517.74, 0.41326
187144.15, 1448215.66, 0.41326
187372.31, 1448159.42, 0.41326
187182.47, 1448298.99, 0.41326
187132.01, 1448318.6, 0.41326
187362.4, 1448473.01, 0.41326
187443.42, 1448395.09, 0.41326
187082.82, 1448753.94, 0.41326
187308.33, 1448194.29, 0.41326
187253.29, 1448624.94, 0.41326
187353.38, 1448520.83, 0.41326
187269.93, 1448267.2, 0.41326
187350.75, 1448207.74, 0.41326
187289.99, 1448143.05, 0.41326
187149.53, 1448637.59, 0.41326
187111.09, 1448308.37, 0.41326
187118.9, 1448765.01, 0.41326
187206.73, 1448551.19, 0.41326
187052.34, 1448874.32, 0.41326
187264.28, 1448502.4, 0.41326
187263.93, 1448164.05, 0.41326
187042.37, 1448525.15, 0.41326
187098.28, 1448832.89, 0.41326
187217.75, 1448513.38, 0.41326
187209.24, 1448269.27, 0.41326
187211.32, 1448583.13, 0.41326
187155.49, 1448022.57, 0.41326
187017.96, 1448395.7, 0.41326
187205.18, 1448681.63, 0.41326
187355.36, 1448187.38, 0.41326
187385.73, 1448470.55, 0.41326
187387.35, 1448378.84, 0.41326
185715.47, 1447657.55, 0.41228
185456.83, 1447417.5, 0.41228
185220.98, 1447793.78, 0.41228
185775.33, 1447417.73, 0.41228
185714.58, 1447794.09, 0.41228
185897.02, 1447518.17, 0.41228
185837.95, 1447206.47, 0.41228
185582.15, 1447936.07, 0.41228
185861.71, 1447282.98, 0.41228
185867.26, 1447353.21, 0.41228
185568.19, 1447542.9, 0.41228
185600.53, 1447950.88, 0.41228
185642.71, 1447906.03, 0.41228
185116.63, 1447963.21, 0.41228
185123.59, 1447813.02, 0.41228
185113.06, 1447157.92, 0.41228
185046.77, 1447829.81, 0.41228
185955.31, 1447551.69, 0.41228
185932.63, 1447232.93, 0.41228
185975.2, 1447142.23, 0.41228
185500.22, 1447028.21, 0.41228
185078.54, 1447895.92, 0.41228
185845.8, 1447444.86, 0.41228
185710.8, 1447601.49, 0.41228
185255.68, 1447070.88, 0.41228
185894.77, 1447113.07, 0.41228
185954.89, 1447193.44, 0.41228
185822.19, 1447800.92, 0.41228
185937.34, 1447154.07, 0.41228
185718.75, 1447881.92, 0.41228
185699.7, 1447894.6, 0.41228
185641.58, 1447965.95, 0.41228
185284.31, 1447086.62, 0.41228
185887.3, 1447305.12, 0.41228
185985.92, 1447603.94, 0.41228
185907.22, 1447239.75, 0.41228
185865.63, 1447312.71, 0.41228
185080.35, 1447823.89, 0.41228
185627.92, 1447147.15, 0.41228
185061.99, 1447803.83, 0.41228
185878.54, 1447607.98, 0.41228
189856.82, 1447435.91, 0.4253
189880.79, 1447427.46, 0.4253
189536.51, 1447116.66, 0.4253
189877.93, 1447476.06, 0.4253
189839.82, 1447470.95, 0.4253
186488.25, 1447617.88, 0.42747
186647.99, 1447249.29, 0.42747
186646.58, 1447498.78, 0.42747
186557.54, 1447222.45, 0.42747
186393.58, 1447531.92, 0.42747
186592.3, 1447160.93, 0.42747
186764.9, 1447323.27, 0.42747
186343.21, 1447772.74, 0.42747
186691.53, 1447256.75, 0.42747
186706.2, 1447308.72, 0.42747
186252.72, 1447879.57, 0.42747
186140.51, 1447964.04, 0.42747
186648.68, 1447192.39, 0.42747
186159.88, 1447069.03, 0.42747
186507.79, 1447439.68, 0.42747
186669.76, 1447167.32, 0.42747
186666.95, 1447591.92, 0.42747
186147.94, 1447840.96, 0.42747
186569.26, 1447688.01, 0.42747
186778.52, 1447277.63, 0.42747
186330.86, 1447792.7, 0.42747
186804.31, 1447339.71, 0.42747
186568.36, 1447038.09, 0.42747
186810.33, 1447280.75, 0.42747
186572.04, 1447659.1, 0.42747
186633.18, 1447218.1, 0.42747
186512.82, 1447705.07, 0.42747
186090.25, 1447842.65, 0.42747
186379.2, 1447762.93, 0.42747
186724.58, 1447825.87, 0.42747
186707.71, 1447579.88, 0.42747
186698.12, 1447142.75, 0.42747
186236.58, 1447862.71, 0.42747
186488.64, 1447718.55, 0.42747
186087.41, 1447784.68, 0.42747
186513.68, 1447672.27, 0.42747
186096.03, 1447884.53, 0.42747
186676.76, 1447227.05, 0.42747
186266.72, 1447693.65, 0.42747
186604.92, 1447691.75, 0.42747
186794.42, 1447457.89, 0.42747
186652.68, 1447158.6, 0.42747
186690.47, 1447533.26, 0.42747
186217.28, 1447907.08, 0.42747
186561.19, 1447084.46, 0.42747
186140.73, 1447053.15, 0.42747
186365.3, 1447803.91, 0.42747
186035.81, 1447924.94, 0.42747
186161.06, 1447974.69, 0.42747
186463.48, 1447655.32, 0.42747
186577.02, 1447354.73, 0.42747
186630.19, 1447629.08, 0.42747
186669.73, 1447613.04, 0.42747
186501.41, 1447686.23, 0.42747
186466.33, 1447067.54, 0.42747
186679.44, 1447314.92, 0.42747
186023.73, 1447909.07, 0.42747
186709.14, 1447602.85, 0.42747
186744.29, 1447175.2, 0.42747
186491.14, 1447932.6, 0.42747
187146.41, 1447913.58, 0.58876
187143.05, 1447861.23, 0.58876
187221.23, 1447979.43, 0.58876
