130791.22, 1424072.7, 0.40747
130743.72, 1424284.95, 0.40747
130632.32, 1424363.95, 0.40747
130103.74, 1424228.76, 0.40747
130917.08, 1424629.54, 0.40747
130605.52, 1424454.42, 0.40747
130889.61, 1424503.33, 0.40747
130939.37, 1424474.4, 0.40747
130063.19, 1424401.14, 0.40747
130794.41, 1424579.95, 0.40747
130856.19, 1424284.83, 0.40747
130864.79, 1424346.24, 0.40747
130822.65, 1424470.51, 0.40747
130678.55, 1424388.5, 0.40747
130843.2, 1424696.18, 0.40747
130861.6, 1424939.93, 0.40747
130525.21, 1424890.05, 0.40747
130312.61, 1424165.89, 0.40747
130220.34, 1424791.31, 0.40747
130883.85, 1424297.42, 0.40747
130954.81, 1424492.11, 0.40747
130313.64, 1424024.11, 0.40747
130677.85, 1424586.08, 0.40747
130950.26, 1424925.01, 0.40747
130972.18, 1424776.17, 0.40747
130742.66, 1424665.7, 0.40747
130060.34, 1424525.54, 0.40747
130643.94, 1424525.11, 0.40747
130646.68, 1424880.69, 0.40747
130681.45, 1424485.71, 0.40747
130959.4, 1424533.2, 0.40747
133347.26, 1424718.96, 0.40138
133337.46, 1424817.81, 0.40138
133694.71, 1424259.45, 0.40138
133725.73, 1424819.5, 0.40138
133603.52, 1424829.72, 0.40138
133729.04, 1424952.73, 0.40138
133417.23, 1424508.89, 0.40138
133612.55, 1424175.42, 0.40138
133973.75, 1424137.41, 0.40138
133784.33, 1424061.5, 0.40138
133784.13, 1424026.24, 0.40138
133806.75, 1424946.74, 0.40138
133704.68, 1424158.7, 0.40138
133680.03, 1424163.92, 0.40138
133804.73, 1424574.53, 0.40138
133607.04, 1424978.25, 0.40138
133823.73, 1424038.53, 0.40138
133667.44, 1424900.92, 0.40138
133621.48, 1424120.39, 0.40138
133195.37, 1424918.67, 0.40138
133761.35, 1424138.85, 0.40138
133687.88, 1424901.47, 0.40138
133788.86, 1424361.86, 0.40138
134797.12, 1424750.07, 0.41503
134703.17, 1424199.76, 0.41503
134400.85, 1424182.71, 0.41503
134760.52, 1424765.69, 0.41503
134687.2, 1424449.77, 0.41503
134457.19, 1424149.76, 0.41503
134580.96, 1424300.45, 0.41503
134383.33, 1424084.72, 0.41503
134262.63, 1424350.66, 0.41503
134205.26, 1424117.28, 0.41503
134419.96, 1424809.85, 0.41503
134439.29, 1424794.68, 0.41503
134212.1, 1424861.69, 0.41503
134631.16, 1424393.45, 0.41503
134471.07, 1424753.37, 0.41503
134584.32, 1424717.59, 0.41503
134545.19, 1424232.95, 0.41503
134349.34, 1424045.64, 0.41503
134595.66, 1424905.42, 0.41503
134787.35, 1424791.06, 0.41503
134604.75, 1424153.21, 0.41503
134643.03, 1424851.58, 0.41503
134525.65, 1424728.14, 0.41503
134691.49, 1424386.61, 0.41503
134744.3, 1424350.7, 0.41503
134903.85, 1424870.07, 0.41503
134422.54, 1424117.54, 0.41503
134525.11, 1424179.93, 0.41503
134877.25, 1424846.1, 0.41503
134514.13, 1424225.46, 0.41503
134454.59, 1424952.95, 0.41503
134484.29, 1424761.96, 0.41503
134541.84, 1424885.05, 0.41503
134655.92, 1424121.69, 0.41503
134613.59, 1424770.18, 0.41503
134430.2, 1424745.85, 0.41503
134071.65, 1424455.39, 0.41503
134599.4, 1424020.5, 0.41503
134302.89, 1424460.37, 0.41503
134756.37, 1424677.94, 0.41503
134198.05, 1424310.97, 0.41503
134432.73, 1424766.34, 0.41503
134909.02, 1424428.85, 0.41503
134733.05, 1424510.25, 0.41503
134415.03, 1424161.16, 0.41503
134738.47, 1424228.17, 0.41503
131210.0, 1424913.59, 0.41001
131113.71, 1424105.55, 0.41001
131321.14, 1424288.99, 0.41001
131087.81, 1424092.53, 0.41001
131233.19, 1424503.62, 0.41001
131521.23, 1424816.98, 0.41001
131148.61, 1424073.32, 0.41001
131021.35, 1424107.18, 0.41001
131586.09, 1424940.56, 0.41001
131571.53, 1424907.04, 0.41001
131498.56, 1424613.71, 0.41001
131792.73, 1424287.73, 0.41001
131061.37, 1424172.54, 0.41001
131031.75, 1424039.36, 0.41001
131540.47, 1424583.94, 0.41001
132797.35, 1424713.91, 0.40381
132240.15, 1424735.14, 0.40381
132697.05, 1424831.08, 0.40381
132125.08, 1424650.37, 0.40381
132269.66, 1424352.25, 0.40381
132265.65, 1424495.93, 0.40381
132264.41, 1424958.42, 0.40381
132224.87, 1424901.8, 0.40381
132216.37, 1424602.26, 0.40381
132171.72, 1424202.37, 0.40381
132271.55, 1424673.23, 0.40381
132220.63, 1424863.83, 0.40381
132428.16, 1424953.22, 0.40381
132204.22, 1424232.4, 0.40381
132142.19, 1424946.94, 0.40381
132256.39, 1424744.8, 0.40381
132165.37, 1424681.62, 0.40381
132798.36, 1424843.17, 0.40381
132162.03, 1424836.22, 0.40381
132263.56, 1424181.68, 0.40381
132145.44, 1424891.64, 0.40381
132785.71, 1424516.7, 0.40381
132239.91, 1424970.33, 0.40381
132840.95, 1424795.44, 0.40381
132284.22, 1424170.64, 0.40381
132257.76, 1424604.35, 0.40381
132210.46, 1424886.85, 0.40381
132268.03, 1424221.2, 0.40381
132410.79, 1424127.43, 0.40381
132174.52, 1424448.98, 0.40381
132214.13, 1424528.03, 0.40381
132878.08, 1424932.09, 0.40381
132217.04, 1424618.51, 0.40381
132727.72, 1424981.81, 0.40381
132128.16, 1424912.38, 0.40381
132237.43, 1424769.91, 0.40381
132245.88, 1424565.64, 0.40381
132265.23, 1424575.86, 0.40381
132434.48, 1424437.4, 0.40381
132447.51, 1424693.74, 0.40381
132189.8, 1424345.95, 0.40381
132804.78, 1424316.84, 0.40381
131141.4, 1420973.76, 0.42484
130897.21, 1423949.59, 0.40719
130873.74, 1423788.8, 0.40719
130511.79, 1423173.22, 0.40719
130960.92, 1423799.82, 0.40719
130591.52, 1423275.77, 0.40719
130291.12, 1423974.99, 0.40719
130185.63, 1423666.72, 0.40719
130964.87, 1423664.71, 0.40719
130731.08, 1423885.68, 0.40719
130539.8, 1423527.21, 0.40719
130132.62, 1423835.08, 0.40719
133567.86, 1423619.79, 0.42427
133640.0, 1423733.8, 0.42427
133638.73, 1423864.68, 0.42427
133330.66, 1423953.9, 0.42427
133540.26, 1423103.16, 0.42427
133391.28, 1423832.41, 0.42427
133822.71, 1423952.47, 0.42427
133343.52, 1423836.53, 0.42427
133174.67, 1423849.15, 0.42427
133076.84, 1423470.06, 0.42427
133504.56, 1423487.99, 0.42427
133517.26, 1423545.46, 0.42427
133774.71, 1423890.75, 0.42427
133541.28, 1423449.37, 0.42427
133510.28, 1423225.66, 0.42427
133569.74, 1423499.46, 0.42427
133486.8, 1423468.98, 0.42427
133505.55, 1423437.7, 0.42427
133549.37, 1423359.86, 0.42427
133558.29, 1423383.54, 0.42427
133451.38, 1423368.15, 0.42427
133685.31, 1423676.62, 0.42427
133518.6, 1423367.77, 0.42427
133616.92, 1423468.3, 0.42427
133623.25, 1423572.95, 0.42427
133563.49, 1423345.94, 0.42427
133193.8, 1423944.76, 0.42427
133370.79, 1423500.52, 0.42427
133629.01, 1423780.41, 0.42427
133563.65, 1423659.17, 0.42427
133799.29, 1423916.79, 0.42427
133142.14, 1423943.41, 0.42427
133837.06, 1423981.5, 0.42427
133473.68, 1423391.97, 0.42427
133505.38, 1423089.08, 0.42427
133619.07, 1423817.32, 0.42427
133315.74, 1423908.27, 0.42427
134767.89, 1423831.54, 0.40007
134640.19, 1423856.33, 0.40007
134631.06, 1423725.45, 0.40007
134642.83, 1423681.95, 0.40007
134382.46, 1423950.69, 0.40007
134707.01, 1423890.25, 0.40007
134682.64, 1423853.77, 0.40007
134896.24, 1423435.67, 0.40007
131091.91, 1423663.67, 0.41971
131337.36, 1423528.72, 0.41971
131170.0, 1423684.91, 0.41971
131039.83, 1423753.72, 0.41971
131178.34, 1423584.59, 0.41971
131207.84, 1423609.22, 0.41971
131242.5, 1423486.16, 0.41971
131140.54, 1423593.32, 0.41971
131077.89, 1423908.89, 0.41971
131232.45, 1423524.77, 0.41971
131149.27, 1423639.26, 0.41971
131299.43, 1423584.73, 0.41971
131310.39, 1423824.24, 0.41971
132935.06, 1423324.63, 0.43908
132934.11, 1423389.42, 0.43908
132957.57, 1423672.29, 0.43908
132972.58, 1423441.85, 0.43908
132741.25, 1423736.32, 0.43908
132831.56, 1423907.48, 0.43908
132914.55, 1423838.93, 0.43908
132715.2, 1423474.92, 0.43908
132225.45, 1423935.67, 0.43908
132798.74, 1423378.57, 0.43908
132303.07, 1422933.7, 0.43254
132074.55, 1422169.16, 0.43254
132207.66, 1422106.65, 0.43254
132432.05, 1422303.1, 0.43254
