185237.85, 1464667.1, 0.45489
185088.52, 1464160.31, 0.45489
185081.38, 1464132.07, 0.45489
188390.19, 1464700.37, 0.42717
188292.63, 1464689.26, 0.42717
188482.32, 1464675.05, 0.42717
188361.58, 1464587.01, 0.42717
188496.51, 1464650.21, 0.42717
188397.07, 1464611.68, 0.42717
188660.46, 1464392.99, 0.42717
189544.62, 1464965.71, 0.67852
187188.89, 1464681.64, 0.40516
187263.99, 1464694.32, 0.40516
187250.86, 1464443.87, 0.40516
187113.92, 1464655.47, 0.40516
187179.38, 1464624.52, 0.40516
188246.68, 1461376.78, 0.40212
188697.58, 1461617.56, 0.40212
188493.82, 1461638.6, 0.40212
188814.73, 1461920.39, 0.40212
188414.84, 1461524.94, 0.40212
188879.48, 1461372.6, 0.40212
188776.65, 1461787.27, 0.40212
188322.04, 1461129.33, 0.40212
188849.98, 1461921.27, 0.40212
188826.61, 1461883.52, 0.40212
188399.68, 1461100.62, 0.40212
188758.07, 1461808.52, 0.40212
188780.6, 1461710.99, 0.40212
188771.91, 1461562.36, 0.40212
188652.28, 1461431.77, 0.40212
188759.43, 1461754.5, 0.40212
188879.9, 1461296.0, 0.40212
188224.72, 1461377.71, 0.40212
188560.02, 1461286.7, 0.40212
188889.99, 1461958.26, 0.40212
188748.98, 1461736.52, 0.40212
188702.11, 1461186.63, 0.40212
188621.71, 1461540.93, 0.40212
188578.81, 1461346.27, 0.40212
188805.82, 1461572.94, 0.40212
188752.55, 1461744.75, 0.40212
188097.25, 1461456.99, 0.40212
188630.59, 1461292.93, 0.40212
189701.09, 1461036.5, 0.40784
189435.07, 1461155.92, 0.40784
189453.61, 1461350.57, 0.40784
189641.68, 1461076.52, 0.40784
189284.1, 1461626.7, 0.40784
189596.59, 1461030.11, 0.40784
189751.06, 1461124.48, 0.40784
189733.86, 1461161.98, 0.40784
189525.46, 1461108.08, 0.40784
189524.17, 1461179.14, 0.40784
189510.64, 1461129.92, 0.40784
189733.46, 1461146.06, 0.40784
186221.01, 1461738.15, 0.47899
186451.25, 1461969.18, 0.47899
186195.19, 1461935.01, 0.47899
186508.64, 1461948.24, 0.47899
186183.49, 1461974.62, 0.47899
186239.77, 1461962.88, 0.47899
187723.56, 1461766.54, 0.41505
187720.98, 1461808.29, 0.41505
187831.06, 1461042.65, 0.41505
187829.62, 1461295.72, 0.41505
187918.77, 1461790.12, 0.41505
187777.9, 1461766.18, 0.41505
187755.65, 1461803.02, 0.41505
187860.35, 1461313.76, 0.41505
187827.95, 1461761.23, 0.41505
187822.15, 1461890.03, 0.41505
185053.87, 1460941.93, 0.59493
185930.53, 1460127.2, 0.59493
188407.87, 1460752.4, 0.499
188958.55, 1460098.7, 0.499
188959.53, 1460024.46, 0.499
188133.48, 1460683.25, 0.499
188762.89, 1460291.09, 0.499
189802.14, 1460104.77, 0.40447
189710.79, 1460873.78, 0.40447
189556.33, 1460787.0, 0.40447
189561.63, 1460851.06, 0.40447
189491.4, 1460898.54, 0.40447
189738.21, 1460907.78, 0.40447
189306.88, 1460360.59, 0.40447
189348.84, 1460837.55, 0.40447
189663.51, 1460899.23, 0.40447
189970.16, 1460966.88, 0.40447
189259.04, 1460694.97, 0.40447
186681.22, 1460582.65, 0.4188
186592.94, 1460932.97, 0.4188
186649.24, 1460279.95, 0.4188
186745.28, 1460654.02, 0.4188
186665.43, 1460600.6, 0.4188
187901.72, 1460617.85, 0.41185
187720.73, 1460578.81, 0.41185
187537.1, 1460096.87, 0.41185
187723.29, 1460698.14, 0.41185
187644.19, 1460564.59, 0.41185
187644.1, 1460191.38, 0.41185
187537.93, 1460068.8, 0.41185
187840.97, 1460574.31, 0.41185
185226.87, 1463078.36, 0.43766
185191.37, 1463376.88, 0.43766
185348.26, 1463072.93, 0.43766
185369.26, 1463045.39, 0.43766
185305.35, 1463330.58, 0.43766
185332.77, 1463145.63, 0.43766
185562.39, 1463149.33, 0.43766
185413.17, 1463052.34, 0.43766
185538.7, 1463263.35, 0.43766
185167.06, 1463309.25, 0.43766
185569.58, 1463124.17, 0.43766
185258.54, 1463102.21, 0.43766
185296.18, 1463089.97, 0.43766
185041.36, 1463049.05, 0.43766
185493.79, 1463226.5, 0.43766
185303.68, 1463123.65, 0.43766
185216.19, 1463304.08, 0.43766
185369.09, 1463065.31, 0.43766
185529.15, 1463191.56, 0.43766
185318.3, 1463942.58, 0.43766
185259.12, 1463073.26, 0.43766
185401.32, 1463062.42, 0.43766
185270.11, 1463088.51, 0.43766
185797.59, 1462310.86, 0.40568
185729.45, 1462320.83, 0.40568
185144.94, 1462777.61, 0.40568
185331.15, 1462958.61, 0.40568
185964.68, 1462225.27, 0.40568
185126.97, 1462840.24, 0.40568
185557.41, 1462573.71, 0.40568
185571.03, 1462828.29, 0.40568
185283.47, 1462753.0, 0.40568
185291.23, 1462715.28, 0.40568
185312.68, 1462826.1, 0.40568
185489.84, 1462766.27, 0.40568
185527.02, 1462508.51, 0.40568
185596.96, 1462859.9, 0.40568
185760.51, 1462498.4, 0.40568
185517.3, 1462617.05, 0.40568
185226.64, 1462902.0, 0.40568
185371.3, 1462727.41, 0.40568
185071.94, 1462363.05, 0.40568
185256.25, 1462663.06, 0.40568
185144.66, 1462958.46, 0.40568
185598.58, 1462933.86, 0.40568
185484.66, 1462558.68, 0.40568
185087.78, 1462470.63, 0.40568
185071.01, 1462854.98, 0.40568
185257.13, 1462959.42, 0.40568
185135.72, 1462925.64, 0.40568
185051.5, 1462800.89, 0.40568
185109.8, 1462803.16, 0.40568
185588.71, 1462891.98, 0.40568
185902.22, 1462203.15, 0.40568
185197.37, 1462924.65, 0.40568
185586.15, 1462624.5, 0.40568
185118.86, 1462905.15, 0.40568
185982.87, 1462409.23, 0.40568
185974.28, 1462181.93, 0.40568
185550.69, 1462928.17, 0.40568
185791.72, 1462556.67, 0.40568
185405.45, 1462978.62, 0.40568
185639.53, 1462901.7, 0.40568
185550.93, 1462622.36, 0.40568
185387.3, 1462966.38, 0.40568
185158.83, 1462885.41, 0.40568
185620.57, 1462917.09, 0.40568
185251.15, 1462645.04, 0.40568
185892.28, 1462623.11, 0.40568
185257.59, 1462717.13, 0.40568
185755.73, 1462481.04, 0.40568
185649.08, 1462830.87, 0.40568
185480.93, 1462422.02, 0.40568
185407.6, 1462756.01, 0.40568
185464.81, 1462610.27, 0.40568
188288.96, 1462208.39, 0.40252
188170.41, 1462323.85, 0.40252
188371.73, 1462251.44, 0.40252
188903.51, 1462170.0, 0.40252
188118.37, 1462136.39, 0.40252
188324.16, 1462321.1, 0.40252
188181.61, 1462381.57, 0.40252
188144.06, 1462178.03, 0.40252
188127.79, 1462267.24, 0.40252
188913.86, 1462018.81, 0.40252
188853.86, 1462176.78, 0.40252
188602.11, 1462211.05, 0.40252
188783.2, 1462058.8, 0.40252
188212.96, 1462241.7, 0.40252
188374.55, 1462039.71, 0.40252
188264.65, 1462238.26, 0.40252
188238.67, 1462246.68, 0.40252
189491.4, 1462077.76, 0.41244
189753.77, 1462123.84, 0.41244
189918.63, 1462199.64, 0.41244
189690.19, 1462162.58, 0.41244
189556.99, 1462189.76, 0.41244
186497.56, 1462097.41, 0.46403
186183.58, 1462087.66, 0.46403
186113.15, 1462086.57, 0.46403
186184.75, 1462042.87, 0.46403
186206.15, 1462059.11, 0.46403
186156.65, 1462024.31, 0.46403
186181.08, 1462018.66, 0.46403
186183.41, 1462035.22, 0.46403
187339.58, 1462443.96, 0.41463
187733.83, 1462042.22, 0.41463
187791.56, 1462190.02, 0.41463
187155.47, 1462202.71, 0.41463
187839.84, 1462181.05, 0.41463
187433.53, 1462609.67, 0.41463
187735.36, 1462080.85, 0.41463
187197.54, 1462228.3, 0.41463
187888.24, 1462222.25, 0.41463
187705.9, 1462070.15, 0.41463
187297.25, 1462280.09, 0.41463
187595.39, 1462248.14, 0.41463
187317.09, 1462466.58, 0.41463
187183.21, 1462066.51, 0.41463
187836.52, 1462156.13, 0.41463
187915.22, 1462249.81, 0.41463
187783.27, 1462127.23, 0.41463
187767.28, 1462031.79, 0.41463
187218.57, 1462426.7, 0.41463
187214.75, 1462136.1, 0.41463
187283.75, 1462343.03, 0.41463
187729.95, 1462211.09, 0.41463
187964.01, 1462035.75, 0.41463
187281.12, 1462402.11, 0.41463
187657.11, 1462248.92, 0.41463
187235.84, 1462459.89, 0.41463
187188.94, 1462819.19, 0.41463
187711.62, 1462032.15, 0.41463
187792.44, 1462147.28, 0.41463
