175107.88, 1449266.71, 0.40915
175078.26, 1449197.62, 0.40915
175117.17, 1449155.98, 0.40915
175125.35, 1449296.65, 0.40915
175125.73, 1449334.48, 0.40915
175095.22, 1449163.12, 0.40915
175066.3, 1449894.78, 0.40915
175072.45, 1449246.65, 0.40915
175094.18, 1449195.42, 0.40915
178295.56, 1449319.06, 0.41494
178708.52, 1449718.55, 0.41494
178355.3, 1449675.12, 0.41494
178676.29, 1449755.67, 0.41494
178773.98, 1449820.43, 0.41494
178724.72, 1449230.2, 0.41494
178688.45, 1449312.47, 0.41494
178437.37, 1449663.37, 0.41494
178387.71, 1449638.62, 0.41494
178953.76, 1449752.74, 0.41494
178862.32, 1449858.12, 0.41494
178139.83, 1449167.95, 0.41494
178301.56, 1449668.81, 0.41494
178438.26, 1449763.65, 0.41494
178621.04, 1449051.05, 0.41494
178670.72, 1449218.43, 0.41494
178363.38, 1449213.62, 0.41494
178953.76, 1449840.98, 0.41494
178455.98, 1449205.69, 0.41494
178781.49, 1449114.82, 0.41494
178763.54, 1449478.95, 0.41494
178814.82, 1449809.15, 0.41494
178421.03, 1449684.39, 0.41494
178262.56, 1449375.56, 0.41494
178271.94, 1449589.91, 0.41494
178705.61, 1449802.25, 0.41494
178209.21, 1449644.02, 0.41494
178764.63, 1449261.36, 0.41494
178224.26, 1449306.24, 0.41494
178181.26, 1449192.89, 0.41494
178704.24, 1449784.25, 0.41494
178961.09, 1449421.58, 0.41494
178830.55, 1449117.35, 0.41494
178811.57, 1449588.15, 0.41494
178278.69, 1449285.94, 0.41494
178398.89, 1449409.34, 0.41494
178811.81, 1449469.03, 0.41494
178815.79, 1449014.41, 0.41494
178866.86, 1449787.32, 0.41494
178849.63, 1449727.03, 0.41494
178685.95, 1449048.76, 0.41494
178718.26, 1449059.09, 0.41494
178936.61, 1449325.12, 0.41494
178757.46, 1449058.78, 0.41494
178975.31, 1449801.9, 0.41494
178411.17, 1449080.93, 0.41494
179907.09, 1449621.89, 0.41025
179126.68, 1449394.81, 0.41025
179262.27, 1449203.87, 0.41025
179250.54, 1449139.75, 0.41025
179219.01, 1449171.04, 0.41025
179317.33, 1449610.28, 0.41025
179124.21, 1449212.13, 0.41025
179039.03, 1449361.97, 0.41025
179960.23, 1449776.9, 0.41025
179774.77, 1449162.5, 0.41025
179154.75, 1449212.91, 0.41025
179196.93, 1449155.61, 0.41025
179959.08, 1449727.52, 0.41025
179443.51, 1449327.39, 0.41025
179032.83, 1449403.07, 0.41025
179437.8, 1449715.94, 0.41025
179522.66, 1449322.68, 0.41025
179739.98, 1449926.77, 0.41025
179431.28, 1449358.62, 0.41025
179959.96, 1449639.64, 0.41025
179099.56, 1449811.32, 0.41025
179928.12, 1449563.15, 0.41025
179442.82, 1449255.59, 0.41025
179150.6, 1449450.44, 0.41025
176327.0, 1449859.32, 0.4442
176317.15, 1449657.93, 0.4442
176206.2, 1449267.88, 0.4442
176238.92, 1449253.4, 0.4442
176046.79, 1449390.54, 0.4442
176065.08, 1449096.78, 0.4442
176022.89, 1449244.75, 0.4442
176108.44, 1449011.66, 0.4442
177454.02, 1449048.64, 0.43033
177858.11, 1449344.93, 0.43033
177752.78, 1449109.49, 0.43033
177899.89, 1449527.81, 0.43033
177533.9, 1449127.18, 0.43033
177502.81, 1449063.02, 0.43033
177450.11, 1449089.45, 0.43033
177979.25, 1449167.72, 0.43033
177922.22, 1449196.52, 0.43033
177511.17, 1449140.45, 0.43033
177570.92, 1449185.72, 0.43033
177423.32, 1449106.25, 0.43033
177957.78, 1449206.16, 0.43033
177964.8, 1449130.32, 0.43033
175964.15, 1446042.82, 0.61971
175982.69, 1446698.23, 0.61971
175941.55, 1446127.84, 0.61971
178255.16, 1446652.81, 0.42967
178083.3, 1446089.85, 0.42967
178719.31, 1446966.81, 0.42967
178411.05, 1446754.19, 0.42967
178184.4, 1446171.92, 0.42967
178851.14, 1446336.59, 0.42967
178253.89, 1446188.71, 0.42967
178705.56, 1446935.5, 0.42967
178306.29, 1446257.52, 0.42967
178774.02, 1446885.77, 0.42967
178738.42, 1446789.43, 0.42967
178163.04, 1446526.29, 0.42967
178526.54, 1446388.42, 0.42967
178553.56, 1446785.9, 0.42967
178920.75, 1446509.23, 0.42967
178336.34, 1446741.41, 0.42967
178195.88, 1446335.87, 0.42967
178475.57, 1446489.54, 0.42967
178627.96, 1446869.94, 0.42967
178213.67, 1446450.98, 0.42967
178237.28, 1446317.46, 0.42967
178057.35, 1446701.77, 0.42967
178110.6, 1446028.38, 0.42967
178463.72, 1446528.21, 0.42967
178748.92, 1446913.81, 0.42967
178080.05, 1446456.41, 0.42967
178879.36, 1446974.4, 0.42967
178146.68, 1446738.45, 0.42967
178241.77, 1446165.65, 0.42967
178423.7, 1446533.24, 0.42967
179455.43, 1446345.49, 0.4157
179806.13, 1446714.72, 0.4157
179248.82, 1446233.17, 0.4157
179839.8, 1446499.61, 0.4157
179708.42, 1446361.58, 0.4157
179789.48, 1446277.03, 0.4157
179397.86, 1446437.11, 0.4157
179780.83, 1446341.79, 0.4157
179337.09, 1446034.34, 0.4157
179065.33, 1446917.01, 0.4157
179361.01, 1446070.06, 0.4157
179711.82, 1446235.38, 0.4157
179671.34, 1446457.36, 0.4157
179805.52, 1446310.88, 0.4157
179334.87, 1446087.04, 0.4157
179792.59, 1446497.0, 0.4157
179471.37, 1446443.11, 0.4157
179730.86, 1446106.97, 0.4157
179465.05, 1446523.81, 0.4157
179757.39, 1446732.51, 0.4157
179857.71, 1446587.55, 0.4157
179664.6, 1446745.81, 0.4157
179693.91, 1446951.72, 0.4157
179472.37, 1446466.23, 0.4157
179899.38, 1446107.3, 0.4157
179854.59, 1446337.49, 0.4157
179357.88, 1446142.62, 0.4157
179216.93, 1446204.82, 0.4157
179165.86, 1446156.69, 0.4157
179692.36, 1446118.23, 0.4157
179690.7, 1446081.22, 0.4157
179468.95, 1446496.26, 0.4157
179376.38, 1446448.29, 0.4157
179257.04, 1446744.63, 0.4157
179682.3, 1446217.01, 0.4157
179765.01, 1446216.99, 0.4157
179523.84, 1446422.51, 0.4157
179595.44, 1446247.39, 0.4157
179624.13, 1446981.7, 0.4157
179654.49, 1446091.16, 0.4157
179867.6, 1446620.69, 0.4157
179806.37, 1446520.48, 0.4157
179717.62, 1446109.83, 0.4157
179889.83, 1446609.46, 0.4157
179871.12, 1446671.47, 0.4157
179719.87, 1446751.24, 0.4157
179909.09, 1446749.4, 0.4157
176674.98, 1446204.76, 0.4078
176358.51, 1446571.49, 0.4078
176358.35, 1446209.07, 0.4078
176697.89, 1446318.14, 0.4078
176328.4, 1446569.82, 0.4078
176854.03, 1446831.03, 0.4078
176382.53, 1446769.56, 0.4078
176702.5, 1446212.75, 0.4078
176301.37, 1446530.87, 0.4078
176577.14, 1446908.37, 0.4078
176574.1, 1446946.28, 0.4078
176750.46, 1446455.43, 0.4078
176788.6, 1446968.89, 0.4078
176297.55, 1446602.96, 0.4078
176322.13, 1446531.86, 0.4078
176881.93, 1446571.34, 0.4078
176660.37, 1446241.48, 0.4078
176727.91, 1446849.46, 0.4078
176867.68, 1446817.73, 0.4078
176448.57, 1446639.65, 0.4078
177175.35, 1446747.09, 0.40068
177699.32, 1446603.43, 0.40068
177557.14, 1446715.58, 0.40068
177526.32, 1446625.01, 0.40068
177705.76, 1446781.99, 0.40068
177513.42, 1446723.26, 0.40068
177592.41, 1446830.53, 0.40068
177584.11, 1446272.17, 0.40068
177576.63, 1446785.31, 0.40068
177311.98, 1446780.77, 0.40068
177640.61, 1446886.64, 0.40068
177632.96, 1446355.52, 0.40068
177354.43, 1446241.97, 0.40068
177575.07, 1446744.87, 0.40068
177467.16, 1446285.58, 0.40068
177458.43, 1446433.24, 0.40068
177772.34, 1446768.2, 0.40068
177763.92, 1446880.12, 0.40068
177497.12, 1446440.68, 0.40068
177523.83, 1446687.92, 0.40068
177588.35, 1446808.96, 0.40068
177647.86, 1446325.2, 0.40068
177549.1, 1446674.77, 0.40068
177702.37, 1446480.56, 0.40068
177058.32, 1446482.48, 0.40068
177793.56, 1446944.78, 0.40068
177574.19, 1446054.69, 0.40068
177541.19, 1446599.52, 0.40068
177856.13, 1446209.82, 0.40068
177326.4, 1446473.42, 0.40068
177690.01, 1446116.55, 0.40068
177456.31, 1446210.9, 0.40068
177464.23, 1446416.69, 0.40068
177478.75, 1446722.59, 0.40068
177543.7, 1446819.81, 0.40068
177847.21, 1446225.39, 0.40068
175903.84, 1445228.37, 0.40357
175679.39, 1445078.93, 0.40357
175969.31, 1445399.91, 0.40357
175356.45, 1445026.39, 0.40357
178912.59, 1445335.78, 0.40189
178635.0, 1445506.37, 0.40189
178655.68, 1445699.44, 0.40189
178944.64, 1445182.54, 0.40189
178614.27, 1445104.92, 0.40189
178191.27, 1445041.71, 0.40189
178849.17, 1445935.51, 0.40189
178676.89, 1445860.28, 0.40189
178218.14, 1445515.0, 0.40189
178252.85, 1445180.59, 0.40189
178644.85, 1445180.98, 0.40189
178139.44, 1445523.21, 0.40189
178426.42, 1445311.85, 0.40189
178380.35, 1445465.79, 0.40189
178932.63, 1445236.74, 0.40189
178819.44, 1445945.48, 0.40189
178960.18, 1445096.32, 0.40189
178730.7, 1445832.1, 0.40189
178509.38, 1445321.05, 0.40189
178919.86, 1445953.64, 0.40189
179641.32, 1445264.27, 0.40683
179840.92, 1445272.7, 0.40683
179407.87, 1445782.69, 0.40683
179915.45, 1445713.65, 0.40683
179615.46, 1445406.4, 0.40683
179357.9, 1445395.14, 0.40683
179954.56, 1445748.82, 0.40683
179764.35, 1445473.47, 0.40683
179835.82, 1445243.78, 0.40683
179188.92, 1445620.59, 0.40683
179576.29, 1445445.18, 0.40683
179817.03, 1445739.15, 0.40683
179590.75, 1445221.37, 0.40683
179741.59, 1445312.09, 0.40683
179705.5, 1445968.09, 0.40683
179734.1, 1445969.54, 0.40683
179398.2, 1445351.0, 0.40683
179453.95, 1445947.31, 0.40683
179935.73, 1445186.13, 0.40683
179191.56, 1445655.94, 0.40683
179584.55, 1445253.59, 0.40683
179648.45, 1445388.83, 0.40683
179390.45, 1445567.18, 0.40683
179287.64, 1445472.96, 0.40683
179748.07, 1445903.17, 0.40683
179909.27, 1445889.41, 0.40683
179975.87, 1445189.7, 0.40683
179883.92, 1445286.78, 0.40683
179832.85, 1445716.03, 0.40683
179482.29, 1445327.51, 0.40683
179841.88, 1445410.05, 0.40683
179809.14, 1445290.93, 0.40683
179931.61, 1445867.98, 0.40683
179329.94, 1445542.19, 0.40683
179415.04, 1445887.05, 0.40683
179584.84, 1445411.46, 0.40683
179964.63, 1445237.99, 0.40683
179747.91, 1445150.04, 0.40683
179926.87, 1445104.37, 0.40683
179405.98, 1445435.42, 0.40683
179650.87, 1445206.04, 0.40683
179631.89, 1445792.97, 0.40683
179812.71, 1445776.14, 0.40683
179754.0, 1445942.42, 0.40683
179450.72, 1445296.51, 0.40683
179334.52, 1445511.48, 0.40683
179799.87, 1445637.02, 0.40683
179911.67, 1445844.79, 0.40683
179878.56, 1445650.85, 0.40683
179832.37, 1445586.4, 0.40683
179229.74, 1445975.17, 0.40683
179911.82, 1445665.14, 0.40683
179402.27, 1445556.9, 0.40683
179905.8, 1445125.46, 0.40683
179871.36, 1445729.58, 0.40683
179236.35, 1445933.15, 0.40683
179333.52, 1445609.22, 0.40683
179906.91, 1445953.01, 0.40683
179884.56, 1445172.28, 0.40683
179968.73, 1445076.12, 0.40683
179395.63, 1445386.34, 0.40683
179914.12, 1445467.35, 0.40683
179648.33, 1445226.18, 0.40683
179918.13, 1445936.48, 0.40683
179046.88, 1445271.04, 0.40683
179658.56, 1445487.72, 0.40683
179914.47, 1445818.36, 0.40683
179421.35, 1445902.23, 0.40683
179912.11, 1445634.23, 0.40683
179978.95, 1445551.49, 0.40683
179892.53, 1445824.56, 0.40683
179820.13, 1445429.35, 0.40683
179614.76, 1445255.69, 0.40683
179622.04, 1445294.15, 0.40683
179444.31, 1445331.86, 0.40683
179868.55, 1445791.52, 0.40683
179825.56, 1445729.92, 0.40683
179822.41, 1445604.12, 0.40683
179927.37, 1445775.11, 0.40683
179561.6, 1445655.9, 0.40683
179679.65, 1445297.45, 0.40683
179627.68, 1445259.07, 0.40683
179534.98, 1445145.12, 0.40683
179917.47, 1445265.91, 0.40683
176643.09, 1445675.38, 0.41066
176792.11, 1445354.04, 0.41066
176145.66, 1445728.35, 0.41066
176059.52, 1445621.01, 0.41066
176638.02, 1445190.96, 0.41066
176715.12, 1445452.91, 0.41066
176380.31, 1445693.46, 0.41066
176591.45, 1445310.59, 0.41066
176486.47, 1445759.51, 0.41066
176756.79, 1445345.79, 0.41066
176605.44, 1445460.21, 0.41066
176497.56, 1445186.29, 0.41066
176400.02, 1445077.59, 0.41066
176843.82, 1445813.9, 0.41066
176437.32, 1445074.37, 0.41066
176462.98, 1445877.2, 0.41066
176884.87, 1445890.09, 0.41066
176318.99, 1445532.71, 0.41066
176238.9, 1445196.26, 0.41066
176359.95, 1445593.27, 0.41066
176173.43, 1445730.02, 0.41066
176550.65, 1445162.55, 0.41066
176515.0, 1445383.36, 0.41066
176844.42, 1445545.0, 0.41066
176672.33, 1445282.05, 0.41066
176134.92, 1445746.34, 0.41066
176332.82, 1445590.58, 0.41066
176473.6, 1445334.1, 0.41066
176672.29, 1445409.13, 0.41066
176481.22, 1445038.51, 0.41066
176648.76, 1445280.35, 0.41066
176779.06, 1445260.76, 0.41066
176717.18, 1445306.63, 0.41066
176510.1, 1445401.81, 0.41066
176034.53, 1445649.42, 0.41066
176532.12, 1445802.17, 0.41066
176817.69, 1445515.99, 0.41066
176377.92, 1445079.97, 0.41066
176401.76, 1445759.78, 0.41066
176575.53, 1445637.97, 0.41066
176539.34, 1445106.27, 0.41066
176527.04, 1445849.57, 0.41066
176808.01, 1445443.62, 0.41066
176858.94, 1445850.26, 0.41066
176066.53, 1445583.06, 0.41066
176886.49, 1445551.83, 0.41066
177403.23, 1445855.67, 0.4185
177618.19, 1445084.6, 0.4185
177616.78, 1445244.96, 0.4185
177576.65, 1445702.12, 0.4185
177799.59, 1445037.07, 0.4185
177604.98, 1445805.86, 0.4185
177128.55, 1445868.16, 0.4185
177530.12, 1445424.8, 0.4185
177558.93, 1445225.55, 0.4185
177196.32, 1445585.71, 0.4185
177810.58, 1445587.91, 0.4185
177338.93, 1445294.55, 0.4185
177732.35, 1445113.09, 0.4185
177466.83, 1445252.81, 0.4185
177543.88, 1445699.05, 0.4185
177566.14, 1445632.89, 0.4185
177147.52, 1445887.17, 0.4185
177619.84, 1445625.77, 0.4185
177690.78, 1445550.78, 0.4185
177436.44, 1445332.62, 0.4185
177640.7, 1445317.81, 0.4185
177676.44, 1445148.25, 0.4185
177237.01, 1445842.45, 0.4185
177594.79, 1445198.64, 0.4185
177431.51, 1445689.51, 0.4185
177364.63, 1445287.02, 0.4185
177298.76, 1445387.13, 0.4185
177797.97, 1445079.25, 0.4185
177239.82, 1445523.76, 0.4185
177265.9, 1445396.75, 0.4185
177210.76, 1445851.09, 0.4185
177272.79, 1445894.39, 0.4185
177299.08, 1445715.75, 0.4185
177343.01, 1445527.5, 0.4185
177313.4, 1445546.55, 0.4185
177335.66, 1445511.85, 0.4185
177410.28, 1445686.12, 0.4185
177707.1, 1445125.65, 0.4185
177651.8, 1445893.53, 0.4185
177365.18, 1445543.29, 0.4185
177182.78, 1445454.47, 0.4185
177789.74, 1445176.76, 0.4185
177642.43, 1445151.78, 0.4185
177333.56, 1445408.03, 0.4185
177226.17, 1445868.65, 0.4185
177383.09, 1445321.46, 0.4185
177517.16, 1445442.51, 0.4185
177575.44, 1445409.31, 0.4185
177283.06, 1445695.37, 0.4185
177805.36, 1445184.85, 0.4185
175261.33, 1448317.1, 0.40138
175408.8, 1448400.54, 0.40138
175256.8, 1448966.26, 0.40138
175250.26, 1448220.3, 0.40138
175257.15, 1448286.09, 0.40138
175304.64, 1448302.39, 0.40138
175279.35, 1448873.56, 0.40138
175055.48, 1448796.17, 0.40138
175147.22, 1448320.16, 0.40138
175469.61, 1448165.73, 0.40138
175084.89, 1448350.75, 0.40138
175374.76, 1448206.27, 0.40138
175187.31, 1448969.96, 0.40138
175365.34, 1448277.76, 0.40138
175347.81, 1448658.08, 0.40138
175086.46, 1448955.74, 0.40138
175317.29, 1448190.15, 0.40138
175356.54, 1448473.3, 0.40138
175358.63, 1448846.5, 0.40138
175108.94, 1448353.31, 0.40138
175229.63, 1448407.23, 0.40138
175122.78, 1448442.56, 0.40138
175427.63, 1448876.51, 0.40138
175372.52, 1448266.72, 0.40138
175399.26, 1448227.23, 0.40138
175122.91, 1448449.17, 0.40138
175185.56, 1448698.43, 0.40138
175204.97, 1448945.77, 0.40138
178818.17, 1448710.63, 0.40634
178891.05, 1448070.03, 0.40634
178261.06, 1448134.4, 0.40634
178775.32, 1448767.83, 0.40634
178324.83, 1448642.17, 0.40634
178718.76, 1448799.93, 0.40634
178754.86, 1448863.82, 0.40634
178408.46, 1448952.23, 0.40634
178072.26, 1448826.51, 0.40634
178831.96, 1448167.46, 0.40634
178419.21, 1448829.25, 0.40634
178536.99, 1448287.01, 0.40634
178101.47, 1448949.49, 0.40634
178379.25, 1448734.47, 0.40634
178871.46, 1448262.75, 0.40634
178407.17, 1448745.78, 0.40634
178232.97, 1448742.14, 0.40634
178668.89, 1448049.06, 0.40634
178805.71, 1448807.54, 0.40634
178878.95, 1448948.79, 0.40634
178283.89, 1448632.67, 0.40634
178818.67, 1448785.15, 0.40634
178615.2, 1448805.16, 0.40634
178407.37, 1448090.47, 0.40634
178493.04, 1448948.63, 0.40634
178067.46, 1448929.51, 0.40634
178495.22, 1448318.6, 0.40634
178361.21, 1448766.22, 0.40634
178537.61, 1448942.94, 0.40634
178345.48, 1448820.71, 0.40634
178830.44, 1448934.57, 0.40634
178322.95, 1448924.88, 0.40634
178345.89, 1448058.35, 0.40634
178752.48, 1448724.4, 0.40634
178450.34, 1448014.63, 0.40634
178528.08, 1448761.18, 0.40634
178819.98, 1448122.78, 0.40634
178495.57, 1448893.28, 0.40634
178322.45, 1448807.88, 0.40634
178323.38, 1448070.04, 0.40634
178100.83, 1448906.47, 0.40634
178830.93, 1448890.93, 0.40634
178777.47, 1448127.31, 0.40634
178305.32, 1448053.85, 0.40634
178297.05, 1448647.1, 0.40634
178734.49, 1448344.36, 0.40634
178300.5, 1448821.81, 0.40634
178494.85, 1448055.65, 0.40634
178705.09, 1448932.51, 0.40634
179268.35, 1448939.25, 0.40878
179088.97, 1448348.31, 0.40878
179367.34, 1448548.39, 0.40878
179156.35, 1448449.66, 0.40878
179851.84, 1448406.83, 0.40878
179829.14, 1448511.89, 0.40878
179285.98, 1448591.92, 0.40878
179098.95, 1448705.95, 0.40878
179202.45, 1448336.72, 0.40878
179388.68, 1448544.22, 0.40878
179278.14, 1448666.26, 0.40878
179308.47, 1448652.57, 0.40878
179336.11, 1448649.7, 0.40878
179207.86, 1448612.41, 0.40878
179383.59, 1448606.79, 0.40878
179130.65, 1448310.28, 0.40878
179367.31, 1448617.31, 0.40878
179153.08, 1448076.41, 0.40878
179329.5, 1448616.84, 0.40878
179175.82, 1448384.32, 0.40878
179229.29, 1448602.8, 0.40878
179304.04, 1448547.62, 0.40878
179380.88, 1448278.98, 0.40878
179048.08, 1448429.06, 0.40878
179467.24, 1448820.28, 0.40878
179395.49, 1448579.58, 0.40878
179021.36, 1448443.86, 0.40878
179810.95, 1448480.71, 0.40878
179300.68, 1448974.82, 0.40878
179214.99, 1448153.51, 0.40878
177648.77, 1448721.5, 0.40884
177325.7, 1448796.09, 0.40884
177821.73, 1448694.52, 0.40884
177305.52, 1448924.71, 0.40884
177447.96, 1448604.86, 0.40884
177383.05, 1448479.08, 0.40884
177360.22, 1448940.26, 0.40884
177224.71, 1448749.27, 0.40884
177711.44, 1448613.51, 0.40884
177558.91, 1448832.4, 0.40884
177920.58, 1448672.27, 0.40884
177533.36, 1448811.58, 0.40884
177883.18, 1448145.07, 0.40884
177244.59, 1448445.39, 0.40884
177652.13, 1448546.95, 0.40884
177087.52, 1448100.06, 0.40884
177676.89, 1448917.96, 0.40884
177544.32, 1448883.44, 0.40884
177468.0, 1448420.17, 0.40884
177586.16, 1448869.9, 0.40884
177745.78, 1448809.82, 0.40884
177654.6, 1448827.8, 0.40884
177072.13, 1448375.14, 0.40884
177572.0, 1448158.51, 0.40884
177461.33, 1448763.94, 0.40884
177728.53, 1448964.1, 0.40884
177288.48, 1448577.2, 0.40884
177493.67, 1448874.5, 0.40884
177868.1, 1448627.67, 0.40884
177634.41, 1448965.91, 0.40884
177648.6, 1448984.35, 0.40884
177508.3, 1448836.54, 0.40884
177773.65, 1448792.98, 0.40884
177505.52, 1448849.78, 0.40884
177506.23, 1448533.34, 0.40884
175224.53, 1447702.08, 0.4444
175325.03, 1447968.48, 0.4444
175184.07, 1447705.26, 0.4444
175142.31, 1447754.85, 0.4444
175335.17, 1447101.21, 0.4444
175023.93, 1447157.18, 0.4444
175330.21, 1447076.84, 0.4444
175305.21, 1447887.99, 0.4444
175413.95, 1447979.86, 0.4444
175275.8, 1447043.0, 0.4444
175214.72, 1447679.29, 0.4444
175124.75, 1447771.69, 0.4444
178684.05, 1447865.15, 0.41178
178197.5, 1447761.66, 0.41178
178726.71, 1447371.24, 0.41178
178579.3, 1447739.2, 0.41178
178638.79, 1447668.58, 0.41178
178413.82, 1447815.74, 0.41178
178259.67, 1447838.98, 0.41178
178812.53, 1447367.26, 0.41178
178814.26, 1447112.63, 0.41178
178854.32, 1447617.16, 0.41178
178676.92, 1447534.01, 0.41178
178826.56, 1447044.55, 0.41178
178524.33, 1447938.54, 0.41178
178110.13, 1447768.72, 0.41178
178745.98, 1447029.46, 0.41178
178064.17, 1447875.36, 0.41178
178071.42, 1447394.94, 0.41178
178938.95, 1447699.7, 0.41178
178347.99, 1447781.14, 0.41178
178023.41, 1447777.92, 0.41178
178462.14, 1447471.12, 0.41178
178367.88, 1447828.81, 0.41178
178485.05, 1447729.57, 0.41178
178574.03, 1447844.18, 0.41178
178118.6, 1447944.91, 0.41178
178800.91, 1447326.83, 0.41178
178724.94, 1447756.15, 0.41178
178822.28, 1447265.95, 0.41178
178909.67, 1447756.95, 0.41178
178709.59, 1447241.08, 0.41178
178874.27, 1447289.96, 0.41178
178632.13, 1447122.82, 0.41178
178895.99, 1447036.97, 0.41178
178584.71, 1447167.78, 0.41178
178305.79, 1447789.52, 0.41178
178408.04, 1447472.97, 0.41178
178818.59, 1447716.66, 0.41178
178952.43, 1447260.06, 0.41178
178030.79, 1447406.47, 0.41178
178842.86, 1447106.33, 0.41178
178144.11, 1447860.48, 0.41178
178817.92, 1447655.97, 0.41178
178529.17, 1447052.64, 0.41178
178649.37, 1447480.38, 0.41178
178874.73, 1447259.52, 0.41178
178952.56, 1447311.42, 0.41178
178338.74, 1447743.45, 0.41178
178829.54, 1447245.86, 0.41178
178908.11, 1447184.01, 0.41178
178841.89, 1447650.8, 0.41178
178403.15, 1447782.93, 0.41178
178622.35, 1447540.74, 0.41178
178126.03, 1447358.44, 0.41178
178184.01, 1447870.07, 0.41178
178677.49, 1447413.55, 0.41178
178888.24, 1447225.35, 0.41178
178050.38, 1447799.37, 0.41178
178893.6, 1447166.37, 0.41178
178636.19, 1447760.7, 0.41178
178104.83, 1447862.61, 0.41178
179412.87, 1447615.23, 0.41109
179676.76, 1447110.42, 0.41109
179853.19, 1447047.89, 0.41109
179203.72, 1447829.8, 0.41109
179697.49, 1447051.79, 0.41109
179037.63, 1447523.21, 0.41109
179716.82, 1447018.01, 0.41109
179787.26, 1447777.0, 0.41109
179014.94, 1447840.09, 0.41109
176787.6, 1447485.5, 0.41867
176495.69, 1447429.49, 0.41867
176748.48, 1447641.3, 0.41867
176397.44, 1447300.68, 0.41867
176907.07, 1447397.39, 0.41867
176582.27, 1447515.2, 0.41867
176981.47, 1447571.4, 0.41867
176855.25, 1447628.25, 0.41867
176689.27, 1447643.23, 0.41867
177397.86, 1447386.71, 0.41921
177286.08, 1447504.83, 0.41921
177654.55, 1447163.99, 0.41921
177323.37, 1447342.01, 0.41921
177912.33, 1447185.28, 0.41921
177950.66, 1447387.99, 0.41921
177231.88, 1447439.58, 0.41921
177881.78, 1447434.13, 0.41921
177157.99, 1447205.66, 0.41921
177965.62, 1447089.64, 0.41921
177684.07, 1447239.45, 0.41921
177914.44, 1447682.49, 0.41921
177319.15, 1447489.03, 0.41921
177924.1, 1447128.43, 0.41921
177776.41, 1447295.51, 0.41921
177189.51, 1447193.67, 0.41921
177659.47, 1447113.31, 0.41921
177035.34, 1447335.08, 0.41921
177766.28, 1447247.07, 0.41921
177040.16, 1447612.4, 0.41921
177721.25, 1447356.39, 0.41921
177322.13, 1447182.58, 0.41921
177119.61, 1447921.13, 0.41921
177080.97, 1447601.67, 0.41921
177685.54, 1447309.74, 0.41921
177813.72, 1447241.17, 0.41921
177901.83, 1447666.39, 0.41921
177810.47, 1447407.87, 0.41921
177455.19, 1447378.63, 0.41921
177550.66, 1447377.05, 0.41921
177476.52, 1447400.84, 0.41921
177304.33, 1447354.6, 0.41921
177189.47, 1447730.3, 0.41921
