145597.65, 1399474.25, 0.42096
145607.48, 1399448.6, 0.42096
145776.14, 1399510.08, 0.42096
145726.34, 1399517.11, 0.42096
145814.63, 1399395.64, 0.42096
145630.08, 1399444.15, 0.42096
145469.66, 1399384.94, 0.42096
145523.19, 1399483.05, 0.42096
145654.28, 1399415.34, 0.42096
145643.36, 1399477.11, 0.42096
148616.28, 1399660.62, 0.40516
148434.4, 1399651.13, 0.40516
148305.14, 1399466.62, 0.40516
148476.08, 1399716.74, 0.40516
148805.23, 1399368.72, 0.40516
148618.46, 1399596.88, 0.40516
148962.9, 1399705.68, 0.40516
148659.77, 1399635.9, 0.40516
148613.47, 1399626.86, 0.40516
148324.01, 1399660.9, 0.40516
148227.4, 1399259.0, 0.40516
148786.95, 1399147.12, 0.40516
148827.96, 1399515.12, 0.40516
148587.24, 1399586.79, 0.40516
148490.47, 1399385.77, 0.40516
148039.1, 1399131.23, 0.40516
148769.79, 1399154.31, 0.40516
148387.51, 1399335.09, 0.40516
148141.92, 1399166.27, 0.40516
148460.24, 1399624.71, 0.40516
148437.74, 1399295.12, 0.40516
148775.25, 1399151.57, 0.40516
148441.08, 1399753.97, 0.40516
148359.82, 1399609.3, 0.40516
148211.88, 1399173.69, 0.40516
148711.63, 1399840.82, 0.40516
148321.37, 1399414.55, 0.40516
148547.27, 1399631.38, 0.40516
148482.14, 1399619.5, 0.40516
149796.27, 1399310.28, 0.40115
149818.51, 1399389.03, 0.40115
149838.44, 1399062.37, 0.40115
149854.67, 1399325.93, 0.40115
149804.11, 1399145.72, 0.40115
149713.99, 1399272.79, 0.40115
149799.18, 1399543.23, 0.40115
149742.0, 1399572.53, 0.40115
149821.57, 1399244.08, 0.40115
149854.48, 1399247.09, 0.40115
149786.54, 1399054.51, 0.40115
149841.67, 1399185.66, 0.40115
149632.57, 1399580.09, 0.40115
149637.55, 1399063.54, 0.40115
149501.28, 1399378.28, 0.40115
149346.74, 1399111.64, 0.40115
149706.56, 1399486.46, 0.40115
149739.68, 1399404.44, 0.40115
149808.82, 1399980.11, 0.40115
149575.84, 1399366.78, 0.40115
149774.6, 1399522.33, 0.40115
149402.5, 1399083.78, 0.40115
149716.79, 1399622.45, 0.40115
149826.82, 1399555.82, 0.40115
149882.61, 1399189.1, 0.40115
149877.96, 1399025.23, 0.40115
149086.77, 1399981.26, 0.40115
149985.75, 1399476.29, 0.40115
149719.98, 1399597.6, 0.40115
149682.15, 1399555.04, 0.40115
146936.34, 1399596.57, 0.64364
147856.48, 1399580.3, 0.4217
147968.75, 1399349.17, 0.4217
147372.26, 1399928.55, 0.4217
147169.06, 1399880.18, 0.4217
147875.46, 1399269.95, 0.4217
147852.06, 1399443.32, 0.4217
147930.7, 1399149.36, 0.4217
147036.44, 1399624.11, 0.4217
147117.78, 1399608.89, 0.4217
147890.5, 1399448.67, 0.4217
147931.96, 1399381.0, 0.4217
147862.16, 1399606.43, 0.4217
147919.26, 1399335.89, 0.4217
147178.94, 1399724.58, 0.4217
147945.88, 1399470.82, 0.4217
147224.34, 1399926.84, 0.4217
147214.08, 1399151.12, 0.4217
147219.47, 1399234.01, 0.4217
147874.56, 1399301.03, 0.4217
147939.77, 1399361.0, 0.4217
147114.33, 1399726.04, 0.4217
147193.92, 1399746.13, 0.4217
147979.79, 1399460.0, 0.4217
147233.52, 1399240.38, 0.4217
145316.11, 1396628.72, 0.48649
145654.7, 1396649.68, 0.48649
145285.82, 1396681.65, 0.48649
145428.93, 1396579.59, 0.48649
145643.39, 1396904.36, 0.48649
145433.21, 1396806.2, 0.48649
145743.47, 1396742.66, 0.48649
148211.06, 1396260.67, 0.4128
148739.29, 1396164.94, 0.4128
148673.4, 1396064.51, 0.4128
148651.98, 1396432.85, 0.4128
148697.49, 1396252.08, 0.4128
148597.79, 1396406.81, 0.4128
148222.34, 1396167.55, 0.4128
148542.14, 1396140.81, 0.4128
148590.55, 1396053.0, 0.4128
148776.92, 1396057.68, 0.4128
148540.98, 1396232.65, 0.4128
148759.23, 1396044.7, 0.4128
148250.74, 1396140.75, 0.4128
148566.73, 1396159.77, 0.4128
148185.19, 1396248.47, 0.4128
148350.08, 1396153.92, 0.4128
148203.49, 1396214.48, 0.4128
148367.64, 1396238.47, 0.4128
148652.42, 1396022.7, 0.4128
148218.18, 1396169.1, 0.4128
149854.92, 1396737.5, 0.45448
149539.52, 1396495.72, 0.45448
149661.58, 1396470.71, 0.45448
149783.81, 1396607.18, 0.45448
149591.52, 1396957.86, 0.45448
149745.48, 1396429.15, 0.45448
149537.24, 1396426.36, 0.45448
149908.05, 1396811.85, 0.45448
149469.46, 1396372.67, 0.45448
149895.61, 1396735.55, 0.45448
149867.45, 1396561.23, 0.45448
149455.66, 1396307.58, 0.45448
149512.52, 1396386.41, 0.45448
149374.52, 1396973.47, 0.45448
149529.88, 1396619.34, 0.45448
149659.04, 1396434.01, 0.45448
149401.62, 1396950.33, 0.45448
149672.75, 1396749.97, 0.45448
149392.32, 1396978.31, 0.45448
149516.16, 1396460.16, 0.45448
149653.26, 1396383.92, 0.45448
147321.17, 1396217.18, 0.42855
147825.22, 1396704.17, 0.42855
147623.33, 1396563.2, 0.42855
147273.53, 1396802.74, 0.42855
147516.98, 1396537.68, 0.42855
147290.0, 1396824.47, 0.42855
147336.85, 1396944.14, 0.42855
147695.08, 1396678.68, 0.42855
147483.29, 1396713.69, 0.42855
147508.03, 1396803.71, 0.42855
147350.02, 1396912.63, 0.42855
147375.64, 1396922.4, 0.42855
147415.04, 1396919.4, 0.42855
147372.59, 1396893.87, 0.42855
147613.92, 1396579.13, 0.42855
148680.22, 1395823.71, 0.42351
148802.77, 1395657.45, 0.42351
148586.6, 1395834.22, 0.42351
148326.33, 1395867.87, 0.42351
148714.45, 1395760.97, 0.42351
148673.67, 1395719.21, 0.42351
148973.88, 1395777.22, 0.42351
148062.36, 1395480.7, 0.42351
148728.0, 1395721.1, 0.42351
148719.75, 1395623.97, 0.42351
148686.43, 1395782.58, 0.42351
148777.39, 1395679.79, 0.42351
148627.07, 1395899.38, 0.42351
149686.28, 1395932.0, 0.45848
149598.13, 1395898.84, 0.45848
149457.19, 1395918.47, 0.45848
149957.78, 1395352.88, 0.45848
149831.85, 1395671.87, 0.45848
149814.46, 1395113.94, 0.45848
149450.0, 1395534.74, 0.45848
149559.17, 1395948.49, 0.45848
149688.16, 1395190.77, 0.45848
149961.27, 1395215.85, 0.45848
147671.3, 1395777.85, 0.40726
147334.45, 1395843.99, 0.40726
147470.8, 1395953.06, 0.40726
147397.98, 1395721.38, 0.40726
147786.49, 1395596.85, 0.40726
147418.68, 1395764.37, 0.40726
147294.16, 1395066.68, 0.40726
147298.21, 1395826.99, 0.40726
147280.47, 1395809.83, 0.40726
147492.49, 1395981.73, 0.40726
147795.86, 1395569.84, 0.40726
147358.0, 1395975.6, 0.40726
147882.22, 1395269.53, 0.40726
145399.75, 1398744.35, 0.40345
145469.58, 1398560.0, 0.40345
145499.62, 1398642.99, 0.40345
145526.88, 1398539.93, 0.40345
145359.08, 1398791.78, 0.40345
145556.12, 1398468.24, 0.40345
145445.11, 1398549.25, 0.40345
145634.63, 1398374.63, 0.40345
145581.87, 1398790.52, 0.40345
145500.04, 1398844.47, 0.40345
145482.04, 1398708.1, 0.40345
145508.02, 1398512.59, 0.40345
145500.36, 1398591.83, 0.40345
145175.55, 1398175.71, 0.40345
145166.81, 1398747.14, 0.40345
145090.07, 1398560.54, 0.40345
145019.44, 1398091.5, 0.40345
145425.21, 1398673.58, 0.40345
145229.52, 1398815.6, 0.40345
145626.64, 1398524.23, 0.40345
145460.61, 1398518.83, 0.40345
145082.11, 1398613.82, 0.40345
145327.06, 1398771.72, 0.40345
145758.6, 1398391.56, 0.40345
145617.02, 1398361.2, 0.40345
145317.42, 1398783.63, 0.40345
145358.65, 1398629.26, 0.40345
145184.93, 1398731.68, 0.40345
145723.16, 1398422.09, 0.40345
145372.16, 1398747.57, 0.40345
145834.95, 1398878.1, 0.40345
145649.18, 1398450.74, 0.40345
145237.57, 1398788.1, 0.40345
145639.5, 1398600.91, 0.40345
148296.58, 1398616.44, 0.40247
148335.31, 1398542.92, 0.40247
148185.07, 1398058.68, 0.40247
148291.32, 1398800.26, 0.40247
148234.54, 1398069.15, 0.40247
148199.26, 1398810.92, 0.40247
148922.6, 1398360.62, 0.40247
148090.13, 1398661.24, 0.40247
148124.9, 1398806.1, 0.40247
148066.9, 1398572.54, 0.40247
148312.43, 1398790.03, 0.40247
148862.33, 1398376.53, 0.40247
148154.65, 1398137.42, 0.40247
148241.86, 1398212.51, 0.40247
148293.59, 1398954.45, 0.40247
148213.55, 1398535.84, 0.40247
148108.09, 1398630.26, 0.40247
148087.36, 1398085.57, 0.40247
148189.42, 1398132.36, 0.40247
148243.88, 1398939.62, 0.40247
148216.03, 1398845.82, 0.40247
148417.34, 1398614.78, 0.40247
148205.38, 1398068.53, 0.40247
148064.62, 1398766.09, 0.40247
148156.58, 1398087.51, 0.40247
148843.59, 1398347.7, 0.40247
148210.15, 1398572.09, 0.40247
148973.9, 1398254.4, 0.40247
148052.02, 1398823.41, 0.40247
148244.29, 1398951.53, 0.40247
148309.75, 1398439.5, 0.40247
148324.29, 1398698.46, 0.40247
148114.24, 1398156.06, 0.40247
148234.57, 1398642.8, 0.40247
148024.77, 1398764.14, 0.40247
149218.13, 1398782.24, 0.40078
149336.83, 1398626.2, 0.40078
149147.27, 1398312.41, 0.40078
149715.7, 1398797.54, 0.40078
149705.76, 1398329.23, 0.40078
149211.46, 1398409.57, 0.40078
149598.99, 1398235.48, 0.40078
149773.43, 1398805.63, 0.40078
149263.03, 1398328.7, 0.40078
149969.83, 1398318.81, 0.40078
149684.23, 1398838.86, 0.40078
149324.34, 1398661.02, 0.40078
149114.24, 1398660.4, 0.40078
149908.71, 1398483.52, 0.40078
149265.48, 1398635.35, 0.40078
149099.79, 1398167.32, 0.40078
149176.05, 1398220.82, 0.40078
149199.53, 1398585.98, 0.40078
149491.85, 1398139.43, 0.40078
149750.49, 1398493.57, 0.40078
149437.7, 1398887.5, 0.40078
149512.87, 1398110.49, 0.40078
149945.81, 1398207.88, 0.40078
149523.39, 1398053.9, 0.40078
149868.55, 1398363.28, 0.40078
149137.8, 1398194.68, 0.40078
149469.69, 1398749.98, 0.40078
149256.28, 1398564.17, 0.40078
149864.99, 1398295.72, 0.40078
149122.63, 1398266.26, 0.40078
149282.28, 1398737.87, 0.40078
149982.63, 1398400.57, 0.40078
149931.17, 1398573.04, 0.40078
149955.79, 1398581.53, 0.40078
149483.33, 1398092.63, 0.40078
149848.9, 1398253.17, 0.40078
149240.83, 1398753.21, 0.40078
149496.62, 1398089.37, 0.40078
149776.21, 1398297.32, 0.40078
149488.34, 1398091.45, 0.40078
149468.71, 1398163.37, 0.40078
149799.78, 1398338.84, 0.40078
149684.8, 1398786.55, 0.40078
146837.6, 1398108.35, 0.40206
146892.54, 1398066.86, 0.40206
146898.36, 1398164.62, 0.40206
146877.83, 1398545.22, 0.40206
146880.57, 1398078.5, 0.40206
146528.92, 1398418.8, 0.40206
146897.51, 1398766.9, 0.40206
146918.33, 1398402.34, 0.40206
147932.71, 1398790.43, 0.42411
147962.86, 1398590.62, 0.42411
147929.36, 1398183.86, 0.42411
147860.08, 1398112.63, 0.42411
147958.06, 1398877.52, 0.42411
147408.85, 1398368.82, 0.42411
147073.04, 1398382.96, 0.42411
147154.72, 1398080.63, 0.42411
147924.48, 1398295.84, 0.42411
147884.92, 1398909.85, 0.42411
147169.71, 1398071.97, 0.42411
147169.83, 1398218.34, 0.42411
145103.53, 1397876.14, 0.48937
145122.98, 1397922.92, 0.48937
145408.73, 1397762.94, 0.48937
145410.41, 1397835.98, 0.48937
145196.62, 1397936.17, 0.48937
145391.8, 1397920.93, 0.48937
145809.37, 1397757.87, 0.48937
145178.34, 1397858.18, 0.48937
145463.9, 1397821.24, 0.48937
145228.9, 1397911.7, 0.48937
145350.65, 1397827.33, 0.48937
148108.52, 1397836.09, 0.46798
148176.1, 1397902.31, 0.46798
148853.11, 1397705.91, 0.46798
148135.67, 1397647.4, 0.46798
148398.49, 1397199.55, 0.46798
148136.14, 1397843.98, 0.46798
148053.13, 1397939.19, 0.46798
148190.34, 1397851.23, 0.46798
148160.19, 1397579.76, 0.46798
148154.98, 1397747.65, 0.46798
148348.13, 1397200.83, 0.46798
148105.91, 1397717.6, 0.46798
148154.39, 1397900.15, 0.46798
148133.86, 1397743.66, 0.46798
148051.81, 1397972.03, 0.46798
148615.3, 1397914.22, 0.46798
149756.65, 1397369.56, 0.40968
149378.65, 1397364.91, 0.40968
149315.34, 1397340.44, 0.40968
149343.64, 1397180.27, 0.40968
149762.38, 1397101.41, 0.40968
149928.04, 1397752.81, 0.40968
149890.46, 1397164.63, 0.40968
149688.21, 1397072.95, 0.40968
149627.83, 1397040.69, 0.40968
149515.3, 1397193.27, 0.40968
149388.37, 1397163.22, 0.40968
149967.29, 1397635.79, 0.40968
149456.62, 1397328.93, 0.40968
149424.62, 1397287.32, 0.40968
149760.89, 1397132.54, 0.40968
149407.56, 1397209.07, 0.40968
149295.85, 1397378.6, 0.40968
149980.08, 1397805.6, 0.40968
149965.86, 1397573.74, 0.40968
149653.27, 1397022.74, 0.40968
149863.35, 1397703.06, 0.40968
149812.85, 1397187.45, 0.40968
149439.55, 1397227.08, 0.40968
149432.44, 1397135.3, 0.40968
149912.75, 1397646.67, 0.40968
149913.5, 1397710.58, 0.40968
149950.41, 1397521.7, 0.40968
149977.46, 1397602.86, 0.40968
146798.93, 1397753.79, 0.45904
146961.13, 1397627.64, 0.45904
146687.73, 1397236.92, 0.45904
146821.43, 1397855.39, 0.45904
146948.17, 1397963.79, 0.45904
146958.21, 1397895.19, 0.45904
146880.95, 1397907.79, 0.45904
147394.29, 1397038.19, 0.54892
147692.44, 1397057.29, 0.54892
