148070.31, 1424659.8, 0.44029
148103.52, 1424684.45, 0.44029
148790.09, 1424157.3, 0.44029
148089.12, 1424762.07, 0.44029
148748.53, 1424159.14, 0.44029
148085.24, 1424833.07, 0.44029
148838.63, 1424313.67, 0.44029
148169.97, 1424849.31, 0.44029
148149.6, 1424908.43, 0.44029
148168.07, 1424886.03, 0.44029
148795.06, 1424057.21, 0.44029
147965.64, 1424574.86, 0.42593
145748.29, 1421268.78, 0.40318
145779.56, 1421447.44, 0.40318
145802.05, 1421436.43, 0.40318
145723.34, 1421484.82, 0.40318
145877.45, 1421479.6, 0.40318
145613.97, 1421643.3, 0.40318
145986.56, 1421876.43, 0.40318
145649.55, 1421360.03, 0.40318
148137.26, 1421473.02, 0.40153
148860.55, 1421427.93, 0.40153
148898.33, 1421408.41, 0.40153
148977.69, 1421310.57, 0.40153
148924.06, 1421222.1, 0.40153
148975.3, 1421479.1, 0.40153
148924.31, 1421399.21, 0.40153
148963.28, 1421284.61, 0.40153
148930.54, 1421359.97, 0.40153
149138.24, 1421336.99, 0.4061
149408.18, 1421588.84, 0.4061
149133.95, 1421236.62, 0.4061
149593.91, 1421302.41, 0.4061
149047.55, 1421712.39, 0.4061
149720.83, 1421146.46, 0.4061
149662.15, 1421367.43, 0.4061
149903.57, 1421813.63, 0.4061
149964.25, 1421234.98, 0.4061
149415.34, 1421487.23, 0.4061
149623.66, 1421219.18, 0.4061
149163.33, 1421845.65, 0.4061
149131.73, 1421732.17, 0.4061
149798.93, 1421893.81, 0.4061
149321.54, 1421515.37, 0.4061
149440.2, 1421739.37, 0.4061
149229.26, 1421819.18, 0.4061
149390.8, 1421621.75, 0.4061
149071.27, 1421809.96, 0.4061
149730.88, 1421055.77, 0.4061
149291.25, 1421395.63, 0.4061
149551.97, 1421463.92, 0.4061
149565.67, 1421629.82, 0.4061
149225.07, 1421849.56, 0.4061
149391.32, 1421488.27, 0.4061
149704.18, 1421427.65, 0.4061
149565.86, 1421392.77, 0.4061
149573.93, 1421029.07, 0.4061
149114.87, 1421600.38, 0.4061
149116.2, 1421779.73, 0.4061
149596.16, 1421689.9, 0.4061
149771.89, 1421053.82, 0.4061
149571.1, 1421547.06, 0.4061
149059.74, 1421541.77, 0.4061
149604.29, 1421432.1, 0.4061
149096.34, 1421919.28, 0.4061
149829.89, 1421023.28, 0.4061
149632.57, 1421558.89, 0.4061
149487.78, 1421475.57, 0.4061
149730.18, 1421929.39, 0.4061
149701.21, 1421303.53, 0.4061
149282.7, 1421626.77, 0.4061
149591.47, 1421137.12, 0.4061
149522.76, 1421637.08, 0.4061
149593.03, 1421227.71, 0.4061
149661.26, 1421950.49, 0.4061
149116.56, 1421901.97, 0.4061
149156.36, 1421755.29, 0.4061
149804.42, 1421124.18, 0.4061
149690.49, 1421088.34, 0.4061
149155.34, 1421821.14, 0.4061
149426.9, 1421759.22, 0.4061
149440.15, 1421716.13, 0.4061
149616.33, 1421148.96, 0.4061
149098.83, 1421884.13, 0.4061
149703.94, 1421977.93, 0.4061
149268.22, 1421822.03, 0.4061
149676.03, 1421471.6, 0.4061
149480.45, 1421588.82, 0.4061
149026.76, 1421559.8, 0.4061
149190.96, 1421154.8, 0.4061
149753.06, 1421063.47, 0.4061
149606.68, 1421164.68, 0.4061
149036.61, 1421320.0, 0.4061
149060.66, 1421723.9, 0.4061
149690.36, 1421062.0, 0.4061
149733.22, 1421115.38, 0.4061
149255.9, 1421563.37, 0.4061
149546.13, 1421068.55, 0.4061
149148.5, 1421922.76, 0.4061
149042.68, 1421151.45, 0.4061
149673.38, 1421137.66, 0.4061
149095.13, 1421766.65, 0.4061
149575.85, 1421610.39, 0.4061
149161.37, 1421323.4, 0.4061
149155.38, 1421779.98, 0.4061
146600.41, 1421083.04, 0.41207
146448.06, 1421794.62, 0.41207
146462.45, 1421453.13, 0.41207
146864.68, 1421334.91, 0.41207
146785.9, 1421175.13, 0.41207
146437.24, 1421898.85, 0.41207
146777.43, 1421122.96, 0.41207
147457.12, 1421647.66, 0.42692
147537.36, 1421380.42, 0.42692
147505.75, 1421525.31, 0.42692
147423.42, 1421480.17, 0.42692
147436.05, 1421503.44, 0.42692
145213.25, 1420770.82, 0.49209
145111.55, 1420505.04, 0.49209
145470.87, 1420593.37, 0.49209
145887.42, 1420952.28, 0.49209
145298.61, 1420400.87, 0.49209
145636.22, 1420094.04, 0.49209
145264.75, 1420675.49, 0.49209
145803.84, 1420899.76, 0.49209
145147.85, 1420511.93, 0.49209
145576.89, 1420732.59, 0.49209
145667.3, 1420140.67, 0.49209
145097.62, 1420600.78, 0.49209
145072.73, 1420495.85, 0.49209
145859.12, 1420895.86, 0.49209
148210.34, 1420645.07, 0.44962
148203.11, 1420776.92, 0.44962
148126.1, 1420870.52, 0.44962
148898.38, 1420970.66, 0.44962
148525.12, 1420252.3, 0.44962
148439.13, 1420054.95, 0.44962
148483.85, 1420161.85, 0.44962
148455.1, 1420023.79, 0.44962
149760.36, 1420578.91, 0.40472
149896.76, 1420751.8, 0.40472
149846.23, 1420700.14, 0.40472
149784.07, 1420528.41, 0.40472
149851.76, 1420628.9, 0.40472
149905.38, 1420569.93, 0.40472
149834.84, 1420572.46, 0.40472
149754.38, 1420621.61, 0.40472
149967.94, 1420394.01, 0.40472
149519.78, 1420718.01, 0.40472
149693.51, 1420913.99, 0.40472
149924.39, 1420474.41, 0.40472
149848.14, 1420536.75, 0.40472
149511.39, 1420879.12, 0.40472
149366.06, 1420698.04, 0.40472
149812.52, 1420562.14, 0.40472
149226.66, 1420927.06, 0.40472
149274.16, 1420903.88, 0.40472
149379.14, 1420916.86, 0.40472
149806.33, 1420609.82, 0.40472
149861.37, 1420772.53, 0.40472
149567.64, 1420838.12, 0.40472
149672.64, 1420965.39, 0.40472
149966.38, 1420614.49, 0.40472
149505.19, 1420704.57, 0.40472
149378.92, 1420712.73, 0.40472
149841.25, 1420808.63, 0.40472
146752.18, 1420353.73, 0.62672
146671.77, 1420312.62, 0.62672
146713.98, 1420266.32, 0.62672
147648.53, 1420717.27, 0.51707
147878.11, 1420646.61, 0.51707
147717.12, 1420542.71, 0.51707
147847.11, 1420811.44, 0.51707
147636.18, 1420956.69, 0.51707
147634.58, 1420842.93, 0.51707
147811.89, 1420617.08, 0.51707
145766.93, 1423162.48, 0.40175
145854.53, 1423102.17, 0.40175
145840.28, 1423188.57, 0.40175
145853.07, 1423217.42, 0.40175
145784.38, 1423085.37, 0.40175
145863.52, 1423247.07, 0.40175
145749.9, 1423116.59, 0.40175
145787.05, 1423013.81, 0.40175
145816.03, 1423268.32, 0.40175
145884.98, 1423009.52, 0.40175
148212.09, 1423798.64, 0.43118
148176.16, 1423704.84, 0.43118
148293.51, 1423789.94, 0.43118
148209.99, 1423869.4, 0.43118
149712.15, 1423751.3, 0.45611
149929.91, 1423763.83, 0.45611
149603.55, 1423712.91, 0.45611
146899.95, 1423033.12, 0.60882
146901.53, 1423219.55, 0.60882
146976.87, 1423255.75, 0.60882
145106.3, 1422542.35, 0.40334
145757.57, 1422948.16, 0.40334
145599.53, 1422783.16, 0.40334
145190.15, 1422312.82, 0.40334
145198.08, 1422347.27, 0.40334
145854.59, 1422905.09, 0.40334
145825.93, 1422919.87, 0.40334
145495.46, 1422870.94, 0.40334
145442.32, 1422647.37, 0.40334
145578.8, 1422906.2, 0.40334
145366.44, 1422321.42, 0.40334
145931.0, 1422969.33, 0.40334
145354.97, 1422720.72, 0.40334
145920.52, 1422945.27, 0.40334
145816.77, 1422137.44, 0.40334
148030.94, 1422475.71, 0.59338
149669.24, 1422184.72, 0.54912
149609.62, 1422159.17, 0.54912
149718.28, 1422261.65, 0.54912
149667.23, 1422267.18, 0.54912
149894.93, 1422058.17, 0.54912
149970.94, 1422457.94, 0.54912
149181.24, 1422019.44, 0.54912
146581.55, 1422772.22, 0.40427
146957.38, 1422903.27, 0.40427
146914.28, 1422923.88, 0.40427
146983.7, 1422860.52, 0.40427
146920.7, 1422287.35, 0.40427
147140.13, 1422712.16, 0.42713
147406.15, 1422717.04, 0.42713
147354.53, 1422701.54, 0.42713
147021.64, 1422747.06, 0.42713
147075.57, 1422763.87, 0.42713
147114.39, 1422557.43, 0.42713
