125739.11, 1439272.21, 0.42057
125184.58, 1439516.88, 0.42057
125678.47, 1439191.95, 0.42057
125283.75, 1439276.48, 0.42057
125820.3, 1439396.63, 0.42057
125141.88, 1439606.42, 0.42057
125613.96, 1439368.15, 0.42057
125045.83, 1439589.5, 0.42057
125838.43, 1439323.35, 0.42057
125672.29, 1439349.26, 0.42057
125260.16, 1439574.41, 0.42057
125473.52, 1439539.33, 0.42057
125470.71, 1439628.41, 0.42057
125677.17, 1439373.19, 0.42057
125786.85, 1439226.11, 0.42057
125180.0, 1439480.19, 0.42057
125103.74, 1439521.8, 0.42057
125675.9, 1439101.24, 0.42057
125917.01, 1439181.71, 0.42057
125927.63, 1439584.37, 0.42057
125604.08, 1439167.58, 0.42057
125537.86, 1439243.36, 0.42057
125269.69, 1439598.25, 0.42057
125657.09, 1439765.92, 0.42057
125169.89, 1439653.73, 0.42057
125022.8, 1439349.48, 0.42057
125720.32, 1439495.11, 0.42057
125663.92, 1439055.96, 0.42057
125863.31, 1439245.64, 0.42057
125351.54, 1439393.0, 0.42057
125091.6, 1439607.41, 0.42057
125879.22, 1439299.14, 0.42057
125490.73, 1439619.45, 0.42057
125182.52, 1439630.62, 0.42057
125716.07, 1439274.04, 0.42057
125132.54, 1439542.24, 0.42057
125305.33, 1439447.11, 0.42057
125758.79, 1439276.85, 0.42057
125754.28, 1439106.94, 0.42057
125651.82, 1439380.99, 0.42057
128654.44, 1439603.93, 0.40057
128772.22, 1439808.46, 0.40057
128693.75, 1439431.75, 0.40057
128863.21, 1439452.63, 0.40057
128660.27, 1439662.38, 0.40057
128338.36, 1439736.23, 0.40057
128703.31, 1439827.59, 0.40057
128872.15, 1439961.98, 0.40057
128912.09, 1439404.5, 0.40057
128649.08, 1439131.79, 0.40057
128458.59, 1439021.97, 0.40057
128984.59, 1439342.89, 0.40057
128702.86, 1439714.9, 0.40057
128621.94, 1439371.87, 0.40057
128813.47, 1439808.83, 0.40057
128980.86, 1439460.64, 0.40057
128699.97, 1439510.67, 0.40057
128784.62, 1439754.76, 0.40057
128803.16, 1439781.98, 0.40057
128730.29, 1439598.69, 0.40057
128662.04, 1439667.66, 0.40057
129375.62, 1439755.41, 0.42535
129814.93, 1439396.05, 0.42535
129116.28, 1439032.0, 0.42535
129930.8, 1439485.65, 0.42535
129895.14, 1439441.92, 0.42535
129241.81, 1439918.07, 0.42535
129186.85, 1439851.51, 0.42535
129771.3, 1439428.05, 0.42535
129576.33, 1439023.35, 0.42535
129226.0, 1439915.14, 0.42535
129249.49, 1439748.59, 0.42535
129360.25, 1439974.03, 0.42535
129701.35, 1439781.51, 0.42535
129623.47, 1439450.24, 0.42535
129172.76, 1439387.7, 0.42535
129710.78, 1439674.22, 0.42535
129411.75, 1439764.64, 0.42535
129866.89, 1439489.32, 0.42535
129136.57, 1439691.24, 0.42535
129227.15, 1439759.51, 0.42535
129191.74, 1439710.1, 0.42535
129054.55, 1439942.79, 0.42535
129599.8, 1439579.14, 0.42535
129472.3, 1439742.55, 0.42535
129609.92, 1439785.12, 0.42535
129112.1, 1439284.01, 0.42535
129805.52, 1439251.57, 0.42535
129745.64, 1439917.83, 0.42535
129690.81, 1439429.51, 0.42535
129210.7, 1439696.33, 0.42535
129797.27, 1439173.81, 0.42535
126361.63, 1439562.52, 0.40291
126835.65, 1439925.54, 0.40291
126368.05, 1439622.71, 0.40291
126550.3, 1439906.81, 0.40291
126671.73, 1439211.45, 0.40291
126533.15, 1439687.84, 0.40291
126287.2, 1439060.72, 0.40291
126189.67, 1439159.04, 0.40291
126186.16, 1439071.85, 0.40291
126738.92, 1439670.6, 0.40291
126461.91, 1439878.45, 0.40291
126517.6, 1439937.51, 0.40291
126121.21, 1439095.69, 0.40291
126056.32, 1439055.43, 0.40291
126685.56, 1439845.81, 0.40291
126227.04, 1439957.12, 0.40291
126193.32, 1439525.1, 0.40291
126395.41, 1439933.54, 0.40291
126525.78, 1439901.08, 0.40291
126601.45, 1439359.66, 0.40291
126113.25, 1439057.13, 0.40291
126584.99, 1439127.18, 0.40291
126315.62, 1439077.71, 0.40291
126443.18, 1439201.91, 0.40291
126295.42, 1439483.85, 0.40291
126513.07, 1439830.17, 0.40291
126162.75, 1439078.41, 0.40291
126475.14, 1439840.44, 0.40291
126654.53, 1439384.97, 0.40291
126714.42, 1439274.9, 0.40291
126370.6, 1439968.32, 0.40291
126322.96, 1439587.64, 0.40291
126167.72, 1439160.67, 0.40291
126343.48, 1439907.93, 0.40291
126386.2, 1439610.84, 0.40291
126506.26, 1439975.84, 0.40291
127601.65, 1439753.06, 0.42138
127360.01, 1439823.6, 0.42138
127664.07, 1439686.88, 0.42138
127437.77, 1439263.61, 0.42138
127641.6, 1439224.96, 0.42138
127532.88, 1439209.26, 0.42138
127486.03, 1439744.95, 0.42138
127686.46, 1439681.69, 0.42138
127036.66, 1439186.81, 0.42138
127493.56, 1439703.84, 0.42138
127433.53, 1439799.47, 0.42138
127624.09, 1439218.01, 0.42138
127562.1, 1439876.09, 0.42138
127497.26, 1439903.16, 0.42138
127349.46, 1439884.15, 0.42138
127365.49, 1439687.82, 0.42138
127541.13, 1439882.48, 0.42138
127532.98, 1439550.09, 0.42138
125678.51, 1436349.74, 0.53235
125683.49, 1436101.66, 0.53235
125608.64, 1436365.66, 0.53235
125049.4, 1436675.4, 0.53235
125148.43, 1436341.44, 0.53235
125223.44, 1436402.78, 0.53235
125643.74, 1436202.71, 0.53235
125114.98, 1436392.64, 0.53235
125525.11, 1436392.09, 0.53235
125729.67, 1436355.46, 0.53235
125253.65, 1436063.86, 0.53235
125242.51, 1436433.05, 0.53235
125328.28, 1436054.74, 0.53235
125633.59, 1436377.03, 0.53235
125746.84, 1436244.64, 0.53235
128767.55, 1436303.79, 0.46578
128555.37, 1436209.1, 0.46578
128675.98, 1436809.69, 0.46578
128029.81, 1436040.09, 0.46578
128558.28, 1436174.77, 0.46578
128529.14, 1436206.61, 0.46578
128592.15, 1436714.4, 0.46578
128509.76, 1436581.6, 0.46578
128601.33, 1436764.74, 0.46578
128591.22, 1436829.21, 0.46578
129409.88, 1436346.58, 0.4265
129241.75, 1436175.02, 0.4265
129273.23, 1436148.03, 0.4265
129435.63, 1436377.65, 0.4265
129566.02, 1436387.33, 0.4265
129584.41, 1436437.24, 0.4265
129767.0, 1436368.87, 0.4265
129477.25, 1436336.85, 0.4265
129470.01, 1436361.28, 0.4265
129772.21, 1436203.41, 0.4265
129649.83, 1436419.87, 0.4265
129424.1, 1436295.27, 0.4265
129116.45, 1436270.31, 0.4265
129590.14, 1436318.55, 0.4265
129637.47, 1436140.81, 0.4265
129311.36, 1436431.83, 0.4265
129919.04, 1436016.28, 0.4265
129608.98, 1436451.34, 0.4265
129801.37, 1436429.8, 0.4265
129037.88, 1436107.85, 0.4265
129967.2, 1436533.44, 0.4265
129059.69, 1436600.2, 0.4265
129182.8, 1436566.43, 0.4265
126081.15, 1436797.01, 0.40275
126971.78, 1436151.46, 0.40275
126948.87, 1436224.54, 0.40275
126735.72, 1436940.75, 0.40275
126864.87, 1436204.48, 0.40275
126133.66, 1436412.7, 0.40275
126051.92, 1436503.68, 0.40275
126082.52, 1436498.23, 0.40275
126077.53, 1436209.22, 0.40275
126751.6, 1436278.87, 0.40275
126987.79, 1436206.04, 0.40275
126959.2, 1436188.31, 0.40275
126062.4, 1436429.86, 0.40275
126755.53, 1436151.04, 0.40275
126252.56, 1436983.72, 0.40275
127361.68, 1436226.69, 0.41032
127276.22, 1436363.71, 0.41032
127087.13, 1436765.22, 0.41032
127592.51, 1436351.18, 0.41032
127676.05, 1436815.31, 0.41032
127789.21, 1436756.89, 0.41032
127836.66, 1436576.97, 0.41032
127970.0, 1436631.43, 0.41032
127601.5, 1436264.54, 0.41032
127105.57, 1436284.49, 0.41032
127184.87, 1436399.02, 0.41032
127118.2, 1436255.02, 0.41032
127089.3, 1436403.18, 0.41032
127477.13, 1436817.29, 0.41032
127259.9, 1436489.62, 0.41032
127849.94, 1436739.84, 0.41032
127404.09, 1436292.53, 0.41032
127569.18, 1436301.23, 0.41032
127407.75, 1436362.46, 0.41032
127926.63, 1436014.58, 0.41032
127873.68, 1436647.03, 0.41032
127729.02, 1436863.31, 0.41032
127584.7, 1436436.35, 0.41032
125357.51, 1435722.87, 0.41268
125718.33, 1435178.11, 0.41268
125737.9, 1435954.08, 0.41268
125371.52, 1435154.96, 0.41268
125431.01, 1435752.81, 0.41268
125115.52, 1435848.5, 0.41268
125942.69, 1435050.82, 0.41268
125180.92, 1435867.11, 0.41268
125725.81, 1435153.46, 0.41268
125720.95, 1435849.5, 0.41268
125196.71, 1435024.43, 0.41268
125193.62, 1435101.04, 0.41268
125682.03, 1435894.59, 0.41268
125430.31, 1435685.48, 0.41268
125767.45, 1435076.54, 0.41268
125656.67, 1435905.24, 0.41268
125085.58, 1435826.47, 0.41268
125297.08, 1435159.82, 0.41268
125358.23, 1435129.08, 0.41268
125930.4, 1435135.34, 0.41268
125481.94, 1435103.76, 0.41268
125025.58, 1435598.43, 0.41268
125414.48, 1435129.87, 0.41268
125117.59, 1435689.12, 0.41268
125542.18, 1435194.57, 0.41268
128617.17, 1435718.47, 0.40219
128412.92, 1435751.88, 0.40219
128203.74, 1435689.2, 0.40219
128169.52, 1435774.14, 0.40219
128167.4, 1435915.44, 0.40219
128422.68, 1435782.04, 0.40219
128613.94, 1435635.98, 0.40219
128490.57, 1435130.03, 0.40219
128232.51, 1435842.87, 0.40219
128095.6, 1435849.38, 0.40219
128482.72, 1435779.59, 0.40219
128108.8, 1435809.32, 0.40219
128630.82, 1435656.46, 0.40219
128632.2, 1435741.0, 0.40219
128647.14, 1435704.46, 0.40219
128633.13, 1435413.52, 0.40219
128430.01, 1435823.97, 0.40219
128574.58, 1435738.58, 0.40219
128447.24, 1435798.88, 0.40219
128076.22, 1435823.56, 0.40219
128467.62, 1435823.58, 0.40219
128228.56, 1435930.73, 0.40219
128215.36, 1435899.57, 0.40219
128896.83, 1435771.96, 0.40219
128923.75, 1435697.85, 0.40219
128837.89, 1435769.25, 0.40219
128168.17, 1435892.57, 0.40219
128419.35, 1435844.84, 0.40219
128852.36, 1435786.22, 0.40219
128653.52, 1435263.08, 0.40219
128891.45, 1435756.31, 0.40219
129201.02, 1435324.97, 0.41201
129375.25, 1435632.37, 0.41201
129261.12, 1435642.49, 0.41201
129349.95, 1435609.67, 0.41201
129831.68, 1435941.32, 0.41201
129224.84, 1435290.09, 0.41201
129044.76, 1435907.48, 0.41201
129736.05, 1435564.59, 0.41201
129053.4, 1435711.95, 0.41201
129208.58, 1435591.65, 0.41201
129056.55, 1435757.29, 0.41201
129914.55, 1435344.13, 0.41201
129093.45, 1435711.35, 0.41201
129678.64, 1435620.96, 0.41201
129681.59, 1435874.43, 0.41201
129218.32, 1435217.34, 0.41201
129240.29, 1435562.43, 0.41201
129236.41, 1435308.78, 0.41201
129885.39, 1435469.97, 0.41201
129193.03, 1435623.48, 0.41201
129163.61, 1435627.19, 0.41201
129456.21, 1435637.61, 0.41201
129190.03, 1435251.62, 0.41201
129954.44, 1435346.9, 0.41201
129816.08, 1435927.4, 0.41201
129103.74, 1435701.5, 0.41201
126783.39, 1435451.69, 0.40045
126833.85, 1435764.62, 0.40045
126348.33, 1435030.84, 0.40045
126698.51, 1435667.21, 0.40045
126716.8, 1435755.59, 0.40045
126357.82, 1435663.34, 0.40045
126395.93, 1435669.04, 0.40045
126754.35, 1435580.62, 0.40045
126161.74, 1435043.38, 0.40045
126580.71, 1435844.6, 0.40045
126955.25, 1435284.2, 0.40045
126691.65, 1435856.41, 0.40045
126759.69, 1435664.83, 0.40045
126925.75, 1435847.66, 0.40045
126165.96, 1435072.31, 0.40045
126130.93, 1435457.56, 0.40045
126487.56, 1435037.1, 0.40045
126863.81, 1435820.97, 0.40045
126861.53, 1435467.54, 0.40045
126288.64, 1435127.43, 0.40045
126866.6, 1435588.87, 0.40045
126839.74, 1435681.86, 0.40045
126978.38, 1435346.52, 0.40045
126981.46, 1435651.71, 0.40045
126879.0, 1435824.7, 0.40045
126954.77, 1435353.26, 0.40045
126953.03, 1435593.45, 0.40045
126722.97, 1435526.74, 0.40045
127409.62, 1435896.01, 0.40486
127827.86, 1435670.14, 0.40486
127765.59, 1435945.41, 0.40486
127838.14, 1435851.1, 0.40486
127820.06, 1435966.89, 0.40486
127867.73, 1435735.16, 0.40486
127892.22, 1435951.15, 0.40486
127366.27, 1435824.93, 0.40486
127542.37, 1435908.13, 0.40486
127788.16, 1435153.4, 0.40486
127491.82, 1435905.6, 0.40486
127213.46, 1435897.99, 0.40486
127219.15, 1435425.6, 0.40486
127228.26, 1435757.12, 0.40486
127093.32, 1435294.55, 0.40486
127196.01, 1435498.48, 0.40486
127656.01, 1435276.87, 0.40486
127128.6, 1435633.43, 0.40486
127956.76, 1435676.48, 0.40486
127347.66, 1435221.09, 0.40486
125929.97, 1438681.27, 0.4065
125824.77, 1438410.02, 0.4065
125518.9, 1438041.78, 0.4065
125856.11, 1438406.03, 0.4065
125250.89, 1438057.44, 0.4065
125028.53, 1438082.11, 0.4065
125777.26, 1438537.69, 0.4065
125456.26, 1438136.68, 0.4065
125400.29, 1438172.47, 0.4065
125641.88, 1438733.27, 0.4065
125154.02, 1438337.18, 0.4065
125620.36, 1438539.71, 0.4065
125697.25, 1438523.08, 0.4065
125149.84, 1438285.46, 0.4065
125622.73, 1438840.41, 0.4065
125778.65, 1438626.66, 0.4065
125635.19, 1438252.13, 0.4065
125355.77, 1438315.69, 0.4065
125896.66, 1438385.38, 0.4065
125900.31, 1438446.25, 0.4065
125862.22, 1438447.28, 0.4065
125384.47, 1438310.87, 0.4065
125758.37, 1438541.73, 0.4065
125784.71, 1438831.16, 0.4065
128797.51, 1438388.19, 0.41157
128847.47, 1438440.62, 0.41157
128444.97, 1438384.52, 0.41157
128622.12, 1438496.99, 0.41157
128803.55, 1438313.55, 0.41157
128940.08, 1438403.49, 0.41157
128839.43, 1438384.68, 0.41157
128321.27, 1438020.52, 0.41157
128516.54, 1438291.1, 0.41157
128833.93, 1438346.85, 0.41157
128810.3, 1438362.19, 0.41157
128478.8, 1438214.73, 0.41157
128860.97, 1438474.24, 0.41157
128515.77, 1438457.74, 0.41157
128853.31, 1438340.13, 0.41157
128627.92, 1438403.26, 0.41157
129064.8, 1438639.12, 0.40445
129180.77, 1438286.28, 0.40445
129862.41, 1438243.33, 0.40445
129802.19, 1438228.15, 0.40445
129139.93, 1438667.5, 0.40445
129810.07, 1438264.33, 0.40445
129441.0, 1438091.22, 0.40445
129780.16, 1438225.54, 0.40445
129054.31, 1438762.04, 0.40445
129794.36, 1438949.57, 0.40445
129316.24, 1438097.92, 0.40445
129754.32, 1438289.63, 0.40445
129908.26, 1438919.91, 0.40445
129053.84, 1438691.09, 0.40445
129063.85, 1438345.65, 0.40445
129557.58, 1438038.8, 0.40445
129292.98, 1438278.12, 0.40445
129132.7, 1438686.72, 0.40445
129123.48, 1438708.76, 0.40445
129694.19, 1438120.6, 0.40445
126045.47, 1438634.8, 0.40763
126495.69, 1438125.35, 0.40763
126854.08, 1438791.1, 0.40763
126921.53, 1438813.94, 0.40763
126565.54, 1438294.54, 0.40763
126523.71, 1438355.52, 0.40763
126132.42, 1438967.12, 0.40763
126661.53, 1438336.91, 0.40763
126101.35, 1438901.66, 0.40763
126070.33, 1438623.74, 0.40763
126205.81, 1438878.68, 0.40763
126103.98, 1438956.01, 0.40763
126598.38, 1438022.87, 0.40763
126488.6, 1438077.21, 0.40763
126186.69, 1438918.49, 0.40763
126826.46, 1438741.0, 0.40763
126413.26, 1438867.75, 0.40763
126657.33, 1438632.08, 0.40763
126966.4, 1438931.5, 0.40763
126098.16, 1438869.72, 0.40763
126489.3, 1438769.98, 0.40763
126509.29, 1438072.18, 0.40763
126193.24, 1438866.01, 0.40763
126181.03, 1438879.48, 0.40763
127824.45, 1438428.05, 0.45471
127921.46, 1438744.6, 0.45471
127027.36, 1438866.34, 0.45471
127125.18, 1438891.18, 0.45471
125086.12, 1437496.52, 0.40013
125247.32, 1437792.24, 0.40013
125281.05, 1437738.08, 0.40013
125087.17, 1437650.74, 0.40013
125179.4, 1437874.63, 0.40013
125025.28, 1437707.42, 0.40013
125069.75, 1437539.5, 0.40013
125306.62, 1437732.18, 0.40013
125101.11, 1437614.56, 0.40013
125121.25, 1437448.26, 0.40013
125559.47, 1437937.14, 0.40013
125925.78, 1437088.87, 0.40013
128264.34, 1437675.97, 0.44889
128303.39, 1437710.59, 0.44889
128443.54, 1437713.03, 0.44889
128409.64, 1437669.18, 0.44889
128131.74, 1437377.09, 0.44889
128283.29, 1437713.71, 0.44889
128698.33, 1437614.14, 0.44889
128027.43, 1437030.9, 0.44889
128266.5, 1437584.34, 0.44889
128682.23, 1437936.94, 0.44889
128756.41, 1437965.26, 0.44889
128862.56, 1437920.92, 0.44889
128017.44, 1437359.91, 0.44889
128840.28, 1437905.77, 0.44889
128779.21, 1437927.14, 0.44889
128531.41, 1437796.26, 0.44889
128051.52, 1437422.47, 0.44889
129351.09, 1437945.22, 0.43203
129417.61, 1437324.06, 0.43203
129322.0, 1437715.13, 0.43203
129668.9, 1437822.35, 0.43203
129329.03, 1437756.67, 0.43203
129406.41, 1437246.49, 0.43203
129451.46, 1437316.97, 0.43203
129316.51, 1437940.25, 0.43203
129476.91, 1437414.35, 0.43203
129375.96, 1437956.78, 0.43203
129785.09, 1437328.25, 0.43203
129559.92, 1437232.52, 0.43203
129521.41, 1437368.58, 0.43203
129971.11, 1437750.13, 0.43203
129393.4, 1437886.08, 0.43203
129401.6, 1437771.38, 0.43203
129348.15, 1437214.95, 0.43203
129977.99, 1437800.29, 0.43203
129327.41, 1437915.46, 0.43203
129322.64, 1437912.53, 0.43203
126675.37, 1437779.0, 0.41568
126596.58, 1437821.6, 0.41568
126273.06, 1437701.18, 0.41568
126726.98, 1437441.92, 0.41568
126669.02, 1437871.09, 0.41568
126557.47, 1437813.84, 0.41568
126144.05, 1437551.28, 0.41568
126705.11, 1437456.2, 0.41568
126476.35, 1437157.93, 0.41568
126957.38, 1437135.92, 0.41568
126634.92, 1437514.83, 0.41568
126463.73, 1437771.05, 0.41568
126816.39, 1437540.07, 0.41568
126614.28, 1437588.79, 0.41568
126478.67, 1437957.42, 0.41568
126723.8, 1437700.69, 0.41568
126339.36, 1437746.43, 0.41568
126491.06, 1437497.31, 0.41568
126779.95, 1437530.97, 0.41568
126601.72, 1437690.17, 0.41568
126635.15, 1437361.25, 0.41568
126445.41, 1437965.74, 0.41568
126680.58, 1437808.63, 0.41568
126290.9, 1437416.54, 0.41568
126934.91, 1437622.37, 0.41568
126740.59, 1437420.14, 0.41568
126620.42, 1437553.65, 0.41568
126540.65, 1437326.43, 0.41568
126976.37, 1437123.62, 0.41568
126450.73, 1437310.02, 0.41568
127654.93, 1437102.93, 0.42358
127574.92, 1437091.26, 0.42358
127647.53, 1437284.24, 0.42358
127801.94, 1437932.15, 0.42358
127440.98, 1437483.44, 0.42358
127380.39, 1437475.98, 0.42358
127800.87, 1437863.38, 0.42358
127750.6, 1437041.93, 0.42358
127814.47, 1437161.85, 0.42358
127470.71, 1437304.03, 0.42358
127953.56, 1437107.27, 0.42358
127298.92, 1437452.47, 0.42358
127656.52, 1437214.98, 0.42358
127980.02, 1437562.16, 0.42358
127537.5, 1437306.71, 0.42358
127085.44, 1437832.72, 0.42358
127831.97, 1437513.3, 0.42358
127369.36, 1437267.15, 0.42358
127631.27, 1437784.63, 0.42358
127609.46, 1437298.54, 0.42358
127745.32, 1437205.39, 0.42358
127773.12, 1437144.79, 0.42358
127938.42, 1437112.01, 0.42358
