195793.1, 1454675.84, 0.41242
195425.18, 1454062.03, 0.41242
195159.17, 1454854.82, 0.41242
195786.38, 1454624.46, 0.41242
195819.1, 1454753.57, 0.41242
195133.3, 1454196.98, 0.41242
195347.77, 1454643.66, 0.41242
195761.79, 1454912.02, 0.41242
195337.16, 1454205.12, 0.41242
195851.25, 1454648.31, 0.41242
195116.79, 1454085.7, 0.41242
195370.21, 1454040.05, 0.41242
195807.75, 1454781.72, 0.41242
195383.52, 1454727.1, 0.41242
195093.11, 1454245.16, 0.41242
195329.7, 1454684.78, 0.41242
195438.94, 1454551.3, 0.41242
195809.81, 1454965.49, 0.41242
195299.96, 1454767.59, 0.41242
195170.95, 1454120.85, 0.41242
195116.8, 1454206.91, 0.41242
195280.26, 1454584.12, 0.41242
195783.53, 1454877.6, 0.41242
195136.34, 1454091.95, 0.41242
195223.87, 1454950.95, 0.41242
195108.93, 1454171.99, 0.41242
195294.64, 1454716.1, 0.41242
195352.66, 1454036.09, 0.41242
195391.25, 1454011.79, 0.41242
195963.62, 1454092.8, 0.41242
195183.64, 1454430.22, 0.41242
195172.18, 1454917.96, 0.41242
195795.96, 1454950.68, 0.41242
195152.14, 1454240.58, 0.41242
195503.69, 1454959.25, 0.41242
195170.89, 1454099.66, 0.41242
195133.55, 1454031.59, 0.41242
195109.53, 1454237.43, 0.41242
195526.21, 1454031.88, 0.41242
195167.94, 1454174.02, 0.41242
195836.9, 1454182.88, 0.41242
198614.44, 1454775.74, 0.47545
198743.18, 1454680.94, 0.47545
198725.67, 1454880.95, 0.47545
198152.87, 1454835.16, 0.47545
198532.95, 1454699.88, 0.47545
198353.98, 1454925.84, 0.47545
198700.82, 1454909.32, 0.47545
199737.17, 1454913.52, 0.48198
199665.29, 1454216.24, 0.48198
199619.59, 1454952.2, 0.48198
196602.58, 1454544.77, 0.40145
196762.92, 1454158.94, 0.40145
196514.17, 1454708.56, 0.40145
196688.79, 1454332.64, 0.40145
196813.45, 1454509.93, 0.40145
196355.72, 1454437.57, 0.40145
196773.79, 1454790.04, 0.40145
196677.56, 1454485.12, 0.40145
196914.06, 1454671.59, 0.40145
196540.32, 1454680.06, 0.40145
196495.43, 1454902.89, 0.40145
196428.38, 1454593.9, 0.40145
196831.39, 1454734.14, 0.40145
196567.2, 1454768.2, 0.40145
196578.63, 1454942.58, 0.40145
196789.14, 1454882.19, 0.40145
196722.81, 1454295.67, 0.40145
196559.5, 1454908.45, 0.40145
196446.21, 1454619.83, 0.40145
196169.49, 1454790.51, 0.40145
196878.26, 1454745.16, 0.40145
196858.0, 1454211.03, 0.40145
196552.21, 1454791.79, 0.40145
196610.34, 1454584.15, 0.40145
196639.8, 1454533.69, 0.40145
196680.49, 1454376.31, 0.40145
196840.83, 1454095.34, 0.40145
196633.5, 1454933.61, 0.40145
196900.45, 1454545.41, 0.40145
196117.14, 1454941.38, 0.40145
196331.88, 1454435.49, 0.40145
196654.28, 1454575.61, 0.40145
196862.03, 1454956.96, 0.40145
196593.78, 1454835.33, 0.40145
196885.15, 1454166.91, 0.40145
196615.82, 1454676.13, 0.40145
196631.2, 1454565.03, 0.40145
196840.69, 1454934.15, 0.40145
196860.62, 1454723.83, 0.40145
196860.64, 1454924.94, 0.40145
196800.95, 1454776.58, 0.40145
196598.76, 1454309.14, 0.40145
196700.24, 1454179.33, 0.40145
196899.24, 1454705.26, 0.40145
196643.01, 1454806.41, 0.40145
196869.69, 1454830.64, 0.40145
196499.9, 1454650.13, 0.40145
196969.7, 1454959.06, 0.40145
196823.49, 1454481.08, 0.40145
196615.15, 1454930.7, 0.40145
196732.58, 1454484.79, 0.40145
196794.58, 1454052.04, 0.40145
196836.65, 1454956.91, 0.40145
196822.64, 1454195.97, 0.40145
196441.46, 1454556.82, 0.40145
196847.37, 1454854.18, 0.40145
197346.28, 1454763.89, 0.40769
197143.61, 1454661.35, 0.40769
197198.05, 1454684.04, 0.40769
197262.47, 1454819.62, 0.40769
197363.45, 1454353.22, 0.40769
197783.68, 1454141.7, 0.40769
197555.61, 1454669.49, 0.40769
197379.4, 1454383.76, 0.40769
197563.26, 1454636.38, 0.40769
197597.71, 1454714.46, 0.40769
197107.15, 1454547.07, 0.40769
197377.67, 1454479.15, 0.40769
197412.45, 1454926.93, 0.40769
197302.8, 1454746.33, 0.40769
197151.51, 1454702.54, 0.40769
197617.15, 1454537.58, 0.40769
197056.02, 1454182.39, 0.40769
197231.15, 1454744.35, 0.40769
197719.69, 1454909.96, 0.40769
197311.35, 1454942.59, 0.40769
197832.63, 1454050.81, 0.40769
197393.39, 1454117.66, 0.40769
197434.39, 1454857.76, 0.40769
197771.74, 1454040.4, 0.40769
197876.93, 1454715.15, 0.40769
197201.67, 1454825.35, 0.40769
197063.48, 1454212.48, 0.40769
197250.34, 1454917.34, 0.40769
197825.53, 1454743.92, 0.40769
197555.87, 1454865.32, 0.40769
197129.54, 1454944.32, 0.40769
197649.74, 1454677.19, 0.40769
197523.44, 1454208.76, 0.40769
197507.14, 1454692.2, 0.40769
197394.7, 1454337.79, 0.40769
197221.05, 1454850.22, 0.40769
197542.62, 1454485.17, 0.40769
197373.2, 1454852.26, 0.40769
197051.07, 1454092.2, 0.40769
197581.8, 1454867.77, 0.40769
197703.78, 1454443.4, 0.40769
197325.85, 1454828.36, 0.40769
197446.3, 1454969.93, 0.40769
197839.01, 1454635.48, 0.40769
197251.77, 1454734.86, 0.40769
197202.45, 1454803.34, 0.40769
197417.17, 1454816.17, 0.40769
195673.26, 1451764.33, 0.42643
195634.45, 1451227.64, 0.42643
195725.3, 1451312.79, 0.42643
195726.79, 1451789.3, 0.42643
195606.78, 1451222.06, 0.42643
195611.69, 1451637.87, 0.42643
195696.56, 1451729.15, 0.42643
195663.16, 1451806.05, 0.42643
195441.99, 1451956.83, 0.42643
195588.67, 1451182.15, 0.42643
195603.26, 1451296.07, 0.42643
195654.7, 1451475.72, 0.42643
195234.06, 1451121.97, 0.42643
195624.95, 1451667.0, 0.42643
195639.65, 1451630.43, 0.42643
195069.23, 1451137.35, 0.42643
195824.24, 1451625.2, 0.42643
195619.42, 1451035.2, 0.42643
195042.71, 1451511.93, 0.42643
195478.91, 1451764.84, 0.42643
195735.55, 1451698.48, 0.42643
195603.93, 1451848.49, 0.42643
195496.44, 1451867.24, 0.42643
195386.02, 1451611.1, 0.42643
195790.95, 1451716.76, 0.42643
195536.22, 1451767.65, 0.42643
195134.65, 1451050.29, 0.42643
195628.44, 1451818.24, 0.42643
195195.89, 1451295.34, 0.42643
195058.67, 1451061.91, 0.42643
195651.23, 1451872.73, 0.42643
195617.36, 1451580.36, 0.42643
195388.69, 1451886.47, 0.42643
195541.58, 1451865.33, 0.42643
195102.0, 1451388.24, 0.42643
195574.77, 1451974.43, 0.42643
195538.85, 1451804.5, 0.42643
195607.15, 1451080.18, 0.42643
195698.23, 1451798.01, 0.42643
195511.66, 1451869.85, 0.42643
195545.84, 1451841.91, 0.42643
195052.73, 1451013.53, 0.42643
195070.11, 1451047.75, 0.42643
195574.91, 1451414.48, 0.42643
195074.81, 1451105.15, 0.42643
195660.4, 1451742.24, 0.42643
195435.39, 1451814.04, 0.42643
195786.7, 1451675.95, 0.42643
195043.5, 1451475.37, 0.42643
195619.77, 1451760.84, 0.42643
198194.83, 1451207.58, 0.4024
198568.47, 1451868.43, 0.4024
198769.72, 1451418.53, 0.4024
198792.6, 1451104.71, 0.4024
198193.03, 1451555.4, 0.4024
198601.51, 1451627.14, 0.4024
198793.84, 1451433.88, 0.4024
198338.71, 1451221.28, 0.4024
198600.69, 1451951.59, 0.4024
198412.31, 1451273.13, 0.4024
199129.74, 1451092.63, 0.40064
199854.21, 1451098.13, 0.40064
199794.31, 1451125.08, 0.40064
199419.84, 1451782.2, 0.40064
199959.16, 1451218.45, 0.40064
199789.49, 1451283.89, 0.40064
199667.72, 1451020.86, 0.40064
199138.06, 1451582.65, 0.40064
199722.55, 1451094.62, 0.40064
199237.47, 1451946.47, 0.40064
199696.83, 1451009.04, 0.40064
199244.84, 1451434.33, 0.40064
199257.18, 1451380.25, 0.40064
199392.41, 1451537.11, 0.40064
196838.77, 1451817.87, 0.40144
196776.34, 1451901.42, 0.40144
196702.76, 1451033.44, 0.40144
196972.41, 1451876.1, 0.40144
196909.57, 1451944.48, 0.40144
196603.89, 1451899.99, 0.40144
196733.2, 1451901.62, 0.40144
196559.88, 1451381.32, 0.40144
196207.49, 1451249.07, 0.40144
196675.86, 1451368.63, 0.40144
196815.19, 1451920.19, 0.40144
196706.29, 1451915.32, 0.40144
196319.34, 1451338.13, 0.40144
196674.5, 1451932.1, 0.40144
196963.91, 1451950.76, 0.40144
196752.01, 1451120.15, 0.40144
196787.2, 1451864.17, 0.40144
196550.79, 1451085.88, 0.40144
196725.99, 1451871.43, 0.40144
196538.09, 1451956.17, 0.40144
196616.79, 1451969.43, 0.40144
196623.43, 1451262.21, 0.40144
196514.4, 1451930.11, 0.40144
196603.48, 1451976.66, 0.40144
196596.13, 1451933.01, 0.40144
196795.78, 1451891.73, 0.40144
196577.92, 1451352.25, 0.40144
196890.97, 1451956.15, 0.40144
196802.54, 1451837.57, 0.40144
196256.95, 1451246.39, 0.40144
196986.15, 1451923.63, 0.40144
196809.12, 1451217.05, 0.40144
196980.33, 1451960.73, 0.40144
197070.36, 1451933.0, 0.41705
197363.02, 1451362.39, 0.41705
197527.11, 1451541.38, 0.41705
197965.22, 1451150.53, 0.41705
197127.59, 1451938.36, 0.41705
197237.38, 1451908.46, 0.41705
197134.52, 1451899.3, 0.41705
197935.45, 1451139.26, 0.41705
197096.5, 1451974.55, 0.41705
197261.9, 1451633.5, 0.41705
197178.61, 1451863.03, 0.41705
197108.67, 1451193.01, 0.41705
197315.07, 1451551.74, 0.41705
197348.96, 1451302.75, 0.41705
197433.34, 1451644.97, 0.41705
197090.18, 1451925.46, 0.41705
197122.99, 1451964.26, 0.41705
197158.69, 1451606.05, 0.41705
197563.28, 1451781.19, 0.41705
197270.91, 1451345.15, 0.41705
197208.55, 1451904.54, 0.41705
197540.09, 1451730.74, 0.41705
197090.12, 1451428.09, 0.41705
197770.69, 1451727.68, 0.41705
197032.22, 1451724.93, 0.41705
197750.28, 1451736.24, 0.41705
197171.53, 1451960.02, 0.41705
197074.32, 1451929.21, 0.41705
197156.73, 1451850.45, 0.41705
195868.93, 1450678.47, 0.42722
195230.6, 1450647.51, 0.42722
195945.67, 1450839.54, 0.42722
195345.12, 1450700.24, 0.42722
195185.68, 1450767.16, 0.42722
195304.19, 1450422.68, 0.42722
195951.83, 1450393.02, 0.42722
195129.84, 1450871.07, 0.42722
195195.72, 1450622.55, 0.42722
195231.37, 1450495.63, 0.42722
195220.2, 1450606.94, 0.42722
195282.83, 1450487.91, 0.42722
195373.36, 1450553.74, 0.42722
195101.87, 1450891.31, 0.42722
195105.68, 1450970.84, 0.42722
195137.17, 1450739.61, 0.42722
195098.73, 1450836.96, 0.42722
195163.56, 1450750.35, 0.42722
195219.48, 1450676.18, 0.42722
195049.15, 1450904.7, 0.42722
195140.6, 1450760.6, 0.42722
195264.75, 1450730.18, 0.42722
195885.8, 1450667.09, 0.42722
195508.4, 1450730.24, 0.42722
195189.07, 1450764.0, 0.42722
195036.12, 1450912.33, 0.42722
195204.76, 1450873.46, 0.42722
195189.43, 1450654.46, 0.42722
195045.54, 1450966.94, 0.42722
195573.9, 1450805.21, 0.42722
195610.52, 1450122.04, 0.42722
195243.92, 1450461.52, 0.42722
195692.58, 1450076.79, 0.42722
195188.62, 1450724.68, 0.42722
198300.21, 1450058.66, 0.44426
198249.87, 1450050.58, 0.44426
198827.95, 1450955.45, 0.44426
198068.49, 1450253.07, 0.44426
198402.17, 1450677.26, 0.44426
199909.11, 1450579.36, 0.46157
199704.15, 1450343.75, 0.46157
199341.47, 1450078.01, 0.46157
199765.66, 1450144.03, 0.46157
199887.61, 1450480.25, 0.46157
199934.17, 1450638.71, 0.46157
199882.41, 1450530.68, 0.46157
199966.75, 1450459.48, 0.46157
199821.42, 1450423.89, 0.46157
199651.46, 1450029.33, 0.46157
199772.23, 1450381.81, 0.46157
199841.26, 1450673.29, 0.46157
199845.03, 1450485.26, 0.46157
199551.97, 1450042.6, 0.46157
199892.21, 1450607.4, 0.46157
199702.36, 1450963.26, 0.46157
199915.2, 1450614.33, 0.46157
199792.26, 1450417.89, 0.46157
199597.39, 1450028.49, 0.46157
199386.87, 1450481.09, 0.46157
199951.64, 1450544.12, 0.46157
199807.22, 1450389.16, 0.46157
199810.03, 1450084.88, 0.46157
196033.99, 1450352.84, 0.41426
196140.43, 1450524.43, 0.41426
196511.91, 1450329.3, 0.41426
196030.46, 1450380.75, 0.41426
196389.02, 1450370.36, 0.41426
196250.06, 1450632.31, 0.41426
196256.22, 1450766.94, 0.41426
196248.11, 1450476.65, 0.41426
196214.56, 1450871.5, 0.41426
196356.78, 1450513.62, 0.41426
196466.62, 1450628.61, 0.41426
196409.27, 1450531.92, 0.41426
196232.0, 1450503.71, 0.41426
196633.02, 1450524.97, 0.41426
196193.8, 1450339.46, 0.41426
196072.92, 1450524.01, 0.41426
196225.78, 1450312.68, 0.41426
196245.27, 1450482.11, 0.41426
197069.42, 1450066.29, 0.40338
197257.18, 1450144.95, 0.40338
197745.71, 1450388.42, 0.40338
197463.8, 1450335.05, 0.40338
197348.58, 1450579.87, 0.40338
197909.27, 1450756.45, 0.40338
197619.75, 1450271.76, 0.40338
197910.26, 1450779.73, 0.40338
197658.18, 1450208.97, 0.40338
197286.0, 1450120.69, 0.40338
197283.91, 1450809.35, 0.40338
195209.5, 1453359.35, 0.40185
195089.59, 1453708.07, 0.40185
195123.36, 1453523.53, 0.40185
195180.77, 1453173.76, 0.40185
195185.11, 1453521.36, 0.40185
195760.96, 1453881.2, 0.40185
195045.56, 1453906.52, 0.40185
195682.67, 1453832.52, 0.40185
195545.47, 1453348.85, 0.40185
195445.18, 1453434.92, 0.40185
195784.86, 1453819.33, 0.40185
195043.01, 1453504.04, 0.40185
195409.82, 1453549.98, 0.40185
195186.19, 1453079.1, 0.40185
195031.88, 1453556.01, 0.40185
195585.84, 1453952.75, 0.40185
195655.58, 1453803.52, 0.40185
195815.4, 1453826.06, 0.40185
195092.33, 1453428.26, 0.40185
195953.7, 1453223.41, 0.40185
195138.45, 1453615.02, 0.40185
195615.98, 1453971.32, 0.40185
195915.52, 1453224.39, 0.40185
195896.55, 1453317.17, 0.40185
195703.55, 1453866.64, 0.40185
195659.49, 1453969.32, 0.40185
195176.2, 1453111.96, 0.40185
195952.32, 1453174.54, 0.40185
195129.26, 1453575.44, 0.40185
195569.56, 1453484.88, 0.40185
195138.91, 1453205.68, 0.40185
195749.86, 1453863.43, 0.40185
195903.41, 1453403.86, 0.40185
195910.48, 1453161.61, 0.40185
195192.52, 1453466.92, 0.40185
195229.05, 1453539.48, 0.40185
195695.36, 1453887.34, 0.40185
195820.69, 1453851.59, 0.40185
195275.34, 1453934.18, 0.40185
195037.29, 1453458.94, 0.40185
195077.52, 1453523.07, 0.40185
195442.64, 1453497.53, 0.40185
195049.01, 1453962.28, 0.40185
195906.83, 1453359.36, 0.40185
195109.64, 1453635.68, 0.40185
195891.32, 1453236.94, 0.40185
195791.04, 1453916.72, 0.40185
195232.53, 1453477.47, 0.40185
195622.59, 1453920.81, 0.40185
195214.09, 1453020.61, 0.40185
195862.69, 1453208.08, 0.40185
195877.49, 1453289.53, 0.40185
195052.75, 1453750.23, 0.40185
195645.87, 1453917.28, 0.40185
195931.74, 1453167.1, 0.40185
195107.99, 1453504.91, 0.40185
195628.08, 1453478.07, 0.40185
195476.28, 1453360.61, 0.40185
195199.43, 1453703.31, 0.40185
195059.31, 1453951.52, 0.40185
195847.77, 1453247.91, 0.40185
195591.87, 1453983.78, 0.40185
195382.74, 1453833.36, 0.40185
195543.68, 1453627.0, 0.40185
195890.51, 1453211.99, 0.40185
195031.63, 1453520.86, 0.40185
195596.42, 1453432.85, 0.40185
195129.46, 1453916.89, 0.40185
195884.7, 1453385.4, 0.40185
195279.19, 1453961.8, 0.40185
195263.63, 1453477.98, 0.40185
195045.68, 1453772.33, 0.40185
195020.4, 1453629.95, 0.40185
195918.19, 1453142.84, 0.40185
195391.97, 1453535.19, 0.40185
195897.1, 1453329.94, 0.40185
195707.98, 1453868.79, 0.40185
195267.89, 1453444.43, 0.40185
195519.17, 1453404.54, 0.40185
198574.87, 1453215.61, 0.43041
198341.92, 1453119.28, 0.43041
198629.14, 1453594.02, 0.43041
198631.03, 1453785.57, 0.43041
198918.03, 1453097.38, 0.43041
198518.99, 1453138.27, 0.43041
198808.27, 1453147.94, 0.43041
198111.23, 1453926.0, 0.43041
199561.88, 1453949.45, 0.44207
199598.08, 1453914.38, 0.44207
196119.69, 1453601.29, 0.40763
196199.84, 1453476.19, 0.40763
196823.31, 1453574.7, 0.40763
196092.6, 1453492.42, 0.40763
196489.18, 1453145.16, 0.40763
196093.12, 1453191.58, 0.40763
196130.78, 1453533.56, 0.40763
196142.39, 1453477.07, 0.40763
196073.57, 1453144.93, 0.40763
196209.05, 1453453.88, 0.40763
196967.88, 1453885.36, 0.40763
196850.88, 1453831.35, 0.40763
196401.42, 1453181.67, 0.40763
196221.7, 1453329.13, 0.40763
196901.0, 1453853.77, 0.40763
196381.57, 1453178.4, 0.40763
196194.21, 1453425.72, 0.40763
196061.8, 1453220.68, 0.40763
196835.14, 1453430.06, 0.40763
196763.38, 1453586.14, 0.40763
196065.65, 1453628.15, 0.40763
196819.82, 1453340.73, 0.40763
196823.39, 1453900.62, 0.40763
196221.96, 1453522.88, 0.40763
196850.19, 1453803.07, 0.40763
196821.39, 1453816.96, 0.40763
197212.68, 1453348.78, 0.41086
197289.19, 1453349.65, 0.41086
197522.65, 1453811.92, 0.41086
197545.54, 1453902.26, 0.41086
197830.58, 1453476.59, 0.41086
197921.51, 1453136.53, 0.41086
197134.41, 1453270.7, 0.41086
197841.45, 1453440.17, 0.41086
197336.48, 1453237.69, 0.41086
197513.82, 1453831.66, 0.41086
197451.33, 1453299.34, 0.41086
197217.09, 1453230.08, 0.41086
197847.52, 1453833.11, 0.41086
197805.32, 1453490.55, 0.41086
197058.96, 1453079.97, 0.41086
197317.08, 1453206.29, 0.41086
197497.7, 1453813.98, 0.41086
197166.7, 1453177.73, 0.41086
197023.72, 1453622.7, 0.41086
197737.14, 1453689.06, 0.41086
197819.07, 1453576.3, 0.41086
195292.07, 1452355.04, 0.41018
195283.67, 1452068.28, 0.41018
195363.84, 1452108.4, 0.41018
195286.52, 1452506.3, 0.41018
195322.73, 1452240.28, 0.41018
195637.25, 1452167.07, 0.41018
195659.06, 1452099.95, 0.41018
195249.18, 1452303.51, 0.41018
195379.52, 1452224.19, 0.41018
195227.33, 1452533.37, 0.41018
195394.42, 1452136.69, 0.41018
195406.63, 1452206.89, 0.41018
195449.9, 1452257.06, 0.41018
195159.4, 1452527.22, 0.41018
195210.21, 1452491.89, 0.41018
195474.58, 1452086.87, 0.41018
195190.96, 1452563.81, 0.41018
195334.06, 1452076.54, 0.41018
195282.57, 1452387.72, 0.41018
195512.57, 1452652.44, 0.41018
195435.45, 1452063.52, 0.41018
195393.69, 1452166.09, 0.41018
195461.16, 1452327.96, 0.41018
195350.19, 1452041.39, 0.41018
195478.74, 1452127.32, 0.41018
195219.72, 1452961.46, 0.41018
195245.41, 1452114.03, 0.41018
195596.93, 1452147.48, 0.41018
195213.09, 1452359.37, 0.41018
195320.95, 1452567.33, 0.41018
195323.11, 1452191.45, 0.41018
195422.38, 1452043.2, 0.41018
195531.34, 1452640.48, 0.41018
195478.96, 1452223.77, 0.41018
195448.69, 1452015.53, 0.41018
195373.3, 1452789.56, 0.41018
195681.54, 1452073.61, 0.41018
195422.62, 1452421.17, 0.41018
195372.18, 1452075.93, 0.41018
195718.96, 1452030.26, 0.41018
195272.08, 1452483.29, 0.41018
195059.69, 1452901.81, 0.41018
195440.81, 1452199.05, 0.41018
195338.68, 1452829.4, 0.41018
195514.22, 1452020.66, 0.41018
195313.44, 1452318.41, 0.41018
195341.0, 1452195.66, 0.41018
195240.82, 1452366.72, 0.41018
195691.95, 1452125.53, 0.41018
195334.27, 1452363.41, 0.41018
195246.92, 1452983.33, 0.41018
195441.73, 1452226.77, 0.41018
195306.82, 1452622.63, 0.41018
195358.28, 1452797.04, 0.41018
198745.33, 1452331.94, 0.40477
198715.79, 1452316.23, 0.40477
198184.16, 1452664.3, 0.40477
198133.16, 1452552.32, 0.40477
198298.11, 1452888.1, 0.40477
198164.37, 1452555.12, 0.40477
198541.65, 1452032.01, 0.40477
198216.42, 1452868.32, 0.40477
198765.36, 1452460.73, 0.40477
198093.45, 1452115.57, 0.40477
198649.28, 1452387.68, 0.40477
198776.09, 1452314.73, 0.40477
198144.02, 1452595.59, 0.40477
198181.69, 1452245.62, 0.40477
198073.42, 1452398.03, 0.40477
198195.21, 1452762.46, 0.40477
198265.6, 1452735.55, 0.40477
198316.85, 1452632.87, 0.40477
198011.46, 1452737.98, 0.40477
198123.59, 1452338.06, 0.40477
199777.18, 1452365.22, 0.49619
199952.26, 1452031.54, 0.49619
199869.8, 1452297.75, 0.49619
199822.39, 1452447.92, 0.49619
199837.91, 1452350.18, 0.49619
199839.25, 1452266.21, 0.49619
199874.14, 1452466.31, 0.49619
196429.24, 1452816.37, 0.49917
196851.65, 1452362.52, 0.49917
196458.0, 1452946.22, 0.49917
196732.19, 1452246.83, 0.49917
196969.09, 1452363.29, 0.49917
196707.6, 1452741.88, 0.49917
196311.78, 1452686.7, 0.49917
196930.34, 1452399.11, 0.49917
196966.44, 1452666.77, 0.49917
196643.62, 1452591.05, 0.49917
196940.77, 1452607.75, 0.49917
196616.53, 1452585.27, 0.49917
196201.15, 1452725.88, 0.49917
197838.63, 1452577.41, 0.41274
197403.51, 1452348.23, 0.41274
197236.42, 1452552.54, 0.41274
197777.22, 1452506.87, 0.41274
197289.87, 1452548.7, 0.41274
197882.04, 1452561.42, 0.41274
197476.19, 1452472.2, 0.41274
197061.07, 1452206.15, 0.41274
197859.13, 1452519.4, 0.41274
197774.25, 1452590.2, 0.41274
197724.72, 1452565.98, 0.41274
197816.26, 1452478.84, 0.41274
197550.41, 1452308.07, 0.41274
197434.2, 1452279.45, 0.41274
197343.79, 1452083.98, 0.41274
197261.73, 1452282.46, 0.41274
197910.46, 1452842.95, 0.41274
197445.66, 1452361.64, 0.41274
197453.18, 1452463.84, 0.41274
197154.24, 1452206.03, 0.41274
197744.61, 1452545.8, 0.41274
197019.37, 1452424.63, 0.41274
197248.27, 1452597.79, 0.41274
197116.15, 1452184.31, 0.41274
197730.03, 1452745.11, 0.41274
