0 0.80125 0.3025 0.0225 0.02
0 0.94125 0.2025 0.015 0.0175
0 0.93875 0.22875 0.0175 0.02
0 0.96125 0.375 0.0175 0.015
0 0.91 0.41375 0.025 0.0175
0 0.63375 0.15 0.025 0.0225
0 0.75125 0.27375 0.02 0.0175
0 0.72875 0.305 0.0175 0.0175
0 0.66875 0.07875 0.02 0.02
0 0.955 0.4775 0.02 0.02
0 0.82625 0.4475 0.0175 0.0175
0 0.31 0.84625 0.0275 0.0225
0 0.26375 0.795 0.0225 0.0275
0 0.27 0.7275 0.02 0.0225
0 0.5075 0.81875 0.02 0.02
0 0.59875 0.68375 0.0225 0.0225
0 0.67125 0.78625 0.02 0.0225
0 0.825 0.705 0.0225 0.0225
0 0.89125 0.86 0.03 0.0225
0 0.84375 0.91125 0.015 0.0175
0 0.18125 0.925 0.025 0.0225
0 0.12625 0.94375 0.0225 0.0175
0 0.495 0.59125 0.02 0.0225
0 0.85 0.735 0.0225 0.0275
0 0.72 0.66375 0.025 0.0225
0 0.59375 0.92375 0.025 0.02
0 0.605 0.90125 0.0225 0.02
0 0.63375 0.9575 0.0275 0.02
0 0.62 0.94 0.02 0.0175
0 0.78625 0.85625 0.0225 0.0275
0 0.8975 0.76875 0.02 0.025
0 0.935 0.78375 0.02 0.0175
0 0.90375 0.65 0.0225 0.02
0 0.34 0.6575 0.025 0.0175
0 0.33375 0.64 0.02 0.0175
0 0.28375 0.94125 0.0225 0.02
0 0.685 0.74625 0.0175 0.0175
0 0.70875 0.75125 0.0125 0.0225
0 0.8375 0.9375 0.02 0.02
0 0.85 0.85375 0.025 0.0275
0 0.83 0.85 0.02 0.03
0 0.86875 0.67375 0.0275 0.0275
0 0.91625 0.66125 0.0175 0.0225
0 0.655 0.8925 0.0275 0.0175
0 0.86375 0.935 0.0175 0.0175
0 0.935 0.87875 0.0175 0.02
0 0.94125 0.8275 0.0225 0.02
0 0.625 0.87 0.02 0.02
0 0.6 0.8 0.02 0.0175
0 0.93 0.775 0.02 0.02
0 0.9075 0.81875 0.0175 0.0175
0 0.80625 0.7375 0.0225 0.0225
0 0.3275 0.89375 0.02 0.0175
0 0.28875 0.68375 0.0225 0.02
0 0.74 0.79625 0.0175 0.0175
0 0.47537 0.88212 0.02 0.02
0 0.95375 0.7775 0.02 0.02
0 0.86875 0.9025 0.02 0.02
0 0.355 0.79375 0.0225 0.0225
0 0.2775 0.975 0.0225 0.0225
0 0.14625 0.96587 0.02 0.0175
