0 0.59625 0.295 0.02 0.02
0 0.6375 0.2509 0.01785 0.01965
0 0.38125 0.93 0.0275 0.02
0 0.3425 0.8625 0.0225 0.025
0 0.72875 0.64 0.02 0.025
0 0.27875 0.83875 0.0225 0.0175
0 0.93875 0.585 0.0225 0.0225
0 0.2075 0.56 0.025 0.025
0 0.34482 0.82292 0.0218 0.02085
0 0.40597 0.88975 0.01907 0.02235
0 0.3662 0.9548 0.0217 0.0221
0 0.564 0.5432 0.02087 0.02033
0 0.59057 0.61305 0.02042 0.01897
0 0.68268 0.73352 0.01712 0.01707
0 0.69325 0.72392 0.01507 0.0139
0 0.70088 0.75703 0.02325 0.02165
0 0.89415 0.7349 0.01865 0.0198
0 0.84172 0.87708 0.0156 0.01665
0 0.85145 0.86028 0.01717 0.0134
0 0.93442 0.86033 0.01705 0.0153
0 0.87482 0.98195 0.01572 0.01748
