0 0.17625 0.04875 0.0225 0.02
0 0.2675 0.14125 0.02 0.02
0 0.28 0.02875 0.025 0.025
0 0.37375 0.08 0.0225 0.02
0 0.4175 0.31 0.03 0.0275
0 0.47125 0.37375 0.025 0.0225
0 0.3625 0.39 0.0225 0.02
0 0.41125 0.3675 0.0225 0.02
0 0.19125 0.08625 0.0225 0.0225
0 0.62125 0.37125 0.0275 0.0175
0 0.29875 0.2275 0.02 0.02
0 0.31625 0.2475 0.0225 0.0225
0 0.5975 0.46625 0.0225 0.02
0 0.49625 0.53375 0.0275 0.025
0 0.3175 0.10875 0.0275 0.025
0 0.37375 0.08 0.0225 0.02
0 0.2825 0.175 0.0225 0.0225
0 0.31125 0.32 0.0225 0.0225
0 0.2825 0.0875 0.0225 0.0225
0 0.32875 0.3925 0.02 0.02
0 0.565 0.95625 0.0225 0.0225
0 0.34125 0.0675 0.0225 0.0225
0 0.42 0.21375 0.0275 0.0275
0 0.3575 0.14125 0.0225 0.0225
0 0.4025 0.255 0.0225 0.02
0 0.68375 0.5725 0.025 0.0225
0 0.58875 0.95125 0.025 0.025
0 0.65625 0.42 0.025 0.0225
0 0.61125 0.4775 0.0225 0.0225
0 0.4075 0.23875 0.0225 0.0225
0 0.29875 0.15375 0.025 0.025
0 0.36875 0.0375 0.0225 0.0225
0 0.38625 0.4825 0.0225 0.0225
0 0.46125 0.3975 0.0225 0.02
0 0.30875 0.34625 0.0225 0.0225
0 0.3325 0.04125 0.02 0.02
0 0.335 0.21375 0.0225 0.0225
0 0.3575 0.31 0.0225 0.0225
0 0.4675 0.43 0.025 0.025
0 0.85625 0.92375 0.0225 0.0225
0 0.54125 0.8575 0.02 0.02
0 0.87375 0.9825 0.02 0.0175
0 0.51 0.9625 0.02 0.02
0 0.515 0.90625 0.0225 0.02
0 0.375 0.26625 0.0225 0.0225
0 0.43274999999999997 0.18614999999999998 0.026600000000000002 0.0276
0 0.45387500000000003 0.231175 0.026600000000000002 0.027075000000000002
0 0.311525 0.192125 0.02445 0.01805
0 0.30760000000000004 0.20952500000000002 0.02445 0.0195
0 0.329675 0.127625 0.022475000000000002 0.015575
0 0.382125 0.059725 0.027374999999999997 0.0259
0 0.334575 0.142325 0.0215 0.018500000000000003
0 0.35515 0.11807499999999999 0.020525 0.019975
0 0.54455 0.9494 0.018625 0.021425
0 0.512375 0.92865 0.02795 0.025525000000000003
0 0.546575 0.87925 0.025025 0.022625000000000003
0 0.40395000000000003 0.648025 0.02505 0.023275
0 0.43055 0.6497750000000001 0.025625 0.032625
0 0.21627500000000002 0.74625 0.0239 0.02795
0 0.259525 0.767875 0.0204 0.027925
0 0.438425 0.42847499999999994 0.018000000000000002 0.026175
0 0.830625 0.9589749999999999 0.026099999999999998 0.028050000000000002
0 0.804625 0.930775 0.019799999999999998 0.025150000000000002
0 0.930125 0.75405 0.0184 0.022174999999999997
0 0.913675 0.79495 0.0216 0.021124999999999998
0 0.53705 0.8377249999999999 0.024900000000000002 0.021675
0 0.15990000000000001 0.153325 0.0253 0.025175
0 0.18232500000000001 0.25835 0.036324999999999996 0.025825