0 0.28625 0.26375 0.0225 0.025
0 0.2775 0.14875 0.0225 0.025
0 0.2525 0.155 0.0225 0.025
0 0.4725 0.075 0.0225 0.0225
0 0.23282 0.59045 0.01937 0.02158
0 0.03143 0.46555 0.01968 0.0236
0 0.23485 0.64365 0.0253 0.0232
0 0.06273 0.96968 0.02457 0.02183
0 0.23375 0.3725 0.02 0.02
0 0.06 0.0675 0.02 0.0225
0 0.165 0.705 0.0175 0.015
0 0.1475 0.7075 0.0175 0.02
0 0.1325 0.7875 0.0175 0.0225
0 0.44403 0.85665 0.02445 0.0208
0 0.44442 0.9692 0.02193 0.01975
0 0.34 0.52375 0.025 0.025
0 0.21125 0.16 0.0275 0.025
0 0.23 0.78625 0.02 0.02
0 0.265 0.74625 0.02 0.02
0 0.255 0.71875 0.02 0.02
0 0.165 0.78125 0.02 0.02
0 0.1675 0.8275 0.0225 0.0225
0 0.23 0.5275 0.0225 0.0225
0 0.31625 0.65375 0.0225 0.02
0 0.23 0.72875 0.0175 0.0175
0 0.14777 0.7347 0.01875 0.02118
0 0.48243 0.3802 0.02555 0.02112
0 0.07832 0.9381 0.02092 0.01907
0 0.84975 0.62693 0.0253 0.02237
0 0.615 0.79375 0.02 0.0175
0 0.78953 0.60565 0.02405 0.02092
0 0.6925 0.71375 0.02 0.02
0 0.70917 0.6 0.02 0.02
0 0.82583 0.59125 0.025 0.025
0 0.8925 0.74375 0.025 0.0225
0 0.56125 0.795 0.02 0.02
0 0.57573 0.74888 0.0193 0.0174
0 0.55097 0.73007 0.01622 0.02265
0 0.59592 0.71097 0.01688 0.0184
0 0.6213 0.64982 0.01582 0.01748
0 0.6346 0.6435 0.01292 0.01738
0 0.6449 0.6909 0.01482 0.0211
0 0.64675 0.71613 0.0185 0.02155
0 0.80312 0.80745 0.02055 0.02027
0 0.63935 0.93095 0.01798 0.01727
