0 0.855 0.09875 0.025 0.0225
0 0.84125 0.1825 0.02 0.02
0 0.96375 0.3925 0.03 0.0275
0 0.90625 0.04125 0.0225 0.0275
0 0.88625 0.02 0.02 0.0175
0 0.865 0.01 0.02 0.0175
0 0.96875 0.11375 0.025 0.025
0 0.97375 0.165 0.0225 0.0175
0 0.7825 0.1725 0.0175 0.0175
0 0.79875 0.1725 0.02 0.015
0 0.9725 0.35 0.015 0.0175
0 0.7475 0.46625 0.025 0.0175
0 0.93375 0.60125 0.025 0.02
0 0.93125 0.61625 0.0225 0.0175
0 0.7775 0.50375 0.0175 0.02
0 0.935 0.43625 0.0225 0.0225
0 0.915 0.68 0.0275 0.0175
0 0.95125 0.725 0.025 0.0225
0 0.77875 0.795 0.0275 0.0225
0 0.79 0.73875 0.0225 0.025
0 0.8725 0.89 0.02 0.0225
0 0.82875 0.78 0.025 0.02
0 0.84125 0.86 0.0225 0.0175
0 0.93 0.91 0.025 0.0225
0 0.83875 0.955 0.0225 0.0175
0 0.965 0.95375 0.02 0.0175
0 0.72875 0.9425 0.0225 0.02
0 0.7125 0.88875 0.02 0.02
0 0.18125 0.18875 0.0225 0.025
0 0.17875 0.29 0.025 0.0325
0 0.3125 0.3225 0.025 0.0175
0 0.085 0.46 0.03 0.025
0 0.865 0.95875 0.0225 0.02
0 0.12625 0.37875 0.0225 0.0225
0 0.05375 0.73125 0.025 0.0225
0 0.2075 0.54625 0.0225 0.0225
0 0.91875 0.9575 0.0225 0.02
0 0.75125 0.745 0.02 0.02
0 0.255 0.96825 0.0225 0.0225
0 0.8125 0.37125 0.025 0.025
0 0.65625 0.6925 0.02 0.02
0 0.94125 0.83875 0.0225 0.02
0 0.17925000000000002 0.6645 0.0225 0.02
0 0.8825 0.91625 0.0225 0.0225
0 0.1225 0.35375 0.0225 0.02
0 0.92625 0.71 0.0225 0.0225
0 0.89875 0.82875 0.0225 0.02
0 0.07625 0.325 0.02 0.02
0 0.8275 0.9175 0.02 0.02
0 0.7856000000000001 0.39625 0.0225 0.0225
0 0.96625 0.285 0.0225 0.0225
0 0.1625 0.48375 0.0225 0.0225
0 0.3425 0.90875 0.02 0.02
0 0.425 0.34625 0.025 0.0225
0 0.26125 0.5 0.025 0.025
0 0.2375 0.5325 0.0225 0.0225
0 0.88125 0.98125 0.02 0.02
0 0.6325 0.61125 0.02 0.02
0 0.8635250000000001 0.7975 0.02 0.02
0 0.69875 0.46125 0.02 0.02
0 0.99 0.3675 0.02 0.02
0 0.7425 0.49375 0.0225 0.025
0 0.91625 0.555 0.02 0.02