0 0.48 0.27718 0.0225 0.02
0 0.49285 0.43265 0.01427 0.02245
0 0.4108 0.3101 0.01805 0.02375
0 0.45885 0.30437 0.01947 0.01767
0 0.47323 0.33145 0.01968 0.01825
0 0.49108 0.46547 0.01785 0.01667
0 0.0572 0.02377 0.01795 0.02078
0 0.45635 0.38035 0.01448 0.01427
0 0.4799 0.44935 0.01873 0.01477
0 0.55318 0.03287 0.02078 0.02217
0 0.70375 0.3275 0.0175 0.02
0 0.675 0.13125 0.0125 0.015
0 0.81125 0.42625 0.02 0.0175
0 0.60625 0.47875 0.0175 0.0175
0 0.70875 0.2925 0.02 0.02
0 0.59158 0.23542 0.01707 0.0173
0 0.63087 0.25165 0.0207 0.02475
0 0.59217 0.03197 0.02005 0.01572
0 0.60405 0.0494 0.01335 0.01373
0 0.6411 0.03438 0.01792 0.01698
0 0.57715 0.07255 0.01857 0.01475
0 0.57625 0.11157 0.01855 0.01957
0 0.53945 0.1 0.0164 0.01965
0 0.5719 0.27442 0.01702 0.01673
0 0.5341 0.3956 0.0182 0.01622
0 0.64117 0.3685 0.01808 0.01738
0 0.59767 0.43595 0.0168 0.0201
0 0.63462 0.46985 0.01923 0.01827
0 0.58172 0.49152 0.02057 0.01698
0 0.62 0.6625 0.02 0.0175
0 0.645 0.55125 0.02 0.02
0 0.685 0.5925 0.02 0.0175
0 0.68875 0.8075 0.02 0.025
0 0.7575 0.8425 0.0175 0.0225
0 0.775 0.83625 0.0225 0.0275
0 0.63125 0.67625 0.025 0.015
0 0.55625 0.8725 0.025 0.0225
0 0.55875 0.71625 0.0225 0.02
0 0.62625 0.72125 0.02 0.0175
0 0.56125 0.6325 0.0225 0.0225
0 0.53 0.6475 0.0225 0.015
0 0.54875 0.66125 0.025 0.0175
0 0.71625 0.805 0.02 0.02
0 0.58 0.55875 0.02 0.02
0 0.62875 0.5325 0.02 0.02
0 0.53375 0.8625 0.02 0.02
0 0.58125 0.82875 0.02 0.02
0 0.58102 0.63967 0.0201 0.01887
