0 0.32625 0.21375 0.03 0.025
0 0.38125 0.1625 0.025 0.02
0 0.0325 0.27625 0.0175 0.0175
0 0.14125 0.145 0.03 0.02
0 0.395 0.07875 0.02 0.02
0 0.20125 0.4057 0.025 0.0275
0 0.315 0.0925 0.0225 0.0225
0 0.28125 0.11 0.025 0.0225
0 0.22625 0.20375 0.0225 0.0225
0 0.26375 0.19875 0.02 0.02
0 0.24528 0.13708 0.01905 0.02115
0 0.2115 0.11685 0.01407 0.0249
0 0.22567 0.13102 0.0174 0.03157
0 0.07065 0.22457 0.01717 0.02163
0 0.40927 0.41253 0.0215 0.02368
0 0.11615 0.35965 0.02152 0.02042
0 0.07293 0.27453 0.01733 0.01995
0 0.31347 0.4041 0.01907 0.0216
0 0.0391 0.45862 0.01457 0.01957
0 0.17185 0.08503 0.01755 0.0226
