0 0.075 0.32 0.02 0.0225
0 0.06625 0.43125 0.025 0.0175
0 0.07 0.45125 0.02 0.02
0 0.03483 0.19955 0.01785 0.02053
0 0.05447 0.18972 0.01965 0.02053
0 0.05357 0.2933 0.02142 0.01875
0 0.08615 0.29375 0.02053 0.01965
0 0.06697 0.2674 0.01785 0.02053
0 0.07143 0.16385 0.01785 0.02053
0 0.0933 0.12722 0.01698 0.01875
0 0.365 0.65 0.025 0.02
0 0.26455 0.6717 0.02482 0.0216
0 0.30323 0.68125 0.02572 0.02678
0 0.08625 0.7375 0.02 0.02
0 0.09125 0.755 0.0225 0.0175
0 0.225 0.715 0.025 0.025
0 0.09125 0.7525 0.0225 0.0225
0 0.115 0.66875 0.0275 0.0275
0 0.35447 0.55402 0.01785 0.02232
0 0.08035 0.76785 0.01607 0.01965
