0 0.795 0.40125 0.0225 0.0175
0 0.37375 0.35875 0.025 0.0225
0 0.08 0.4025 0.0225 0.025
0 0.6075 0.07 0.0175 0.0225
0 0.575 0.03875 0.02 0.02
0 0.8475 0.60125 0.0275 0.0225
0 0.587075 0.073075 0.023575 0.025525000000000003
0 0.913025 0.618925 0.020675 0.02175
0 0.88875 0.32875 0.0275 0.0175
0 0.966225 0.98425 0.0187 0.020375
0 0.89875 0.3875 0.0225 0.0225
0 0.75125 0.09375 0.0225 0.02
0 0.84875 0.5425 0.02 0.02
0 0.35375 0.28 0.02 0.02
0 0.575375 0.10755 0.019275 0.019925
0 0.36469999999999997 0.248275 0.022275 0.017975
0 0.8562000000000001 0.36292499999999994 0.01775 0.020499999999999997
0 0.9848 0.143375 0.0196 0.0189
0 0.7456999999999999 0.110525 0.02355 0.018225
0 0.567825 0.125225 0.019575 0.016525
0 0.8068500000000001 0.35377499999999995 0.022625000000000003 0.020025
0 0.8776 0.38325000000000004 0.023075000000000002 0.021875
0 0.9712999999999999 0.34722499999999995 0.019375 0.019450000000000002
0 0.42865000000000003 0.0949 0.021575 0.020125
0 0.06695000000000001 0.9531000000000001 0.0196 0.016925
0 0.080925 0.97075 0.018975 0.0192
0 0.090475 0.8630249999999999 0.022000000000000002 0.02245
0 0.7601 0.97555 0.01485 0.017150000000000002
0 0.746 0.026425 0.018775 0.0207