0 0.91625 0.2025 0.0225 0.02
0 0.8575 0.4725 0.03 0.025
0 0.33 0.13125 0.0225 0.025
0 0.14125 0.10875 0.03 0.025
0 0.2525 0.09625 0.02 0.02
0 0.29625 0.11 0.0225 0.02
0 0.47625 0.165 0.0225 0.02
0 0.10125 0.2125 0.0225 0.025
0 0.16375 0.34375 0.0225 0.0175
0 0.075 0.65625 0.02 0.0175
0 0.4475 0.6475 0.0225 0.0175
0 0.21875 0.705 0.02 0.025
0 0.33 0.59 0.0225 0.0225
0 0.24375 0.06875 0.015 0.015
0 0.8875 0.0825 0.0225 0.0225
0 0.05625 0.71625 0.0225 0.015
0 0.67875 0.7675 0.0175 0.02
0 0.05 0.5425 0.02 0.02
0 0.94875 0.38125 0.0225 0.02
0 0.1725 0.19625 0.0225 0.02
0 0.45 0.1425 0.0175 0.02
0 0.37125 0.14375 0.0275 0.02
0 0.48875 0.19625 0.0225 0.02
0 0.9075 0.39625 0.0175 0.02
0 0.435 0.07125 0.0175 0.0225
0 0.91 0.22625 0.02 0.0175
0 0.81375 0.92875 0.015 0.0175
0 0.3825 0.95125 0.025 0.02
0 0.14875 0.23875 0.0225 0.02
0 0.72625 0.9675 0.0225 0.025
0 0.04625 0.6875 0.0225 0.0225
0 0.3121 0.37165 0.0225 0.0225
0 0.86595 0.071475 0.02 0.02