0 0.4275 0.165 0.025 0.0175
0 0.0875 0.2475 0.02 0.02
0 0.36625 0.255 0.025 0.015
0 0.33375 0.33125 0.025 0.0225
0 0.35625 0.285 0.0175 0.0175
0 0.6025 0.37375 0.0225 0.025
0 0.065 0.635 0.03 0.02
0 0.2 0.64 0.0275 0.02
0 0.9275 0.45 0.025 0.025
0 0.08375 0.55875 0.025 0.0225
0 0.315 0.61625 0.02 0.0175
0 0.09875 0.30625 0.0225 0.03
0 0.035 0.95 0.0175 0.02
0 0.40625 0.3925 0.025 0.025
0 0.8325 0.42 0.015 0.015
0 0.04625 0.38875 0.0175 0.015
0 0.9475 0.79125 0.0175 0.015
0 0.3925 0.305 0.02 0.02
0 0.06 0.29125 0.02 0.02
0 0.13875 0.56 0.02 0.0175