0 0.16185 0.79497 0.0222 0.02385
0 0.16263 0.76638 0.02255 0.02278
0 0.27875 0.1725 0.02 0.02
0 0.32725 0.1747 0.02303 0.0219
0 0.31763 0.13875 0.0225 0.0225
0 0.26585 0.69722 0.02 0.02
0 0.36025 0.1895 0.02227 0.0147
0 0.31078 0.22087 0.01442 0.01673
0 0.29185 0.23135 0.01582 0.01448
0 0.33347 0.23192 0.01337 0.01383
0 0.319 0.19858 0.013 0.015
0 0.26552 0.1283 0.01855 0.02268
0 0.22815 0.9077 0.02595 0.01897
0 0.23013 0.94675 0.02278 0.0167
0 0.32435 0.928 0.01657 0.0167
0 0.1656 0.87585 0.0205 0.02132
0 0.26043 0.83822 0.0137 0.01215
0 0.2709 0.84097 0.0189 0.02123
0 0.935 0.68875 0.025 0.0225
0 0.91875 0.78 0.02 0.0225
0 0.96625 0.76375 0.0225 0.02
0 0.94 0.7525 0.015 0.0175
0 0.935 0.68875 0.025 0.0225
