0 0.6325 0.38375 0.025 0.0225
0 0.90125 0.54125 0.0225 0.02
0 0.6413249999999999 0.281375 0.02245 0.017
0 0.57875 0.28875 0.0175 0.0175
0 0.61 0.2725 0.0175 0.02
0 0.51625 0.1675 0.02 0.02
0 0.8175 0.13625 0.0175 0.0175
0 0.36875 0.1575 0.025 0.0225
0 0.43625 0.15625 0.015 0.015
0 0.45 0.1675 0.0175 0.0175
0 0.6925 0.32625 0.025 0.0175
0 0.84875 0.47125 0.015 0.0175
0 0.87375 0.20625 0.02 0.02
0 0.79125 0.6725 0.02 0.0175
0 0.78375 0.46375 0.02 0.015
0 0.20125 0.82125 0.0225 0.0225
0 0.21625 0.77125 0.02 0.02
0 0.206925 0.7988 0.0195 0.021150000000000002
0 0.1225 0.6575 0.02 0.02
0 0.06 0.10375 0.0225 0.02
0 0.81375 0.4775 0.02 0.02
0 0.9475 0.73125 0.0175 0.0175
0 0.5325 0.3675 0.02 0.02
0 0.87375 0.54625 0.02 0.02
0 0.455 0.15 0.02 0.025
0 0.05 0.15625 0.02 0.025
0 0.72625 0.3925 0.0225 0.0175
0 0.8553000000000001 0.61155 0.02 0.02
0 0.7425 0.62875 0.0175 0.0175
0 0.1865 0.71485 0.022000000000000002 0.022225
0 0.020325000000000003 0.0975 0.0225 0.0225
0 0.77375 0.03 0.0225 0.0225
0 0.59375 0.39375 0.02 0.02
0 0.7225 0.34375 0.02 0.02
0 0.9525 0.34625 0.02 0.02
0 0.72625 0.41875 0.02 0.02
0 0.32625 0.10375 0.02 0.0175
0 0.16 0.58 0.0225 0.0225
0 0.81875 0.11375 0.025 0.025
0 0.27775 0.7812 0.021575 0.01955
0 0.7792749999999999 0.104125 0.0175 0.017175
0 0.12415 0.5492750000000001 0.017925 0.0218
0 0.20984999999999998 0.7156999999999999 0.016 0.01325
0 0.5135000000000001 0.187075 0.015875 0.016925
0 0.5379999999999999 0.154225 0.018875 0.024525
0 0.93865 0.68635 0.016575 0.0227
0 0.8808 0.301725 0.016975 0.0195
0 0.9038249999999999 0.30795 0.01655 0.019475
0 0.930625 0.29945 0.0148 0.018574999999999998
0 0.455725 0.10310000000000001 0.016825 0.0187
0 0.913625 0.7028749999999999 0.016525 0.02005