0 0.1925 0.6625 0.0175 0.0225
0 0.17625 0.6625 0.02 0.02
0 0.155 0.6525 0.025 0.0175
0 0.12625 0.5425 0.0175 0.0225
0 0.1425 0.57625 0.025 0.025
0 0.1 0.36 0.0225 0.02
0 0.2775 0.85125 0.0175 0.02
0 0.04 0.6675 0.0275 0.0225
0 0.08375 0.32 0.0225 0.02
0 0.1075 0.8625 0.025 0.025
0 0.255 0.93625 0.02 0.025
0 0.0825 0.47875 0.02 0.015
0 0.12875 0.48875 0.02 0.015
0 0.11875 0.4725 0.0225 0.0175
0 0.2575 0.89375 0.025 0.015
0 0.145 0.0325 0.0225 0.0175
0 0.48875 0.11 0.0225 0.0175
0 0.14875 0.41 0.0225 0.02
0 0.2825 0.17875 0.0225 0.0225
0 0.1075 0.56125 0.02 0.0175
0 0.24375 0.97625 0.0275 0.0275
0 0.235 0.8475 0.0225 0.0225
0 0.02625 0.32875 0.02 0.02
0 0.13625 0.28875 0.0225 0.0225
0 0.17375 0.7175 0.02 0.0175
0 0.21875 0.5675 0.025 0.025
0 0.60875 0.2025 0.025 0.02
0 0.6025 0.18 0.025 0.02
0 0.52625 0.1325 0.0175 0.02
0 0.53 0.2675 0.025 0.0225
0 0.6275 0.15125 0.0275 0.0225
0 0.60875 0.29375 0.025 0.02
0 0.65 0.05125 0.0225 0.0175
0 0.55875 0.32 0.0225 0.0225
