0 0.12665 0.12235 0.01937 0.0197
0 0.10088 0.07393 0.01957 0.02105
0 0.04093 0.03007 0.01758 0.02085
0 0.35447 0.17748 0.01788 0.02283
0 0.26988 0.4924 0.01833 0.01518
0 0.30105 0.23128 0.02353 0.02148
0 0.33292 0.1689 0.01405 0.0146
0 0.45112 0.05535 0.01655 0.01963
0 0.26282 0.33877 0.01673 0.01685
0 0.27827 0.35487 0.01845 0.01702
0 0.57532 0.31235 0.0185 0.0211
0 0.32178 0.31927 0.01857 0.02072
0 0.3237 0.37075 0.0203 0.01837
0 0.44362 0.12628 0.01582 0.01862
0 0.10773 0.14263 0.01367 0.01385
0 0.11163 0.16305 0.01603 0.01317
0 0.25152 0.26335 0.0189 0.02342
0 0.6875 0.62 0.02 0.0225
0 0.70875 0.58375 0.0225 0.0225
0 0.73 0.7225 0.02 0.0175
0 0.83412 0.7481 0.01975 0.01893
0 0.93375 0.70375 0.0225 0.0225
0 0.83 0.73625 0.02 0.02
0 0.95058 0.5814 0.01903 0.02353
0 0.29448 0.5076 0.01933 0.01518
