0 0.07125 0.29125 0.025 0.0225
0 0.0975 0.28875 0.015 0.02
0 0.1625 0.7975 0.0275 0.0275
0 0.24 0.84375 0.0225 0.0225
0 0.3725 0.92375 0.03 0.0275
0 0.28625 0.825 0.0225 0.0225
0 0.08625 0.3425 0.02 0.02
0 0.265 0.8625 0.02 0.02
0 0.1325 0.86 0.02 0.02
0 0.34125 0.86125 0.02 0.02
0 0.0725 0.39625 0.02 0.02
0 0.19625 0.75 0.0225 0.0225
0 0.40375 0.8425 0.02 0.02
0 0.05 0.35 0.0175 0.0175
0 0.37875 0.51375 0.02 0.02
0 0.18 0.29875 0.02 0.02
0 0.8275 0.11375 0.02 0.02
0 0.86625 0.12125 0.025 0.0275
0 0.55375 0.87375 0.02 0.02
0 0.61875 0.93875 0.0225 0.0225
0 0.58 0.89 0.02 0.0175
0 0.65875 0.885 0.0175 0.02
0 0.87125 0.21875 0.02 0.02
0 0.7775 0.1975 0.025 0.02
0 0.7675 0.96875 0.025 0.025
0 0.5525 0.4375 0.025 0.0225
0 0.9775 0.6725 0.02 0.02
0 0.7925 0.89625 0.0225 0.02
0 0.85 0.92125 0.02 0.02
0 0.86625 0.705 0.02 0.02
