0 0.15 0.04125 0.035 0.0325
0 0.15 0.09125 0.02 0.025
0 0.385 0.07375 0.0225 0.0175
0 0.43375 0.01375 0.0225 0.02
0 0.42375 0.03125 0.025 0.0225
0 0.4575 0.015 0.03 0.0225
0 0.4925 0.0625 0.02 0.0225
0 0.75125 0.10625 0.0275 0.0275
0 0.65375 0.1625 0.0225 0.0225
0 0.66375 0.17625 0.0275 0.0275
0 0.7875 0.27375 0.02 0.02
0 0.81125 0.28625 0.02 0.0175
0 0.62125 0.47125 0.0225 0.0175
0 0.90625 0.24875 0.0175 0.02
0 0.6075 0.875 0.025 0.025
0 0.5775 0.87125 0.0225 0.02
0 0.63 0.96 0.02 0.0275
0 0.64875 0.96375 0.02 0.025
0 0.66125 0.90625 0.0175 0.0225
0 0.54875 0.905 0.0225 0.0225
0 0.4525 0.82375 0.03 0.0225
0 0.35375 0.81375 0.0375 0.0275
0 0.365 0.7325 0.0275 0.015
0 0.37125 0.745 0.0225 0.0175
0 0.425 0.79 0.0225 0.0225
0 0.3875 0.8475 0.0175 0.0225
0 0.31125 0.79 0.025 0.0225
0 0.31125 0.8125 0.025 0.0225
0 0.3375 0.7625 0.025 0.02
0 0.3525 0.7825 0.025 0.0175
0 0.29625 0.75 0.0225 0.0175
0 0.2975 0.7325 0.025 0.0175
0 0.28625 0.7125 0.03 0.0175
0 0.3125 0.7175 0.02 0.015
0 0.3525 0.66125 0.0175 0.0175
0 0.2575 0.53875 0.0275 0.0275
0 0.29 0.5675 0.03 0.0275
0 0.415 0.6175 0.02 0.0225
0 0.42875 0.63125 0.015 0.0275
0 0.455 0.65625 0.025 0.02
0 0.52875 0.67375 0.0225 0.0175
0 0.565 0.65625 0.0275 0.0175
0 0.48375 0.62375 0.02 0.025
0 0.46625 0.59625 0.0175 0.025
0 0.49625 0.5675 0.0275 0.02
0 0.4875 0.585 0.025 0.025
0 0.5125 0.59 0.015 0.015
0 0.65875 0.7975 0.03 0.0225
0 0.5325 0.5725 0.0225 0.015
0 0.495 0.5275 0.025 0.02
0 0.4875 0.48125 0.0325 0.02
0 0.44875 0.4625 0.0275 0.02
0 0.44 0.4975 0.025 0.0175
0 0.46875 0.515 0.0275 0.02
0 0.3525 0.40375 0.025 0.025
0 0.4175 0.38625 0.02 0.0175
0 0.215 0.3075 0.0225 0.02
0 0.21625 0.33125 0.025 0.025
0 0.37125 0.34375 0.02 0.02
0 0.395 0.35625 0.03 0.0175
0 0.1625 0.225 0.0275 0.0225
0 0.14125 0.2675 0.0275 0.0225
0 0.02125 0.2375 0.02 0.02
0 0.01 0.3325 0.0175 0.0225
0 0.42125 0.305 0.0275 0.02
0 0.86 0.805 0.0225 0.0225
0 0.7536 0.288075 0.02 0.02
0 0.445 0.30625 0.0225 0.0225
0 0.4764 0.44095 0.0225 0.0225
0 0.5075 0.4 0.025 0.025
0 0.52 0.9575 0.02 0.02
0 0.3864 0.09595000000000001 0.0175 0.0175