0 0.0525 0.21375 0.03 0.025
0 0.435 0.20125 0.025 0.02
0 0.45875 0.18875 0.02 0.02
0 0.26125 0.1275 0.02 0.03
0 0.43375 0.2725 0.025 0.03
0 0.29125 0.13875 0.02 0.02
0 0.2675 0.0525 0.0175 0.0175
0 0.23 0.05 0.0175 0.015
0 0.16 0.30875 0.0175 0.0275
0 0.93125 0.57875 0.02 0.0175
0 0.63375 0.07125 0.02 0.0175
0 0.89375 0.5525 0.02 0.0225
0 0.595 0.0425 0.0275 0.02
0 0.83375 0.6775 0.02 0.0225
0 0.69625 0.03625 0.025 0.0275
0 0.85625 0.70625 0.0225 0.02
0 0.58625 0.0725 0.0225 0.0225
0 0.66125 0.7975 0.0225 0.02
0 0.725 0.8825 0.03 0.03
0 0.69875 0.1875 0.0225 0.0225
0 0.86 0.68125 0.0225 0.02
0 0.64125 0.06 0.0225 0.0225
