0 0.648225 0.09955 0.029674999999999997 0.026549999999999997
0 0.826575 0.299025 0.0215 0.02315
0 0.794675 0.2507 0.027275 0.028450000000000003
0 0.82125 0.21875 0.025 0.025
0 0.348375 0.84015 0.031875 0.022525
0 0.1697 0.824575 0.03305 0.024275
0 0.226025 0.85065 0.029750000000000002 0.025575
0 0.2275 0.91 0.0225 0.025
0 0.8317749999999999 0.029175 0.0191 0.021275
0 0.675475 0.172425 0.02205 0.02315
0 0.75125 0.14625 0.0225 0.0225
0 0.64685 0.13699999999999998 0.022324999999999998 0.02075
0 0.8775 0.1975 0.02 0.02
0 0.81125 0.29 0.0175 0.0225
0 0.85185 0.09305 0.018425 0.0285
0 0.73125 0.18375 0.0225 0.0275
0 0.70625 0.18625 0.0175 0.02
0 0.770625 0.021775000000000003 0.020274999999999998 0.0256
0 0.92 0.085 0.025 0.025
0 0.74875 0.23 0.0225 0.0225
0 0.20440000000000003 0.9090250000000001 0.01955 0.01985
0 0.830875 0.01085 0.02245 0.017975
0 0.0932 0.69975 0.022099999999999998 0.022725
0 0.25005 0.6709999999999999 0.0233 0.018799999999999997