0 0.0875 0.40375 0.0225 0.0225
0 0.7425 0.24125 0.025 0.0225
0 0.83625 0.3625 0.02 0.02
0 0.86 0.4825 0.0225 0.02
0 0.71625 0.02625 0.025 0.0225
0 0.855 0.3425 0.02 0.0175
0 0.8525 0.38 0.02 0.02
0 0.79 0.485 0.025 0.0225
0 0.78465 0.4378 0.0182 0.01558
0 0.83375 0.305 0.02 0.0175
0 0.76 0.43 0.02 0.02
0 0.85375 0.42 0.02 0.02
0 0.84 0.4425 0.02 0.02
0 0.82625 0.32 0.02 0.02
0 0.895 0.40625 0.02 0.02
0 0.80828 0.4411 0.01907 0.01777
0 0.93875 0.23 0.0225 0.0225
0 0.8125 0.265 0.02 0.02
0 0.895 0.3325 0.0175 0.0175
0 0.67625 0.54875 0.0225 0.02
0 0.7675 0.64125 0.02 0.02
0 0.78 0.52875 0.025 0.025
0 0.87375 0.58 0.0225 0.02
0 0.9175 0.81 0.03 0.0275
0 0.97125 0.87375 0.025 0.0225
0 0.8625 0.89 0.0225 0.02
0 0.91125 0.8675 0.0225 0.02
0 0.69125 0.58625 0.0225 0.0225
0 0.79875 0.7275 0.02 0.02
0 0.81625 0.7475 0.0225 0.0225
0 0.8175 0.60875 0.0275 0.025
0 0.87375 0.58 0.0225 0.02
0 0.7825 0.675 0.0225 0.0225
0 0.81125 0.82 0.0225 0.0225
0 0.7825 0.5875 0.0225 0.0225
0 0.82875 0.8925 0.02 0.02
0 0.84125 0.5675 0.0225 0.0225
0 0.92 0.71375 0.0275 0.0275
0 0.8575 0.64125 0.0225 0.0225
0 0.9025 0.755 0.0225 0.02
0 0.9075 0.73875 0.0225 0.0225
0 0.79875 0.65375 0.025 0.025
0 0.86875 0.5375 0.0225 0.0225
0 0.96125 0.8975 0.0225 0.02
0 0.80875 0.84625 0.0225 0.0225
0 0.8325 0.54125 0.02 0.02
0 0.835 0.71375 0.0225 0.0225
0 0.8575 0.81 0.0225 0.0225
0 0.9675 0.93 0.025 0.025
0 0.875 0.76625 0.0225 0.0225
0 0.93275 0.68615 0.0266 0.0276
0 0.95388 0.73117 0.0266 0.02708
0 0.81152 0.69212 0.02445 0.01805
0 0.8076 0.70953 0.02445 0.0195
0 0.82967 0.62762 0.02248 0.01558
0 0.88212 0.55973 0.02737 0.0259
0 0.83458 0.64233 0.0215 0.0185
0 0.85515 0.61807 0.02053 0.01997
0 0.93843 0.92847 0.018 0.02618
0 0.6599 0.65332 0.0253 0.02517
0 0.68233 0.75835 0.03632 0.02583
