0 0.0475 0.15 0.02 0.0175
0 0.13125 0.29625 0.0225 0.02
0 0.9025 0.4325 0.025 0.0225
0 0.73875 0.34875 0.02 0.02
0 0.77 0.3725 0.0225 0.0225
0 0.69375 0.4725 0.0225 0.0225
0 0.795 0.4425 0.025 0.0225
0 0.07 0.155 0.0225 0.02
0 0.855 0.59875 0.025 0.0225
0 0.84125 0.6825 0.02 0.02
0 0.96375 0.8925 0.03 0.0275
0 0.90625 0.54125 0.0225 0.0275
0 0.88625 0.52 0.02 0.0175
0 0.865 0.51 0.02 0.0175
0 0.96875 0.61375 0.025 0.025
0 0.97375 0.665 0.0225 0.0175
0 0.7825 0.6725 0.0175 0.0175
0 0.79875 0.6725 0.02 0.015
0 0.9725 0.85 0.015 0.0175
0 0.7475 0.96625 0.025 0.0175
0 0.935 0.93625 0.0225 0.0225
0 0.18125 0.68875 0.0225 0.025
0 0.17875 0.79 0.025 0.0325
0 0.3125 0.8225 0.025 0.0175
0 0.085 0.96 0.03 0.025
0 0.12625 0.87875 0.0225 0.0225
0 0.8125 0.87125 0.025 0.025
0 0.1225 0.85375 0.0225 0.02
0 0.07625 0.825 0.02 0.02
0 0.7856 0.89625 0.0225 0.0225
0 0.96625 0.785 0.0225 0.0225
0 0.425 0.84625 0.025 0.0225
0 0.69875 0.96125 0.02 0.02
0 0.99 0.8675 0.02 0.02
