0 0.39875 0.155 0.02 0.025
0 0.39375 0.1825 0.0225 0.0275
0 0.36375 0.18 0.025 0.02
0 0.35375 0.13 0.0225 0.025
0 0.3425 0.175 0.02 0.025
0 0.4325 0.1425 0.03 0.0275
0 0.5025 0.1375 0.0225 0.02
0 0.4675 0.0175 0.025 0.0225
0 0.54875 0.01125 0.02 0.0225
0 0.69 0.58125 0.0225 0.025
0 0.715 0.42375 0.02 0.02
0 0.5325 0.69 0.025 0.02
0 0.67 0.675 0.02 0.025
0 0.68875 0.645 0.0225 0.02
0 0.6675 0.65 0.0225 0.02
0 0.8925 0.27 0.025 0.0225
0 0.7225 0.25625 0.025 0.025
0 0.49125 0.06 0.02 0.02
0 0.750175 0.282775 0.015349999999999999 0.018025
0 0.53625 0.665 0.025 0.0225
0 0.53375 0.710725 0.023225 0.02215
0 0.53375 0.57 0.0225 0.0225
0 0.80625 0.09375 0.025 0.025
0 0.8025 0.28375 0.02 0.02
0 0.60125 0.67625 0.0225 0.02
0 0.53875 0.78625 0.02 0.02
0 0.527675 0.044649999999999995 0.017849999999999998 0.016075
0 0.623225 0.02365 0.016075 0.016975
0 0.990625 0.18927499999999997 0.01875 0.021425
0 0.422775 0.1741 0.020525 0.017849999999999998
0 0.514275 0.55535 0.017849999999999998 0.017849999999999998
0 0.71115 0.6513500000000001 0.016975 0.015175000000000001
0 0.714275 0.627675 0.016075 0.016075
0 0.685725 0.99285 0.017849999999999998 0.014275
0 0.7607250000000001 0.28614999999999996 0.016075 0.01875