0 0.3625 0.07625 0.025 0.0225
0 0.55125 0.18125 0.0225 0.0275
0 0.7625 0.1925 0.02 0.0225
0 0.95375 0.365 0.025 0.0175
0 0.96 0.34125 0.02 0.025
0 0.74875 0.09625 0.025 0.0275
0 0.88625 0.18375 0.0175 0.025
0 0.8325 0.1975 0.0225 0.0225
0 0.71625 0.13125 0.015 0.0275
0 0.54625 0.02875 0.0225 0.0225
0 0.40375 0.13125 0.0225 0.0225
0 0.5575 0.13125 0.02 0.015
0 0.5175 0.06625 0.0225 0.015
0 0.6525 0.06 0.0325 0.035
0 0.72625 0.23125 0.02 0.025
0 0.49125 0.1725 0.02 0.0275
0 0.4975 0.09625 0.02 0.02
0 0.32625 0.05625 0.025 0.025
0 0.655 0.11375 0.02 0.015
0 0.76125 0.32125 0.0175 0.0175
0 0.4175 0.1125 0.02 0.025
0 0.615 0.0425 0.02 0.02
0 0.62 0.125 0.02 0.02
0 0.73875 0.29125 0.0175 0.0225
0 0.54125 0.1225 0.0175 0.0175
0 0.54 0.14375 0.0175 0.0175
0 0.6625 0.25 0.0225 0.02
0 0.72 0.1 0.0175 0.0175
0 0.385 0.1125 0.02 0.02
0 0.45 0.0575 0.0225 0.025
0 0.63125 0.23125 0.0175 0.02
0 0.82125 0.16625 0.0225 0.0225
0 0.8425 0.17625 0.02 0.0225
0 0.30125 0.83 0.0175 0.0175
0 0.26875 0.90125 0.0175 0.025
0 0.55875 0.76 0.015 0.02
0 0.885 0.63625 0.0175 0.015
0 0.65755 0.96487 0.0201 0.02475
0 0.3775 0.705 0.0225 0.02
0 0.4625 0.77 0.015 0.015
0 0.52125 0.9075 0.015 0.02
