0 0.45875 0.91375 0.025 0.0175
0 0.35875 0.24625 0.025 0.02
0 0.3975 0.68625 0.025 0.0225
0 0.54 0.95125 0.02 0.02
0 0.44 0.19 0.0225 0.0225
0 0.10375 0.32375 0.0225 0.02
0 0.35625 0.17375 0.0275 0.0275
0 0.405 0.7475 0.0225 0.0225
0 0.33125 0.24625 0.0225 0.0225
0 0.0575 0.88125 0.02 0.02
0 0.9 0.78125 0.0225 0.0225
0 0.5375 0.48375 0.0225 0.02
0 0.105 0.578425 0.02 0.02
0 0.6017750000000001 0.9076000000000001 0.021425 0.0259
0 0.9174 0.814275 0.01875 0.017849999999999998
0 0.904475 0.5821500000000001 0.01965 0.021425
0 0.9326000000000001 0.789275 0.01875 0.01965
0 0.48034999999999994 0.502675 0.017849999999999998 0.017849999999999998
0 0.45135 0.61115 0.01875 0.01875
0 0.45535 0.59465 0.017849999999999998 0.016075
0 0.5647249999999999 0.7540250000000001 0.022324999999999998 0.0259
0 0.645975 0.671875 0.0241 0.022324999999999998
0 0.5915250000000001 0.9558 0.022324999999999998 0.0259
0 0.6115999999999999 0.9558 0.017849999999999998 0.01875
0 0.10535 0.9423999999999999 0.025 0.020525
0 0.3558 0.023225 0.027675 0.026775000000000004
0 0.29107500000000003 0.058475 0.021425 0.022324999999999998
0 0.88615 0.30267499999999997 0.022324999999999998 0.01965
0 0.37097499999999994 0.1424 0.01875 0.01875
0 0.295525 0.077675 0.01965 0.01965
0 0.308475 0.030350000000000002 0.020525 0.01965
0 0.25 0.10490000000000001 0.023225 0.022324999999999998
0 0.3 0.129025 0.023225 0.015175000000000001
0 0.3116 0.147775 0.021425 0.0134