0 0.0225 0.90875 0.0175 0.0175
0 0.4575 0.9375 0.025 0.0225
0 0.28375 0.74375 0.0225 0.025
0 0.315 0.75875 0.025 0.02
0 0.42 0.65625 0.015 0.0175
0 0.43125 0.655 0.02 0.02
0 0.45375 0.6075 0.0175 0.0225
0 0.415 0.71625 0.0175 0.025
0 0.19 0.48375 0.0225 0.0175
0 0.21875 0.48875 0.03 0.025
0 0.21125 0.5575 0.0225 0.0225
0 0.19125 0.60375 0.025 0.015
0 0.1875 0.66 0.0175 0.0175
0 0.23625 0.685 0.0175 0.02
0 0.36625 0.65375 0.0175 0.02
0 0.27 0.5175 0.0175 0.0225
0 0.32375 0.48375 0.0175 0.02
0 0.26625 0.4425 0.015 0.015
0 0.28625 0.42375 0.0225 0.0175
0 0.2925 0.44125 0.02 0.0125
0 0.34 0.46875 0.02 0.0225
0 0.4325 0.4625 0.02 0.02
0 0.46875 0.43 0.0225 0.0175
0 0.45 0.385 0.02 0.0175
0 0.24125 0.335 0.025 0.0275
0 0.12625 0.3475 0.02 0.0175
0 0.70625 0.29625 0.025 0.02
0 0.70875 0.57 0.025 0.0225
0 0.54 0.5625 0.0225 0.02
0 0.5475 0.5825 0.0175 0.0225
0 0.67 0.56375 0.0175 0.0175
0 0.68125 0.64625 0.02 0.025
0 0.565 0.64625 0.0225 0.025
0 0.57 0.67375 0.0175 0.02
0 0.57125 0.69375 0.02 0.025
0 0.55875 0.71625 0.02 0.0225
0 0.67375 0.73 0.02 0.025
0 0.64875 0.74875 0.0175 0.02
0 0.825 0.67125 0.025 0.02
0 0.85875 0.68875 0.0225 0.0225
0 0.805 0.725 0.0275 0.025
0 0.6975 0.73375 0.0225 0.025
0 0.72375 0.74625 0.0275 0.0325
0 0.7475 0.73875 0.0225 0.0275
0 0.94 0.8225 0.0225 0.02
0 0.895 0.87 0.0175 0.0225
0 0.91625 0.865 0.0225 0.0225
0 0.72875 0.635 0.02 0.015
0 0.735 0.5425 0.0225 0.02
0 0.56375 0.525 0.0225 0.025
0 0.70125 0.81 0.0225 0.015
0 0.83 0.8025 0.0225 0.0225
0 0.92875 0.735 0.025 0.0225
0 0.89125 0.9325 0.025 0.0275
0 0.79 0.84375 0.0225 0.0225
0 0.56875 0.92125 0.02 0.02
0 0.95125 0.4825 0.02 0.02
