0 0.94388 0.32295 0.03195 0.02555
0 0.96798 0.37427 0.0215 0.02417
0 0.9632 0.22888 0.02138 0.01972
0 0.94022 0.38403 0.0265 0.0283
0 0.4712 0.47665 0.0224 0.02082
0 0.9921 0.40358 0.01577 0.03037
0 0.67902 0.6026 0.0291 0.02803
0 0.86135 0.61303 0.02482 0.02285
0 0.22948 0.5908 0.01427 0.01698
0 0.27535 0.9666 0.02215 0.02322
0 0.49017 0.53947 0.02322 0.01965
0 0.59688 0.59982 0.02697 0.02608
0 0.57 0.71125 0.0225 0.025
0 0.38965 0.66973 0.02072 0.02197
0 0.2058 0.5675 0.02553 0.02142
0 0.1708 0.7075 0.0241 0.02
0 0.24035 0.77802 0.02572 0.02393
0 0.6409 0.615 0.02215 0.02393
0 0.1675 0.79 0.025 0.025
0 0.44135 0.6525 0.02125 0.01823
0 0.17573 0.82545 0.02285 0.02732
0 0.6583 0.80643 0.02232 0.02393
0 0.24027 0.58687 0.01518 0.01518
0 0.77625 0.61375 0.0225 0.0225
0 0.445 0.93 0.025 0.025
0 0.24 0.955 0.025 0.025
0 0.03572 0.74777 0.02142 0.02053
0 0.16965 0.58615 0.01607 0.01875
0 0.3299 0.90045 0.01518 0.01698
