0 0.3425 0.53625 0.0225 0.025
0 0.375 0.495 0.0225 0.0175
0 0.1125 0.53375 0.02 0.0175
0 0.21625 0.76 0.0175 0.02
0 0.22875 0.68375 0.02 0.0175
0 0.245 0.6875 0.015 0.0175
0 0.25375 0.54625 0.02 0.0175
0 0.26875 0.51375 0.015 0.0175
0 0.29600000000000004 0.490925 0.015 0.02
0 0.4775 0.46375 0.02 0.0175
0 0.41875 0.53625 0.015 0.0175
0 0.405 0.5275 0.015 0.0125
0 0.4075 0.39875 0.02 0.0175
0 0.28465 0.42615000000000003 0.014074999999999999 0.0158
0 0.63375 0.25125 0.0225 0.0225
0 0.64875 0.2875 0.015 0.025
0 0.789325 0.33942500000000003 0.016325 0.021349999999999997
0 0.795 0.69625 0.0225 0.02
0 0.74625 0.89125 0.02 0.0225
0 0.76875 0.9475 0.015 0.02
0 0.9539749999999999 0.8437 0.022075 0.0176
0 0.9575 0.775 0.02 0.0175
0 0.9625 0.79625 0.0175 0.015
0 0.63625 0.8725 0.0225 0.02
0 0.53 0.07875 0.02 0.02
0 0.81875 0.09125 0.0225 0.0175
0 0.85375 0.0625 0.0175 0.0175
0 0.78125 0.22375 0.0175 0.0175
0 0.805 0.23375 0.0175 0.0175
0 0.365 0.5675 0.0175 0.02
0 0.2375 0.5875 0.0225 0.0175
0 0.83 0.04875 0.025 0.025
0 0.312225 0.6763750000000001 0.021349999999999997 0.017124999999999998
0 0.76375 0.11125 0.0175 0.015
0 0.6775 0.245 0.0175 0.02
0 0.66345 0.09307499999999999 0.019424999999999998 0.016175
0 0.6736 0.42950000000000005 0.018875 0.01905
0 0.89125 0.5725 0.0225 0.0225
0 0.9075 0.55875 0.0175 0.02
0 0.1375 0.62625 0.02 0.02
0 0.0375 0.76875 0.025 0.025
0 0.0575 0.5891 0.02 0.02
0 0.6475 0.145 0.0175 0.0175
0 0.16625 0.35375 0.02 0.02
0 0.90625 0.89 0.0175 0.0175
0 0.0525 0.51125 0.02 0.02
0 0.74625 0.03375 0.02 0.02
0 0.36375 0.0225 0.0225 0.02
0 0.695 0.13 0.0225 0.0225
0 0.46125 0.405 0.02 0.0175
0 0.8575 0.09625 0.02 0.02
0 0.73875 0.8625 0.02 0.0175
0 0.7286499999999999 0.8587250000000001 0.019775 0.013875
0 0.61705 0.877275 0.01805 0.017025
0 0.610875 0.9047 0.01815 0.0183
0 0.16329999999999997 0.143675 0.01765 0.014150000000000001
0 0.162725 0.131475 0.0165 0.012975
0 0.11047499999999999 0.7273999999999999 0.017375 0.017325
0 0.0467 0.966575 0.0202 0.017075
0 0.314175 0.39065 0.021225 0.018799999999999997
0 0.32909999999999995 0.41729999999999995 0.015349999999999999 0.01855
0 0.36515000000000003 0.39065 0.016 0.017025
0 0.907875 0.688525 0.02825 0.028825
0 0.8896 0.874225 0.0203 0.012725
0 0.363475 0.41387500000000005 0.018025 0.017025