0 0.6945 0.597475 0.019 0.023225
0 0.7675 0.725 0.0225 0.02
0 0.911825 0.68625 0.021150000000000002 0.0239
0 0.940625 0.711425 0.023325 0.01895
0 0.84375 0.56375 0.02 0.0175
0 0.724025 0.6261 0.025325 0.026975
0 0.70625 0.43 0.0175 0.02
0 0.68375 0.42455 0.02 0.020925
0 0.955 0.2225 0.02 0.0175
0 0.9474750000000001 0.19445 0.022275 0.0231
0 0.895 0.9375 0.0175 0.015
0 0.850875 0.744875 0.022275 0.01525
0 0.94625 0.6225 0.0175 0.015
0 0.73375 0.515 0.0175 0.0125
0 0.75 0.52875 0.02 0.0175
0 0.062 0.100275 0.021724999999999998 0.021675
0 0.9275 0.242475 0.020550000000000002 0.024525
0 0.73125 0.5525 0.02 0.02
0 0.7275 0.4125 0.0225 0.02
0 0.9875 0.42125 0.02 0.0275
0 0.98375 0.44 0.0175 0.0225
0 0.985 0.4575 0.02 0.02
0 0.943025 0.68915 0.0206 0.018625
0 0.7425 0.3525 0.025 0.025
0 0.09822499999999999 0.30125 0.0225 0.02
0 0.955 0.65625 0.02 0.0175
0 0.955 0.26625 0.02 0.02
0 0.8125 0.67375 0.02 0.02
0 0.97465 0.782875 0.018925 0.019299999999999998
0 0.802975 0.5260750000000001 0.01485 0.0182
0 0.8331999999999999 0.521625 0.014624999999999999 0.021825
0 0.746875 0.44282499999999997 0.013375 0.014225000000000002
0 0.749425 0.46880000000000005 0.0149 0.019725
0 0.865 0.5336500000000001 0.013925 0.015525
0 0.872975 0.514375 0.015625 0.016225
0 0.9728249999999999 0.1739 0.0171 0.019225000000000003
0 0.7708499999999999 0.21835000000000002 0.0167 0.01525
0 0.717225 0.35259999999999997 0.0184 0.014150000000000001
0 0.691275 0.27735 0.01825 0.015425
0 0.701725 0.285875 0.016175 0.017525
0 0.862975 0.5483250000000001 0.0169 0.01405
0 0.7907500000000001 0.66255 0.0172 0.025099999999999997
0 0.961225 0.48590000000000005 0.015300000000000001 0.02