0 0.6625 0.48625 0.0175 0.0225
0 0.59625 0.325 0.0175 0.0175
0 0.66875 0.325 0.0225 0.015
0 0.54125 0.105 0.025 0.02
0 0.475 0.19125 0.02 0.02
0 0.545 0.245 0.02 0.02
0 0.48 0.62375 0.0225 0.025
0 0.2375 0.90875 0.02 0.02
0 0.555 0.16 0.02 0.0175
0 0.68125 0.1325 0.015 0.0175
0 0.66875 0.78375 0.02 0.015
0 0.6725 0.755 0.0125 0.015
0 0.62625 0.1425 0.0225 0.0175
0 0.61875 0.12875 0.0125 0.0125
0 0.325 0.1 0.0225 0.0175
0 0.48875 0.23375 0.02 0.02
0 0.51625 0.245 0.02 0.02
0 0.56375 0.36875 0.025 0.0175
0 0.61625 0.36375 0.015 0.015
0 0.6425 0.05875 0.0225 0.0175
0 0.67125 0.11625 0.0175 0.02
0 0.705 0.09375 0.0225 0.02
0 0.6825 0.35375 0.0175 0.0175
0 0.56375 0.65875 0.025 0.015
0 0.77375 0.7825 0.02 0.0225
0 0.545 0.8525 0.02 0.0175
0 0.7175 0.07625 0.0175 0.025
0 0.65875 0.46125 0.0175 0.0175
0 0.03375 0.755 0.0175 0.015
0 0.6525 0.94625 0.025 0.0225
0 0.6975 0.3375 0.0175 0.0175
0 0.70375 0.3125 0.0225 0.0225
0 0.54875 0.08375 0.0225 0.0175
0 0.50625 0.15 0.0225 0.025
0 0.64125 0.7725 0.0225 0.0225
0 0.52875 0.5425 0.0225 0.02
0 0.64375 0.345 0.02 0.0175
0 0.44 0.65125 0.025 0.025
0 0.6103000000000001 0.75595 0.02 0.02
0 0.66 0.21375 0.02 0.02
0 0.6225 0.57625 0.02 0.02
0 0.5125 0.04625 0.0225 0.0225
0 0.59125 0.14875 0.02 0.02
0 0.615 0.11 0.02 0.02
0 0.47125 0.25 0.0175 0.0175
0 0.6025 0.38625 0.02 0.02
0 0.46125 0.8675 0.02 0.02
0 0.06375 0.31375 0.02 0.02
0 0.6325 0.62 0.02 0.0225
0 0.03125 0.7775 0.0225 0.0225
0 0.70375 0.05125 0.0225 0.0225
0 0.305 0.935 0.025 0.025
0 0.44125 0.38625 0.02 0.0175
0 0.55 0.3275 0.02 0.02
0 0.56 0.61875 0.0225 0.0225