0 0.47375 0.265 0.02 0.0225
0 0.475 0.21 0.025 0.0175
0 0.3875 0.05 0.02 0.02
0 0.50375 0.46 0.02 0.02
0 0.45375 0.3725 0.02 0.015
0 0.45875 0.31 0.02 0.0175
0 0.56875 0.3425 0.02 0.02
0 0.495 0.07 0.0175 0.0175
0 0.41 0.13625 0.02 0.0175
0 0.43375 0.19875 0.0175 0.015
0 0.48125 0.1575 0.02 0.02
0 0.525 0.06 0.0175 0.0175
0 0.56 0.185 0.0275 0.0225
0 0.40375 0.1225 0.0175 0.0175
0 0.55875 0.24625 0.02 0.025
0 0.55625 0.22625 0.015 0.02
0 0.5025 0.23875 0.0175 0.015
0 0.63375 0.34875 0.025 0.0225
0 0.59625 0.36875 0.015 0.02
0 0.56125 0.315 0.0225 0.015
0 0.50875 0.03125 0.02 0.02
0 0.50625 0.0525 0.025 0.0225
0 0.38875 0.15625 0.02 0.02
0 0.3075 0.13125 0.02 0.0175
0 0.37 0.3075 0.0225 0.02
0 0.52 0.19625 0.0225 0.0225
0 0.36625 0.1875 0.0225 0.0225
0 0.65125 0.24625 0.0225 0.0225
0 0.41 0.18625 0.0175 0.0175
0 0.53375 0.24125 0.02 0.02
0 0.64605 0.29823 0.02042 0.01968
0 0.51413 0.06925 0.0164 0.0151
0 0.41287 0.15868 0.02248 0.01733
0 0.4335 0.17175 0.01873 0.0208
0 0.47248 0.2933 0.01935 0.01695
0 0.54153 0.28582 0.01878 0.01627
0 0.61647 0.2047 0.01685 0.01653
0 0.46953 0.19285 0.01585 0.01783
0 0.44123 0.43748 0.01635 0.0178
0 0.42205 0.32435 0.01912 0.02193
0 0.34917 0.6874 0.02335 0.02525
0 0.43 0.79375 0.0175 0.0175
0 0.3425 0.6375 0.015 0.015
0 0.3625 0.635 0.015 0.015
0 0.3975 0.73125 0.0225 0.0225
0 0.3425 0.59875 0.0175 0.015
0 0.3575 0.825 0.02 0.02
0 0.44125 0.5675 0.015 0.0175
0 0.43875 0.53125 0.02 0.0125
0 0.39125 0.6925 0.0225 0.0225
0 0.32375 0.87375 0.02 0.02
0 0.86625 0.78375 0.02 0.02
0 0.40807 0.83903 0.01613 0.01558
0 0.32 0.88375 0.02 0.02
0 0.48142 0.5076 0.02105 0.01518
0 0.3417 0.88123 0.0166 0.0161
0 0.42715 0.51335 0.01682 0.016
0 0.36478 0.78942 0.01705 0.01635
0 0.41978 0.84395 0.0194 0.02285
0 0.4353 0.80783 0.0169 0.0165
0 0.2446 0.86695 0.01777 0.01603
0 0.33145 0.75362 0.02005 0.01617
0 0.96145 0.63082 0.01577 0.02237
0 0.25293 0.8169 0.01657 0.02132
0 0.988 0.68723 0.01885 0.0191
