0 0.2675 0.235 0.0175 0.0175
0 0.28 0.20625 0.02 0.02
0 0.05 0.11125 0.0275 0.02
0 0.24375 0.53625 0.0175 0.0175
0 0.87 0.59375 0.02 0.0225
0 0.335 0.69375 0.0175 0.0175
0 0.04125 0.8325 0.025 0.025
0 0.0625 0.64625 0.02 0.02
0 0.06375 0.54125 0.0175 0.0225
0 0.25875 0.15125 0.02 0.0225
0 0.715 0.765 0.02 0.0175
0 0.74375 0.72125 0.0175 0.02
0 0.095 0.07125 0.02 0.02
0 0.3725 0.71375 0.02 0.02
0 0.7475 0.155 0.0225 0.02
0 0.0725 0.09375 0.02 0.02
0 0.275 0.97125 0.0225 0.0225
0 0.1975 0.5625 0.02 0.02
0 0.37125 0.6025 0.02 0.02
0 0.30625 0.24125 0.02 0.0175
0 0.02625 0.13375 0.02 0.02
0 0.21375 0.17375 0.02 0.02
0 0.03375 0.2025 0.0175 0.0175
0 0.765 0.80625 0.02 0.02
0 0.77625 0.2625 0.025 0.025
0 0.3425 0.625 0.02 0.02
0 0.015375000000000002 0.16625 0.02 0.02
0 0.345 0.28125 0.0175 0.0175
0 0.35625 0.2875 0.02 0.02
0 0.76625 0.7875 0.0175 0.0175