0 0.3075 0.64375 0.0175 0.0175
0 0.2575 0.68375 0.015 0.015
0 0.30875 0.71625 0.02 0.0175
0 0.11 0.6 0.02 0.0225
0 0.13625 0.5375 0.025 0.0225
0 0.14 0.57 0.0175 0.02
0 0.26875 0.60875 0.0175 0.015
0 0.285 0.57625 0.0225 0.0175
0 0.36 0.6025 0.02 0.0175
0 0.16 0.8675 0.02 0.025
0 0.18635000000000002 0.87625 0.016125 0.01725
0 0.565 0.50375 0.0175 0.0175
0 0.4025 0.51875 0.015 0.0175
0 0.07625 0.64625 0.0175 0.0175
0 0.56375 0.15125 0.0225 0.025
0 0.5275 0.12 0.0175 0.0175
0 0.4925 0.2475 0.0225 0.025
0 0.52375 0.2375 0.0225 0.0175
0 0.83 0.2225 0.0175 0.02
0 0.81 0.2175 0.0175 0.0225
0 0.5879249999999999 0.11220000000000001 0.020325000000000003 0.01965
0 0.61125 0.1425 0.0175 0.015
0 0.4425 0.45375 0.025 0.02
0 0.52375 0.45125 0.0175 0.0175
0 0.53625 0.43125 0.0175 0.02
0 0.82875 0.14625 0.0225 0.0225
0 0.91125 0.18625 0.02 0.025
0 0.60125 0.05 0.02 0.015
0 0.09875 0.795 0.02 0.0175
0 0.2361 0.6254500000000001 0.02 0.02
0 0.77125 0.40875 0.0175 0.02
0 0.065 0.57875 0.0175 0.0225
0 0.09375 0.4075 0.02 0.02
0 0.02875 0.6575 0.02 0.0225
0 0.0225 0.82875 0.0175 0.02
0 0.245 0.5725 0.02 0.02
0 0.49875 0.6175 0.015 0.0175
0 0.8825 0.135 0.02 0.02
0 0.48125 0.03625 0.0175 0.0175
0 0.435 0.1425 0.02 0.02
0 0.3975 0.605 0.0175 0.0175
0 0.385 0.625 0.02 0.02
0 0.56375 0.5475 0.015 0.0225
0 0.50625 0.21 0.0175 0.02
0 0.6275 0.1125 0.0175 0.015
0 0.63 0.09375 0.0275 0.0175
0 0.1 0.34375 0.025 0.0225
0 0.365 0.45375 0.0225 0.0225
0 0.245 0.7775 0.02 0.0175
0 0.05875 0.37 0.0225 0.0225
0 0.16625 0.79625 0.0225 0.0225
0 0.22875 0.79875 0.0225 0.0225
0 0.5475 0.61 0.02 0.02
0 0.5825 0.07375 0.02 0.02
0 0.135 0.7 0.0225 0.0225
0 0.9284749999999999 0.30875 0.0225 0.0225
0 0.615675 0.017725 0.01705 0.017575
0 0.61765 0.03675 0.02365 0.023475000000000003
0 0.8495 0.1294 0.016875 0.019525
0 0.67265 0.239125 0.018500000000000003 0.017525
0 0.68375 0.22355 0.019299999999999998 0.016774999999999998
0 0.18675 0.8325 0.01635 0.0168
0 0.12994999999999998 0.87345 0.017075 0.01655
0 0.147725 0.849075 0.0151 0.0178
0 0.09905 0.6537999999999999 0.016175 0.015625
0 0.096125 0.6198 0.019025 0.014575
0 0.3073 0.5180250000000001 0.018175 0.0182
0 0.22717500000000002 0.598675 0.01685 0.018799999999999997
0 0.067675 0.54025 0.0175 0.017975
0 0.114175 0.40387500000000004 0.016375 0.01725
0 0.08465 0.2509 0.01395 0.014325000000000001
0 0.10345 0.24962499999999999 0.016325 0.013225
0 0.109875 0.22982500000000003 0.016175 0.018600000000000002
0 0.144725 0.250625 0.01625 0.0191
0 0.581325 0.045825 0.018000000000000002 0.016625
0 0.6794 0.11295 0.017725 0.015175000000000001
0 0.6933499999999999 0.0975 0.015275 0.02
0 0.8595 0.158975 0.01365 0.014375
0 0.7472249999999999 0.292275 0.024775000000000002 0.02025
0 0.412625 0.48745 0.0199 0.01595
0 0.42210000000000003 0.51305 0.01655 0.01895
0 0.56615 0.23345 0.019799999999999998 0.0169
0 0.73495 0.333575 0.01455 0.015375000000000002
0 0.6931 0.35109999999999997 0.018325 0.01825
0 0.7037 0.326575 0.016325 0.019225000000000003
0 0.705275 0.5111249999999999 0.015925 0.0169
0 0.858275 0.5737 0.018325 0.01885
0 0.48075 0.488975 0.016875 0.015449999999999998
0 0.47485 0.47462499999999996 0.019375 0.0171
0 0.120475 0.8568250000000001 0.01775 0.019025
0 0.52355 0.07295 0.01315 0.01555
0 0.5322 0.064725 0.014424999999999999 0.018725000000000002