0 0.5354249999999999 0.622075 0.023325 0.021675
0 0.4825 0.57875 0.025 0.025
0 0.43125 0.57875 0.02 0.0175
0 0.6065 0.607675 0.018000000000000002 0.022174999999999997
0 0.62375 0.6225 0.0225 0.0175
0 0.5025 0.475 0.02 0.0175
0 0.13375 0.07125 0.02 0.0175
0 0.636525 0.555325 0.02305 0.02315
0 0.39375 0.5525 0.02 0.0225
0 0.095 0.0425 0.0275 0.02
0 0.33375 0.6775 0.02 0.0225
0 0.515 0.53625 0.0225 0.0175
0 0.5475 0.67875 0.03 0.025
0 0.19625 0.03625 0.025 0.0275
0 0.35625 0.70625 0.0225 0.02
0 0.875 0.2225 0.025 0.0225
0 0.08625 0.0725 0.0225 0.0225
0 0.58 0.5175 0.0225 0.02
0 0.75125 0.60875 0.02 0.02
0 0.16125 0.7975 0.0225 0.02
0 0.225 0.8825 0.03 0.03
0 0.19875 0.1875 0.0225 0.0225
0 0.36 0.68125 0.0225 0.02
0 0.14125 0.06 0.0225 0.0225