0 0.1075 0.46375 0.0225 0.0225
0 0.1825 0.04625 0.02 0.0225
0 0.32875 0.03875 0.0225 0.0225
0 0.21125 0.10125 0.02 0.0175
0 0.0325 0.25 0.0175 0.0225
0 0.13625 0.1925 0.0175 0.02
0 0.14552 0.21115 0.02142 0.01875
0 0.90375 0.26875 0.02 0.0275
0 0.73125 0.205 0.025 0.02
0 0.76375 0.41125 0.0175 0.025
0 0.81375 0.4375 0.0225 0.02
0 0.75 0.42 0.0225 0.0175
0 0.87125 0.3275 0.0225 0.0175
0 0.97625 0.1125 0.0225 0.0175
0 0.90375 0.33375 0.025 0.02
0 0.75028 0.04535 0.02375 0.02142
0 0.77 0.2 0.02 0.02
0 0.76625 0.14 0.0175 0.0175
0 0.89375 0.47125 0.02 0.02
0 0.8025 0.41375 0.02 0.0225
0 0.51115 0.40847 0.02232 0.02053
0 0.50847 0.39062 0.01698 0.01875
0 0.50892 0.49285 0.01785 0.01427
0 0.79108 0.15982 0.01607 0.01427
0 0.8076 0.12857 0.01698 0.01785
0 0.87125 0.57125 0.0275 0.0275
0 0.91 0.50875 0.02 0.0175
0 0.75375 0.5525 0.025 0.0225
0 0.845 0.61125 0.0225 0.025
0 0.93875 0.5975 0.0225 0.0225
0 0.965 0.54375 0.02 0.0275
0 0.8425 0.71375 0.0225 0.0225
0 0.73875 0.70875 0.0225 0.025
0 0.90875 0.62125 0.0225 0.0225
0 0.70875 0.89875 0.025 0.025
0 0.95715 0.58035 0.01607 0.01785
0 0.8808 0.7491 0.02053 0.01965
0 0.9433 0.70448 0.01875 0.01607
0 0.92545 0.66517 0.01698 0.01607
0 0.94198 0.66517 0.01785 0.01607
0 0.97813 0.70135 0.01875 0.02232
0 0.71027 0.7317 0.01518 0.01875
0 0.7259 0.73705 0.01607 0.01875
0 0.74285 0.61965 0.01785 0.01785
0 0.69375 0.68885 0.02322 0.02053
0 0.75403 0.6509 0.0241 0.02322
0 0.73215 0.83215 0.01785 0.01785
0 0.72233 0.84955 0.01965 0.02053
0 0.9241 0.72677 0.01607 0.01785
0 0.74063 0.67677 0.02768 0.02142
