0 0.08 0.3225 0.0225 0.0225
0 0.05125 0.3325 0.02 0.0175
0 0.05375 0.48875 0.02 0.02
0 0.89875 0.16375 0.0325 0.0175
0 0.96625 0.31125 0.025 0.025
0 0.975 0.275 0.02 0.0225
0 0.295 0.71625 0.0275 0.0225
0 0.29 0.63875 0.0175 0.0225
0 0.255 0.6325 0.03 0.0275
0 0.2925 0.5525 0.025 0.025
0 0.115 0.55125 0.0275 0.0225
0 0.175 0.69875 0.02 0.0225
0 0.13285 0.7138 0.0199 0.01925
0 0.08 0.50875 0.0275 0.0175
0 0.09 0.53 0.0175 0.0275
0 0.47625 0.6575 0.035 0.025
0 0.42125 0.61625 0.0225 0.0225
0 0.35 0.56625 0.0225 0.0225
0 0.05375 0.51125 0.0225 0.0225
0 0.26625 0.78625 0.0225 0.0275
0 0.28125 0.82625 0.02 0.015
0 0.295 0.84 0.0125 0.0175
0 0.32875 0.82125 0.0175 0.0225
0 0.33125 0.715 0.015 0.0175
0 0.3425 0.71375 0.0125 0.0175
0 0.30875 0.86625 0.0175 0.015
0 0.8075 0.88625 0.0225 0.0225
