0 0.3475 0.20625 0.0175 0.0225
0 0.6925 0.1875 0.02 0.02
0 0.27 0.2375 0.02 0.0175
0 0.61375 0.12625 0.02 0.02
0 0.65125 0.03 0.02 0.0225
0 0.68 0.02625 0.0175 0.0225
0 0.195 0.2325 0.02 0.02
0 0.82375 0.42375 0.0125 0.0175
0 0.70375 0.4375 0.015 0.0175
0 0.75 0.16375 0.0225 0.0275
0 0.85 0.405 0.02 0.0175
0 0.735 0.0325 0.0175 0.0225
0 0.60625 0.20125 0.0225 0.0275
0 0.41625 0.15375 0.0225 0.0225
0 0.285 0.13125 0.015 0.0225
0 0.11375 0.2375 0.0225 0.0225
0 0.75125 0.47375 0.02 0.0175
0 0.795 0.43625 0.02 0.015
0 0.7775 0.435 0.0175 0.025
0 0.89125 0.43875 0.0175 0.0225
0 0.86625 0.42 0.0225 0.025
0 0.87 0.145 0.025 0.025
0 0.945 0.045 0.0275 0.035
0 0.63375 0.47125 0.02 0.0175
0 0.6725 0.4875 0.0175 0.015
0 0.555 0.47125 0.0175 0.02
0 0.5675 0.48625 0.025 0.02
0 0.3625 0.27 0.02 0.02
0 0.755 0.0375 0.02 0.0225
0 0.575 0.46375 0.02 0.02
0 0.5901 0.10625 0.02 0.02
0 0.3901 0.3675 0.0225 0.0225
0 0.0975 0.66375 0.025 0.02
0 0.03372 0.61107 0.02508 0.02465
0 0.3075 0.52125 0.0225 0.02
0 0.51375 0.545 0.02 0.02
0 0.8775 0.5875 0.0225 0.03
0 0.6025 0.51375 0.0225 0.0225
