0 0.78875 0.06625 0.0225 0.0275
0 0.13375 0.24 0.0325 0.0275
0 0.265 0.2175 0.025 0.0275
0 0.24157 0.11147 0.02467 0.0226
0 0.25 0.09625 0.0225 0.0225
0 0.14675 0.32358 0.01992 0.02045
0 0.12195 0.32565 0.02112 0.01868
0 0.14 0.42375 0.02 0.0225
0 0.22375 0.3575 0.025 0.02
0 0.30375 0.44625 0.02 0.0225
0 0.38125 0.42125 0.0175 0.02
0 0.1475 0.26375 0.025 0.0175
0 0.1525 0.2925 0.0175 0.015
0 0.24477 0.31472 0.03138 0.02447
0 0.575 0.4175 0.02 0.0175
0 0.435 0.82625 0.025 0.0175
0 0.48125 0.8225 0.0225 0.02
0 0.4925 0.87375 0.0225 0.025
0 0.4075 0.86625 0.0225 0.02
0 0.40125 0.83 0.0275 0.0225
0 0.45875 0.89 0.0175 0.02
0 0.50625 0.8225 0.02 0.02
0 0.4525 0.73125 0.0175 0.015
0 0.82375 0.8525 0.02 0.02
0 0.3625 0.87375 0.0225 0.0225
0 0.63043 0.8275 0.0225 0.0225
0 0.52375 0.72207 0.0225 0.0225
0 0.45875 0.85125 0.0225 0.0225
