0 0.4925 0.60625 0.02 0.02
0 0.3775 0.35125 0.0175 0.02
0 0.0175 0.36322499999999996 0.0225 0.023925000000000002
0 0.03385 0.477325 0.022324999999999998 0.01965
0 0.0875 0.46375 0.02 0.02
0 0.09875 0.295 0.0225 0.025
0 0.0925 0.19875 0.0225 0.02
0 0.0325 0.21125 0.0275 0.0225
0 0.61125 0.4475 0.0275 0.0225
0 0.68875 0.61625 0.0225 0.0225
0 0.36375 0.72375 0.025 0.025
0 0.1591 0.7001000000000001 0.021425 0.022324999999999998
0 0.13419999999999999 0.7375 0.022324999999999998 0.023925000000000002
0 0.020175000000000002 0.5307999999999999 0.021425 0.02625
0 0.11 0.60875 0.02 0.0225
0 0.02875 0.23625 0.02 0.02
0 0.06375 0.15875 0.0225 0.025
0 0.01875 0.1125 0.0225 0.0225
0 0.56125 0.2875 0.02 0.0225
0 0.9425 0.385 0.025 0.0225
0 0.35125 0.125 0.025 0.025
0 0.37375 0.18125 0.015 0.02
0 0.5853499999999999 0.72635 0.021425 0.023025000000000004
0 0.41625 0.47125 0.0225 0.0225
0 0.67375 0.4475 0.025 0.025
0 0.97125 0.485 0.0275 0.025
0 0.4042 0.10615000000000001 0.023025000000000004 0.019825
0 0.2725 0.11625 0.03 0.025
0 0.06375 0.35625 0.02 0.02
0 0.7475 0.53625 0.0275 0.025
0 0.52125 0.5575 0.0225 0.0225
0 0.29 0.72375 0.02 0.02
0 0.7825 0.57125 0.0225 0.0225
0 0.965 0.4075 0.0225 0.0225
0 0.30455 0.228225 0.0216 0.021425
0 0.235 0.61125 0.025 0.025
0 0.5425 0.29125 0.02 0.02
0 0.5825 0.26875 0.025 0.025
0 0.5 0.34875 0.0225 0.0225
0 0.24625 0.7475 0.02 0.0225
0 0.565 0.44625 0.02 0.02
0 0.66875 0.97875 0.025 0.0225
0 0.65625 0.31375 0.0225 0.0225
0 0.2825 0.06125 0.0225 0.0225
0 0.028125 0.59865 0.020525 0.016975
0 0.01205 0.615175 0.016975 0.017849999999999998
0 0.010725 0.6714249999999999 0.021425 0.01965
0 0.015175000000000001 0.647325 0.01965 0.01965
0 0.0116 0.3924 0.01965 0.01875
0 0.32677500000000004 0.579475 0.023225 0.021425
0 0.429475 0.535725 0.017849999999999998 0.021425
0 0.545525 0.5058 0.01965 0.016975
0 0.740175 0.6683 0.016075 0.020525
0 0.33215000000000006 0.18614999999999998 0.021425 0.022324999999999998
0 0.38347499999999995 0.13705 0.0134 0.015175000000000001
0 0.401775 0.1433 0.01965 0.01875
0 0.39865 0.129475 0.0134 0.0125
0 0.55625 0.134375 0.01965 0.020525
0 0.797775 0.154025 0.022324999999999998 0.022324999999999998
0 0.866075 0.141975 0.021425 0.01965
0 0.6567000000000001 0.18927499999999997 0.0241 0.021425
0 0.6705249999999999 0.171425 0.021425 0.021425
0 0.510275 0.470525 0.01875 0.021425
0 0.35 0.030350000000000002 0.01965 0.021425