0 0.87875 0.80875 0.02 0.02
0 0.902825 0.8183 0.01815 0.0191
0 0.86375 0.855 0.0175 0.0175
0 0.5525 0.85625 0.0225 0.0175
0 0.935 0.89625 0.0225 0.0225
0 0.7756000000000001 0.46287500000000004 0.023250000000000003 0.024125
0 0.77625 0.4375 0.015 0.0125
0 0.69 0.68375 0.0225 0.0225
0 0.93 0.80875 0.015 0.0175
0 0.9825 0.825 0.0225 0.02
0 0.87125 0.8375 0.0175 0.015
0 0.9425 0.37625 0.025 0.0175
0 0.05625 0.46875 0.0225 0.0175
0 0.87875 0.80875 0.02 0.02
0 0.028149999999999998 0.084 0.0262 0.027000000000000003
0 0.90875 0.38 0.0225 0.02
0 0.990475 0.867025 0.016675 0.01975
0 0.9078 0.898125 0.01915 0.0159
0 0.884575 0.864325 0.01555 0.017925
0 0.899825 0.8564 0.02 0.017575
0 0.926675 0.779525 0.021225 0.01795
0 0.9924 0.779 0.015175000000000001 0.025849999999999998
0 0.586575 0.96285 0.017775 0.02035
0 0.60475 0.964375 0.01905 0.019825
0 0.009975000000000001 0.1117 0.017575 0.0159
0 0.691875 0.53935 0.02305 0.025125
0 0.7263249999999999 0.746075 0.018725000000000002 0.01895
0 0.5118 0.960275 0.016475 0.020575
0 0.597225 0.9255249999999999 0.0248 0.022475000000000002
0 0.9416249999999999 0.936825 0.0172 0.0183
0 0.9902249999999999 0.94515 0.014375 0.015325