0 0.44388 0.32295 0.03195 0.02555
0 0.46798 0.37427 0.0215 0.02417
0 0.4632 0.22888 0.02138 0.01972
0 0.44022 0.38403 0.0265 0.0283
0 0.4921 0.40358 0.01577 0.03037
0 0.67875 0.3575 0.02 0.025
0 0.69 0.26125 0.0225 0.02
0 0.9407 0.47177 0.0189 0.02272
0 0.74125 0.42375 0.02 0.0225
0 0.665 0.4725 0.0225 0.025
0 0.65 0.1525 0.0275 0.015
0 0.73 0.25625 0.025 0.025
0 0.64375 0.3875 0.0225 0.0225
0 0.875 0.295 0.0225 0.0225
0 0.73645 0.22877 0.02285 0.02243
0 0.97132 0.4372 0.01897 0.01992
0 0.6125 0.41375 0.0225 0.0225
0 0.6857 0.44495 0.01783 0.01667
0 0.76295 0.22767 0.02053 0.01963
0 0.8428 0.3168 0.01775 0.02107
0 0.17902 0.6026 0.0291 0.02803
0 0.36135 0.61303 0.02482 0.02285
0 0.09688 0.59982 0.02697 0.02608
0 0.07 0.71125 0.0225 0.025
0 0.1409 0.615 0.02215 0.02393
0 0.1583 0.80643 0.02232 0.02393
0 0.27625 0.61375 0.0225 0.0225
0 0.7709 0.52625 0.0225 0.0225
0 0.63392 0.64822 0.01427 0.01965
0 0.67722 0.65 0.01698 0.02322
0 0.64955 0.6174 0.01518 0.02053
0 0.74285 0.56517 0.01965 0.01785
0 0.74865 0.59732 0.02053 0.01607
0 0.78573 0.5799 0.01965 0.01875
0 0.8549 0.56073 0.0134 0.01427
