0 0.47375 0.765 0.02 0.0225
0 0.475 0.71 0.025 0.0175
0 0.3875 0.55 0.02 0.02
0 0.50375 0.96 0.02 0.02
0 0.45375 0.8725 0.02 0.015
0 0.45875 0.81 0.02 0.0175
0 0.56875 0.8425 0.02 0.02
0 0.495 0.57 0.0175 0.0175
0 0.5275 0.5175 0.025 0.0225
0 0.41 0.63625 0.02 0.0175
0 0.43375 0.69875 0.0175 0.015
0 0.48125 0.6575 0.02 0.02
0 0.525 0.56 0.0175 0.0175
0 0.56 0.685 0.0275 0.0225
0 0.40375 0.51375 0.0175 0.0225
0 0.42625 0.50875 0.0175 0.0175
0 0.40375 0.6225 0.0175 0.0175
0 0.55875 0.74625 0.02 0.025
0 0.55625 0.72625 0.015 0.02
0 0.5025 0.73875 0.0175 0.015
0 0.63375 0.84875 0.025 0.0225
0 0.59625 0.86875 0.015 0.02
0 0.56125 0.815 0.0225 0.015
0 0.4075 0.42625 0.0225 0.0225
0 0.50875 0.53125 0.02 0.02
0 0.50625 0.5525 0.025 0.0225
0 0.32625 0.1475 0.025 0.015
0 0.38875 0.65625 0.02 0.02
0 0.335 0.24375 0.02 0.02
0 0.40125 0.4775 0.0225 0.02
0 0.3075 0.63125 0.02 0.0175
0 0.37 0.8075 0.0225 0.02
0 0.52 0.69625 0.0225 0.0225
0 0.36625 0.6875 0.0225 0.0225
0 0.65125 0.74625 0.0225 0.0225
0 0.39375 0.41125 0.02 0.02
0 0.25 0.0825 0.0225 0.0225
0 0.41 0.68625 0.0175 0.0175
0 0.53375 0.74125 0.02 0.02
0 0.47875 0.35 0.02 0.02
0 0.64605 0.7982250000000001 0.020425 0.019675
0 0.514125 0.5692499999999999 0.016399999999999998 0.0151
0 0.47740000000000005 0.372025 0.019074999999999998 0.017275
0 0.523975 0.37467500000000004 0.0194 0.0172
0 0.35695 0.23572500000000002 0.020025 0.017825
0 0.50035 0.36745 0.0225 0.022250000000000002
0 0.412875 0.6586750000000001 0.022475000000000002 0.017325
0 0.4335 0.67175 0.018725000000000002 0.0208
0 0.47247500000000003 0.7933 0.01935 0.01695
0 0.541525 0.785825 0.018775 0.016274999999999998
0 0.616475 0.7047 0.01685 0.016525
0 0.469525 0.69285 0.01585 0.017825
0 0.44122500000000003 0.9374750000000001 0.01635 0.0178
0 0.42205 0.82435 0.019125 0.021925
0 0.465225 0.485075 0.026875 0.018375
0 0.451325 0.1451 0.018725000000000002 0.020575