0 0.41 0.11625 0.025 0.0225
0 0.44375 0.10875 0.0225 0.0225
0 0.2725 0.3525 0.0225 0.0225
0 0.2775 0.4 0.0225 0.0225
0 0.885 0.13 0.0225 0.0275
0 0.95125 0.075 0.0225 0.0225
0 0.66875 0.4625 0.025 0.025
0 0.58 0.41 0.0225 0.0225
0 0.68375 0.3525 0.0225 0.0225
0 0.72858 0.4576 0.025 0.02232
0 0.67365 0.37635 0.02053 0.02232
0 0.47 0.88 0.025 0.02
0 0.49 0.8875 0.02 0.0225
0 0.48875 0.9075 0.0225 0.02
0 0.1925 0.72125 0.0225 0.02
0 0.21448 0.80375 0.02142 0.0225
0 0.20875 0.67625 0.0175 0.0175
0 0.45177 0.8509 0.01965 0.01785
0 0.49062 0.93528 0.01518 0.02232
0 0.67948 0.61715 0.0125 0.01825
0 0.68852 0.6061 0.01605 0.01677
0 0.61475 0.64062 0.01878 0.01337
0 0.65805 0.65302 0.01788 0.01498
0 0.67628 0.66598 0.01707 0.0123
0 0.71405 0.6291 0.01558 0.01357
0 0.70527 0.63645 0.01058 0.0146
