0 0.60625 0.38625 0.025 0.0275
0 0.5675 0.31125 0.02 0.025
0 0.82625 0.16125 0.02 0.02
0 0.67125 0.0375 0.02 0.02
0 0.4375 0.53875 0.0225 0.02
0 0.9825 0.13125 0.0225 0.02
0 0.4175 0.53375 0.02 0.0225
0 0.71875 0.16 0.02 0.0175
0 0.03 0.05125 0.0275 0.02
0 0.1075 0.04375 0.0225 0.0175
0 0.17625 0.05375 0.0175 0.015
0 0.03625 0.12375 0.0275 0.02
0 0.47125 0.535 0.0225 0.015
0 0.495 0.49875 0.0225 0.0175
0 0.96375 0.16125 0.0175 0.0175
0 0.94625 0.1175 0.02 0.02
0 0.72625 0.885 0.02 0.02
0 0.64545 0.37 0.025 0.025