0 0.46125 0.09875 0.0275 0.02
0 0.53 0.07625 0.025 0.03
0 0.52125 0.055 0.0225 0.02
0 0.5675 0.03125 0.0225 0.025
0 0.72375 0.37625 0.025 0.0275
0 0.765 0.34375 0.0225 0.025
0 0.73875 0.20125 0.025 0.02
0 0.81125 0.06625 0.025 0.0225
0 0.6275 0.05875 0.0175 0.0225
0 0.74125 0.08125 0.0225 0.02
0 0.53625 0.105 0.0225 0.0225
0 0.585 0.1175 0.025 0.025
0 0.76375 0.0525 0.02 0.02
0 0.83 0.15875 0.0225 0.0225
0 0.68625 0.16 0.02 0.02
0 0.815 0.3225 0.0275 0.0275
0 0.69875 0.0275 0.0225 0.02
0 0.85625 0.07125 0.0275 0.025
0 0.78375 0.07375 0.02 0.02
0 0.94875 0.02375 0.0225 0.0225
0 0.85375 0.30335 0.0304 0.03525
0 0.71313 0.05485 0.02075 0.0213
0 0.7213 0.14115 0.02018 0.01562
0 0.6979 0.35615 0.01963 0.02245
0 0.71115 0.33558 0.02357 0.02075
0 0.5398 0.04788 0.02065 0.0209
0 0.5466 0.03173 0.0178 0.02658
0 0.46065 0.12725 0.02395 0.02435
0 0.6713 0.24108 0.02082 0.02075
0 0.6872 0.23683 0.0156 0.0236
0 0.84963 0.14588 0.02027 0.02223
0 0.85628 0.1682 0.02217 0.01843
0 0.748 0.13612 0.02508 0.02268
0 0.68983 0.08032 0.0208 0.01843
0 0.4633 0.1561 0.01613 0.02747
0 0.47708 0.15847 0.01707 0.01893
0 0.33972 0.04722 0.02223 0.0209
0 0.36822 0.02617 0.01725 0.0209
0 0.42523 0.09958 0.0222 0.02397
0 0.4167 0.07135 0.0218 0.017
0 0.7595 0.24987 0.0241 0.0177
0 0.97808 0.23877 0.02045 0.02217
0 0.95025 0.18525 0.01655 0.0187
0 0.98738 0.02953 0.01582 0.01798
0 0.95998 0.03365 0.01577 0.01665
0 0.98445 0.19862 0.02065 0.0151
0 0.98095 0.13348 0.01725 0.01698
0 0.9291 0.44877 0.01712 0.02252
0 0.73403 0.3427 0.0159 0.01462
