0 0.5423250000000001 0.06675 0.0233 0.02035
0 0.49107500000000004 0.150175 0.023424999999999998 0.021825
0 0.225025 0.5149 0.022275 0.029975
0 0.6619750000000001 0.8095749999999999 0.0207 0.019625
0 0.635 0.0475 0.0225 0.0225
0 0.0425 0.29625 0.0225 0.02
0 0.20485 0.563875 0.0227 0.02155
0 0.7425 0.9125 0.025 0.025
0 0.81625 0.83625 0.0225 0.0225
0 0.5199 0.045250000000000005 0.02215 0.01595
0 0.15625 0.5125 0.0225 0.0225
0 0.0275 0.74875 0.025 0.025
0 0.05125 0.32375 0.02 0.02
0 0.185 0.6275 0.0225 0.02
0 0.55875 0.82125 0.0225 0.02
0 0.43375 0.39625 0.02 0.02
0 0.51765 0.03235 0.021 0.014675
0 0.43292499999999995 0.0475 0.017625 0.016425000000000002
0 0.4334 0.081 0.018600000000000002 0.013774999999999999
0 0.428975 0.0965 0.018825 0.0195
0 0.55115 0.307575 0.018349999999999998 0.016925
0 0.5247999999999999 0.31095 0.021025000000000002 0.016525
0 0.31465 0.4355 0.018600000000000002 0.020975
0 0.142175 0.576325 0.018275 0.01695
0 0.87175 0.896225 0.022099999999999998 0.01745
0 0.9933 0.769375 0.0134 0.01635