0 0.6125 0.9025 0.0175 0.0225
0 0.63375 0.90625 0.02 0.0225
0 0.64125 0.92875 0.02 0.0275
0 0.63125 0.04875 0.0275 0.0275
0 0.54 0.07 0.0225 0.025
0 0.51 0.13 0.02 0.0175
0 0.56875 0.14375 0.0225 0.025
0 0.39875 0.21875 0.03 0.0275
0 0.42625 0.22125 0.025 0.025
0 0.35 0.23625 0.0275 0.0275
0 0.70125 0.2675 0.0325 0.025
0 0.16125 0.2725 0.025 0.02
0 0.45 0.2075 0.02 0.0175
0 0.50875 0.165 0.0225 0.0175
0 0.58375 0.03 0.0225 0.02
0 0.6425 0.0175 0.02 0.0175
0 0.5675 0.04875 0.02 0.015
0 0.54625 0.045 0.02 0.015
0 0.53625 0.1475 0.02 0.015
0 0.775 0.235 0.0225 0.02
0 0.6375 0.36875 0.0225 0.0225
0 0.7025 0.4475 0.015 0.0175
0 0.9675 0.5075 0.02 0.0175
0 0.93875 0.4325 0.0175 0.015
0 0.4875 0.9475 0.02 0.0225
0 0.26375 0.8875 0.0225 0.02
0 0.245 0.80625 0.025 0.025
0 0.23125 0.87875 0.02 0.02
0 0.11125 0.77875 0.02 0.02
0 0.19625 0.78875 0.0225 0.0225
0 0.6025 0.38875 0.0225 0.0225
0 0.42 0.1875 0.02 0.0175
0 0.96875 0.705 0.02 0.02
0 0.13675 0.7575 0.02 0.02
0 0.45625 0.85125 0.0225 0.0225
0 0.775 0.235 0.0225 0.0225
0 0.6925 0.96625 0.0175 0.0175
0 0.46375 0.2675 0.0225 0.02
0 0.9725 0.67375 0.0225 0.0225
0 0.73625 0.92625 0.02 0.02
0 0.175 0.98375 0.02 0.02
0 0.4975 0.10875 0.02 0.02
0 0.99125 0.7575 0.0175 0.02
0 0.18375 0.28375 0.0225 0.0225
0 0.59 0.41 0.02 0.02
0 0.725 0.90375 0.02 0.02
0 0.02375 0.66375 0.02 0.02
0 0.2325 0.20625 0.02 0.0175
0 0.92 0.6725 0.02 0.0175
0 0.21875 0.7925 0.0225 0.0225