0 0.6 0.50375 0.0275 0.0275
0 0.5625 0.5325 0.02 0.025
0 0.14 0.56375 0.0225 0.025
0 0.29 0.565 0.03 0.0225
0 0.49375 0.57 0.025 0.03
0 0.0875 0.57875 0.0275 0.0225
0 0.16875 0.5825 0.025 0.0225
0 0.545 0.58875 0.025 0.03
0 0.095 0.605 0.03 0.02
0 0.0925 0.65125 0.0325 0.0275
0 0.7225 0.67125 0.025 0.0225
0 0.78625 0.675 0.0275 0.0275
0 0.21375 0.68125 0.025 0.025
0 0.7525 0.68625 0.0225 0.025
0 0.3875 0.7225 0.0225 0.0225
0 0.12625 0.74875 0.0325 0.025
0 0.16625 0.75 0.025 0.0225
0 0.53625 0.79375 0.0275 0.0275
0 0.67 0.8275 0.025 0.03
0 0.72125 0.855 0.025 0.0225
0 0.4125 0.465 0.0225 0.0275
0 0.2 0.41625 0.0275 0.0225
0 0.4075 0.43125 0.0225 0.0225
0 0.7325 0.70375 0.0225 0.0275
0 0.47875 0.92 0.015 0.02
0 0.06 0.79625 0.02 0.02
0 0.26625 0.58125 0.0225 0.0225
0 0.63625 0.8125 0.025 0.0225
0 0.7075 0.705 0.02 0.02
0 0.03625 0.63875 0.0275 0.0275
0 0.175 0.14 0.0225 0.0225
0 0.095 0.53 0.0225 0.0225
0 0.8675 0.935 0.025 0.0275
0 0.175 0.78125 0.0225 0.02
0 0.51125 0.0275 0.025 0.0225
0 0.785 0.5875 0.0225 0.0225
0 0.8825 0.9025 0.0225 0.0225
0 0.44 0.08875 0.0225 0.0225