0 0.41625 0.2025 0.0225 0.02
0 0.3575 0.4725 0.03 0.025
0 0.3875 0.0825 0.0225 0.0225
0 0.17875 0.7675 0.0175 0.02
0 0.44875 0.38125 0.0225 0.02
0 0.4075 0.39625 0.0175 0.02
0 0.41 0.22625 0.02 0.0175
0 0.31375 0.92875 0.015 0.0175
0 0.22625 0.9675 0.0225 0.025
0 0.36595 0.07147 0.02 0.02
0 0.67 0.85625 0.0175 0.03
0 0.6025 0.89 0.02 0.025
0 0.72875 0.83375 0.02 0.02
0 0.75875 0.7875 0.015 0.02
0 0.735 0.60875 0.02 0.02
0 0.6075 0.15375 0.0175 0.025
0 0.945 0.3625 0.0175 0.015
0 0.6525 0.25625 0.0175 0.0175
0 0.67125 0.28875 0.0175 0.015
0 0.72 0.23375 0.0175 0.02
0 0.6775 0.03625 0.0175 0.015
0 0.8375 0.8525 0.0175 0.025
0 0.59375 0.6825 0.0225 0.02
0 0.57375 0.6875 0.0225 0.0175
0 0.6625 0.75375 0.02 0.0225
0 0.63625 0.7625 0.02 0.02
0 0.89 0.4825 0.0225 0.0175
0 0.8625 0.3 0.0275 0.0275
0 0.73125 0.36375 0.0225 0.02
0 0.56125 0.56375 0.0275 0.0275
0 0.8825 0.38625 0.02 0.0225
0 0.6125 0.74013 0.02 0.0175
0 0.89375 0.955 0.0225 0.0225
0 0.85125 0.40625 0.02 0.02
0 0.645 0.0225 0.02 0.02
0 0.68 0.3375 0.02 0.0175
