0 0.1175 0.4575 0.025 0.0175
0 0.185 0.58625 0.0225 0.015
0 0.17 0.5525 0.0175 0.0175
0 0.42625 0.875 0.02 0.02
0 0.43875 0.9575 0.0225 0.02
0 0.2 0.555 0.0225 0.0225
0 0.12375 0.61625 0.0225 0.015
0 0.155 0.505 0.0175 0.015
0 0.02375 0.5125 0.0175 0.0175
0 0.05 0.3775 0.0175 0.0225
0 0.37125 0.44625 0.015 0.02
0 0.4875 0.4425 0.0225 0.02
0 0.19875 0.60875 0.0225 0.02
0 0.45625 0.76 0.02 0.02
0 0.45625 0.45 0.0175 0.02
0 0.1675 0.3225 0.02 0.0175
0 0.48375 0.72493 0.025 0.025
0 0.45625 0.83325 0.02 0.02
0 0.18815 0.03313 0.01843 0.01972
0 0.3557 0.44365 0.01403 0.01972
0 0.47873 0.80088 0.02587 0.0228
0 0.05153 0.5954 0.0215 0.01972
0 0.80875 0.54375 0.0275 0.02
0 0.95125 0.7725 0.03 0.0225
0 0.6775 0.80875 0.025 0.02
0 0.6925 0.76875 0.02 0.0275
0 0.5725 0.695 0.0225 0.0225
0 0.65875 0.715 0.0225 0.02
0 0.7325 0.93375 0.0225 0.0175
0 0.84 0.9225 0.025 0.02
0 0.56 0.9025 0.0175 0.015
0 0.715 0.65625 0.0175 0.02
0 0.695 0.98 0.02 0.0175
0 0.7375 0.7975 0.0175 0.015
0 0.905 0.57 0.015 0.0225
0 0.7925 0.505 0.0175 0.0125
0 0.76125 0.80875 0.0175 0.0175
0 0.85375 0.0475 0.025 0.025
0 0.92125 0.7175 0.02 0.02
0 0.6475 0.94875 0.0225 0.025
0 0.78375 0.71625 0.0175 0.0175
0 0.6425 0.96125 0.0225 0.0225
0 0.79625 0.13125 0.025 0.025
0 0.61375 0.97 0.025 0.025
0 0.60125 0.2625 0.02 0.02
