0 0.70375 0.02875 0.02 0.02
0 0.71985 0.07248 0.02587 0.02417
0 0.6775 0.07625 0.02 0.02
0 0.50625 0.10125 0.0175 0.0175
0 0.69332 0.09795 0.0225 0.02
0 0.655 0.1475 0.0175 0.025
0 0.695 0.2225 0.025 0.015
0 0.80125 0.225 0.0275 0.025
0 0.62 0.23 0.02 0.015
0 0.66125 0.23125 0.0225 0.02
0 0.715 0.28125 0.0225 0.0175
0 0.13323 0.17437 0.02945 0.02355
0 0.75125 0.20125 0.0175 0.0175
0 0.6375 0.43 0.02 0.02
0 0.51925 0.0746 0.02 0.02
0 0.16108 0.25007 0.01857 0.018
0 0.1965 0.24772 0.01622 0.01868
0 0.27827 0.2258 0.0173 0.01767
0 0.72963 0.337 0.01815 0.01688
0 0.63458 0.41088 0.01558 0.0164
0 0.69015 0.2082 0.016 0.0146
0 0.69945 0.2473 0.0154 0.01792
0 0.6998 0.31858 0.02103 0.0175
0 0.66248 0.18058 0.016 0.02185
0 0.63307 0.0482 0.01972 0.02142
0 0.50592 0.07913 0.01723 0.01715
0 0.66795 0.14125 0.02123 0.01285
0 0.68793 0.16045 0.0206 0.01565
0 0.743 0.32965 0.0176 0.01392
0 0.73135 0.3047 0.01627 0.01477
0 0.53743 0.41013 0.0195 0.01845
0 0.5593 0.4065 0.01893 0.0166
0 0.57377 0.41578 0.01315 0.01667
0 0.6683 0.40363 0.01873 0.01972
0 0.82552 0.22392 0.02038 0.0182
0 0.94082 0.22278 0.01738 0.01695
0 0.15243 0.847 0.02393 0.021
0 0.37935 0.87167 0.02425 0.02193
0 0.68812 0.89888 0.025 0.02538
0 0.32465 0.91347 0.0243 0.02442
0 0.34 0.955 0.02 0.0175
0 0.98275 0.95642 0.02585 0.02342
0 0.26125 0.84 0.02 0.02
0 0.65875 0.8425 0.0225 0.0225
0 0.31343 0.88038 0.01972 0.0179
0 0.07487 0.73515 0.0158 0.01675
0 0.1205 0.71145 0.01957 0.0211
0 0.30817 0.92673 0.02172 0.01953
