0 0.2475 0.13 0.015 0.0175
0 0.21375 0.16 0.0175 0.0175
0 0.25 0.19125 0.025 0.0175
0 0.0675 0.235 0.0275 0.0175
0 0.30125 0.2125 0.0225 0.0175
0 0.1325 0.265 0.02 0.0225
0 0.19375 0.24625 0.0175 0.0175
0 0.3225 0.34 0.015 0.015
0 0.37875 0.335 0.025 0.025
0 0.36875 0.4125 0.02 0.025
0 0.11 0.4475 0.0225 0.02
0 0.3925 0.38875 0.015 0.025
0 0.3425 0.34125 0.0175 0.0225
0 0.22875 0.35875 0.02 0.02
0 0.535 0.3975 0.02 0.02
0 0.62625 0.34 0.02 0.025
0 0.60875 0.36875 0.0175 0.0175
0 0.66875 0.34875 0.0225 0.02
0 0.40625 0.1375 0.025 0.025
0 0.41375 0.05375 0.0275 0.025
0 0.46125 0.01875 0.0275 0.025
0 0.42625 0.10875 0.0175 0.02
0 0.41125 0.2325 0.02 0.0175
0 0.545 0.16375 0.0225 0.02
0 0.54 0.185 0.0175 0.0175
0 0.61875 0.075 0.0225 0.025
0 0.54375 0.2625 0.0225 0.0175
0 0.45 0.29 0.0175 0.02
0 0.84125 0.3625 0.0175 0.02
0 0.9125 0.40125 0.02 0.02
0 0.80875 0.26 0.025 0.025
0 0.70875 0.16625 0.0225 0.025
0 0.6825 0.0875 0.02 0.0275
0 0.6675 0.06 0.015 0.02
0 0.7975 0.0725 0.025 0.03
0 0.80375 0.0225 0.02 0.0175
0 0.845 0.07 0.02 0.02
0 0.8525 0.13875 0.0225 0.02
0 0.81125 0.23125 0.0225 0.02
0 0.87875 0.47125 0.0325 0.0225
0 0.95875 0.15375 0.025 0.0275
0 0.81 0.16625 0.02 0.0175
0 0.3575 0.78625 0.0175 0.02
0 0.385 0.7825 0.02 0.0175
0 0.5025 0.79875 0.0175 0.0175
0 0.495 0.815 0.0225 0.025
0 0.38625 0.81 0.02 0.0225
0 0.17625 0.135975 0.025 0.025
0 0.36 0.5625 0.0225 0.0225
0 0.854325 0.88125 0.025 0.0225
0 0.425 0.76625 0.025 0.025
0 0.76375 0.2975 0.02 0.02
0 0.5475 0.74 0.0225 0.0225
0 0.9525 0.78625 0.02 0.02
0 0.79625 0.13875 0.0225 0.02
0 0.5775 0.84125 0.025 0.0225
0 0.92375 0.14125 0.02 0.02
0 0.5925 0.0725 0.0225 0.0225
0 0.73 0.05625 0.0225 0.02
0 0.17625 0.62625 0.02 0.02
0 0.770275 0.1425 0.0225 0.02
0 0.87125 0.144025 0.025 0.0225
0 0.9225 0.36625 0.02 0.02
0 0.8409749999999999 0.22375 0.02 0.0175
0 0.39 0.49875 0.02 0.02
0 0.45125 0.79125 0.0225 0.0225
0 0.40125 0.11625 0.0225 0.0225