0 0.11625 0.5475 0.0225 0.02
0 0.08 0.28875 0.025 0.02
0 0.27125 0.0675 0.0175 0.0225
0 0.4475 0.07375 0.02 0.02
0 0.47375 0.0775 0.02 0.0175
0 0.56125 0.4875 0.0225 0.0225
0 0.49875 0.08 0.0175 0.0175
0 0.4575 0.095 0.02 0.02
0 0.48625 0.065 0.02 0.0175
0 0.785 0.43375 0.02 0.0225
0 0.81 0.4 0.015 0.0225
0 0.83625 0.39375 0.0225 0.02
0 0.66 0.7625 0.025 0.0275
0 0.81 0.73875 0.0175 0.025
0 0.7675 0.7475 0.02 0.0225
0 0.84625 0.87 0.0225 0.02
0 0.83375 0.84 0.0225 0.02
0 0.9625 0.8925 0.02 0.0225
0 0.8825 0.5575 0.025 0.02
0 0.88875 0.77 0.0225 0.02
0 0.8675 0.90125 0.0225 0.0175
0 0.9225 0.77125 0.0225 0.0175
0 0.92125 0.755 0.0175 0.015
0 0.652825 0.6358 0.027525 0.022775
0 0.57 0.56 0.0225 0.0225
0 0.74 0.66875 0.02 0.0175
0 0.715 0.68375 0.02 0.0175
0 0.685 0.66625 0.0175 0.0175
0 0.79125 0.87375 0.0175 0.015
0 0.875 0.8825 0.0225 0.02
0 0.94375 0.75375 0.0175 0.02
0 0.7675 0.87 0.0225 0.0225
0 0.73 0.74 0.02 0.02
0 0.1425 0.94125 0.0225 0.0225
0 0.915 0.8575 0.02 0.02
0 0.46625 0.0375 0.0225 0.0225
0 0.315 0.05 0.0225 0.0225
0 0.5425 0.1575 0.02 0.02
0 0.88625 0.33125 0.02 0.02
0 0.82375 0.59625 0.02 0.02
0 0.5275 0.06625 0.0225 0.0225
0 0.785 0.72125 0.0225 0.0225
0 0.36375 0.10875 0.02 0.0175
0 0.62 0.70375 0.02 0.02
0 0.146775 0.91875 0.02 0.02
0 0.8825 0.47125 0.0225 0.0225
0 0.19875 0.125 0.0225 0.02
0 0.89 0.425 0.0225 0.02
0 0.74 0.70125 0.02 0.0175
0 0.59125 0.4775 0.02 0.02
0 0.789125 0.9803000000000001 0.019074999999999998 0.019475
0 0.8923749999999999 0.925025 0.019975 0.017675
0 0.957225 0.9111 0.02665 0.0184
0 0.88825 0.803525 0.024525 0.020475
0 0.893275 0.8277500000000001 0.02545 0.021375
0 0.8862000000000001 0.34990000000000004 0.0216 0.016025
0 0.701425 0.76765 0.0255 0.019975
0 0.9245749999999999 0.725425 0.018574999999999998 0.021400000000000002
0 0.329425 0.018325 0.02645 0.025699999999999997
0 0.356775 0.01855 0.01665 0.024474999999999997
0 0.40575000000000006 0.035475 0.019074999999999998 0.022425
0 0.42902500000000005 0.05345 0.0207 0.0216
0 0.6547499999999999 0.6945749999999999 0.023174999999999998 0.028675000000000003
0 0.80515 0.56755 0.02175 0.02185
0 0.8841 0.59775 0.018975 0.023225
0 0.8892749999999999 0.98985 0.023825 0.0203
0 0.6867 0.7100749999999999 0.026625 0.028050000000000002
0 0.2743 0.14515 0.020499999999999997 0.025975
0 0.868325 0.42705 0.021775000000000003 0.025225
0 0.53905 0.1105 0.015700000000000002 0.019875
0 0.2365 0.08470000000000001 0.0301 0.0246
0 0.0717 0.985775 0.03015 0.023125
0 0.1074 0.8923749999999999 0.0219 0.024550000000000002
0 0.41707500000000003 0.07519999999999999 0.018625 0.0286
0 0.370225 0.04645 0.01865 0.024849999999999997
0 0.390225 0.052425 0.0174 0.028050000000000002
0 0.878925 0.8604999999999999 0.02355 0.025474999999999998
0 0.84425 0.5999 0.0167 0.0255
0 0.964525 0.49085 0.027275 0.027425
0 0.71175 0.6455 0.019225000000000003 0.021724999999999998
0 0.958275 0.9286249999999999 0.019775 0.019225000000000003
0 0.904225 0.9395749999999999 0.020425 0.01985
0 0.926725 0.9336249999999999 0.019175 0.025474999999999998
0 0.493675 0.639925 0.0218 0.024300000000000002
0 0.962025 0.950175 0.028525000000000002 0.02105
0 0.753225 0.5846 0.02145 0.0235
0 0.6952750000000001 0.623225 0.016875 0.01955
0 0.64615 0.44965000000000005 0.020825 0.023525
0 0.6278 0.47027500000000005 0.0169 0.020225
0 0.968075 0.391675 0.022675 0.015025
0 0.850125 0.4879 0.018925 0.017225
0 0.7578499999999999 0.8497 0.020775000000000002 0.017175
0 0.673275 0.6294 0.0197 0.026324999999999998
0 0.940925 0.772075 0.020125 0.025825
0 0.8896 0.6514749999999999 0.014724999999999999 0.0199
0 0.9494499999999999 0.8455750000000001 0.021825 0.01985
0 0.6156 0.5201749999999999 0.015449999999999998 0.0213