0 0.60625 0.06125 0.0275 0.0225
0 0.16875 0.1025 0.02 0.02
0 0.16375 0.055 0.0225 0.02
0 0.145 0.43875 0.0275 0.02
0 0.13875 0.4125 0.02 0.02
0 0.12 0.39125 0.0175 0.02
0 0.1875 0.3575 0.02 0.02
0 0.7825 0.24375 0.025 0.0175
0 0.86625 0.21 0.025 0.015
0 0.88625 0.22 0.015 0.015
0 0.9575 0.34875 0.02 0.0175
0 0.8175 0.4225 0.02 0.0225
0 0.245 0.04 0.0175 0.02
0 0.2475 0.07 0.02 0.0175
0 0.815 0.095 0.02 0.0175
0 0.17 0.25375 0.02 0.0225
0 0.5325 0.06875 0.0225 0.015
0 0.21 0.44375 0.0225 0.0225
0 0.79375 0.31375 0.02 0.0175
0 0.7825 0.33 0.02 0.0175
0 0.17625 0.45375 0.02 0.0225
0 0.7275 0.22625 0.0175 0.02
0 0.76625 0.3025 0.0225 0.0175
0 0.59625 0.14375 0.01 0.015
0 0.57875 0.145 0.0125 0.0175
0 0.3875 0.07875 0.0175 0.02
0 0.755 0.08625 0.02 0.02
0 0.0675 0.43625 0.025 0.02
0 0.135 0.4675 0.02 0.02
0 0.17375 0.48625 0.0225 0.0175
0 0.98375 0.2925 0.0225 0.0225
0 0.85 0.16125 0.0225 0.025
0 0.98125 0.43625 0.0225 0.0175
0 0.9625 0.475 0.02 0.0175
0 0.1675 0.38375 0.0225 0.0125
0 0.20625 0.12375 0.0175 0.025
0 0.56875 0.06625 0.0225 0.0175
0 0.56748 0.08163 0.01745 0.01572
0 0.11125 0.44875 0.0275 0.025
0 0.11875 0.46625 0.02 0.0175
0 0.4725 0.72625 0.0225 0.025
0 0.135 0.7025 0.0325 0.0275
0 0.1 0.635 0.0275 0.0275
0 0.0475 0.6975 0.0225 0.0225
0 0.36625 0.685 0.025 0.025
0 0.1125 0.92 0.025 0.025
0 0.4175 0.7275 0.025 0.025
0 0.77125 0.8075 0.015 0.02
0 0.4425 0.7325 0.0175 0.02
0 0.2725 0.64 0.02 0.0225
