0 0.38125 0.07375 0.02 0.0175
0 0.36875 0.13 0.0175 0.02
0 0.35625 0.19875 0.0175 0.0175
0 0.2325 0.24625 0.02 0.02
0 0.30875 0.26 0.015 0.0125
0 0.24 0.26625 0.0175 0.0175
0 0.31 0.34875 0.025 0.025
0 0.0675 0.49625 0.0225 0.025
0 0.09625 0.505 0.02 0.0175
0 0.2175 0.87125 0.0225 0.0225
0 0.22875 0.915 0.02 0.02
0 0.25875 0.9 0.015 0.02
0 0.265 0.84 0.0125 0.0225
0 0.38875 0.34625 0.02 0.02
0 0.44 0.30625 0.025 0.02
0 0.46375 0.14 0.0225 0.0225
0 0.3325 0.225 0.0225 0.0225
0 0.44047 0.3478 0.0175 0.0175
0 0.2225 0.955 0.025 0.0225
0 0.47625 0.08 0.02 0.02
0 0.31875 0.18125 0.0225 0.02
0 0.6475 0.52125 0.0175 0.02
0 0.75125 0.58875 0.0225 0.02
0 0.85625 0.6925 0.02 0.0225
0 0.82625 0.70375 0.02 0.0225
0 0.86625 0.785 0.0175 0.02
0 0.95625 0.8675 0.02 0.0225
0 0.675 0.2575 0.0225 0.025
0 0.80625 0.2925 0.0175 0.0175
0 0.595 0.3125 0.0225 0.0175
0 0.6 0.34 0.0225 0.0225
0 0.8125 0.345 0.03 0.025
0 0.55625 0.36625 0.02 0.0175
0 0.9425 0.38125 0.025 0.0225
0 0.6675 0.48 0.03 0.0175
0 0.92625 0.08875 0.0225 0.02
0 0.52 0.77 0.03 0.03
0 0.56875 0.02375 0.025 0.0225
0 0.6 0.1425 0.025 0.025
0 0.97375 0.4375 0.0225 0.0225
0 0.58875 0.03375 0.0225 0.02
0 0.8825 0.8225 0.0225 0.0225
0 0.82 0.47 0.0225 0.02
0 0.75125 0.38 0.02 0.02
0 0.85 0.79125 0.0225 0.0225
