0 0.35125 0.1425 0.0225 0.02
0 0.4525 0.31 0.0225 0.0175
0 0.02625 0.14375 0.0225 0.0225
0 0.06625 0.1125 0.0225 0.02
0 0.05875 0.125 0.0225 0.0225
0 0.57375 0.12375 0.0225 0.015
0 0.8925 0.47625 0.0225 0.02
0 0.88 0.28875 0.0225 0.0175
0 0.5575 0.215 0.02 0.0175
0 0.94375 0.255 0.02 0.02
0 0.93225 0.1442 0.02057 0.02378
0 0.73907 0.16405 0.02442 0.02873
0 0.8502 0.41675 0.02493 0.02105
0 0.85972 0.3116 0.02005 0.02708
0 0.70948 0.19995 0.02063 0.02332
0 0.92928 0.22983 0.02655 0.0168
0 0.89233 0.2722 0.02547 0.01895
0 0.24625 0.90375 0.02 0.02
0 0.27625 0.84125 0.0225 0.02
0 0.2875 0.9275 0.02 0.0175
0 0.07 0.7325 0.0225 0.0225
0 0.1643 0.90102 0.02632 0.03732
0 0.2656 0.9488 0.0209 0.02332
0 0.2442 0.94255 0.02595 0.0234
0 0.78875 0.7775 0.025 0.02
0 0.69 0.69125 0.0175 0.0175
0 0.64625 0.73375 0.0225 0.02
0 0.67875 0.90125 0.0225 0.0175
0 0.70375 0.7625 0.0225 0.0225
0 0.76375 0.70625 0.02 0.02
0 0.92625 0.65875 0.02 0.02
0 0.8125 0.8775 0.02 0.0175
0 0.9225 0.5375 0.02 0.0175
0 0.87125 0.70125 0.0175 0.0175
0 0.72625 0.805 0.02 0.02
0 0.6819 0.9325 0.02 0.0175
0 0.93648 0.50892 0.0199 0.01783
0 0.68808 0.73942 0.02672 0.0198
0 0.8703 0.52235 0.0224 0.0205
0 0.85063 0.85483 0.0294 0.02197
0 0.86182 0.65868 0.01607 0.01418
0 0.88388 0.61313 0.0213 0.017
0 0.9189 0.80677 0.0275 0.0217
0 0.68645 0.95752 0.01918 0.0191
0 0.7046 0.7951 0.0161 0.017
0 0.63812 0.92627 0.0275 0.02217
