0 0.295 0.19625 0.0225 0.02
0 0.24625 0.39125 0.02 0.0225
0 0.26875 0.4475 0.015 0.02
0 0.45397 0.3437 0.02208 0.0176
0 0.4575 0.275 0.02 0.0175
0 0.4625 0.29625 0.0175 0.015
0 0.13625 0.3725 0.0225 0.02
0 0.39125 0.0725 0.0225 0.0225
0 0.4075 0.05875 0.0175 0.02
0 0.40625 0.39 0.0175 0.0175
0 0.23875 0.3625 0.02 0.0175
0 0.22865 0.35873 0.01978 0.01388
0 0.11705 0.37728 0.01805 0.01702
0 0.11087 0.4047 0.01815 0.0183
0 0.40787 0.18853 0.02825 0.02882
0 0.3896 0.37423 0.0203 0.01273
0 0.59875 0.13125 0.025 0.0175
0 0.81657 0.3675 0.0225 0.02
0 0.6 0.22625 0.0225 0.0225
0 0.955 0.36 0.02 0.02
0 0.775 0.09125 0.0225 0.02
0 0.8725 0.3625 0.0175 0.0175
0 0.725 0.25375 0.0225 0.02
0 0.8575 0.40375 0.02 0.02
0 0.8991 0.33483 0.01965 0.01965
0 0.67323 0.43927 0.01785 0.02322
0 0.2887 0.78985 0.01992 0.02473
0 0.47375 0.70125 0.02 0.02
0 0.74625 0.93125 0.025 0.0225
0 0.97375 0.79125 0.0225 0.02
0 0.63355 0.79457 0.0203 0.01777
0 0.7625 0.91125 0.0225 0.02
0 0.6984 0.92375 0.0225 0.0225
0 0.64 0.93625 0.025 0.025
0 0.58035 0.83125 0.0225 0.02
0 0.51073 0.91148 0.02142 0.01812
