0 0.4 0.3625 0.025 0.0175
0 0.39 0.2975 0.025 0.0175
0 0.565 0.28 0.0275 0.0175
0 0.57 0.22 0.025 0.02
0 0.62 0.22 0.02 0.025
0 0.9175 0.38 0.0225 0.0225
0 0.76875 0.22125 0.0275 0.0225
0 0.61375 0.33875 0.0225 0.025
0 0.69875 0.06375 0.03 0.0275
0 0.65625 0.11625 0.025 0.0225
0 0.845 0.04375 0.035 0.025
0 0.75375 0.06 0.0175 0.0225
0 0.8325 0.11125 0.0225 0.025
0 0.88293 0.16 0.0225 0.0225
0 0.605 0.1375 0.0225 0.0225
0 0.62625 0.245 0.02 0.02
0 0.745 0.105 0.0225 0.02
0 0.75625 0.4025 0.02 0.02
0 0.64125 0.2675 0.025 0.025
0 0.44583 0.36542 0.0275 0.025
0 0.86125 0.09375 0.0225 0.02
0 0.35625 0.45625 0.0225 0.0225
0 0.43375 0.445 0.02 0.02
0 0.72833 0.285 0.02 0.02
0 0.3975 0.27125 0.025 0.0225
0 0.7275 0.14375 0.0225 0.0225
0 0.205 0.65875 0.0275 0.02
0 0.085 0.8 0.03 0.03
0 0.03375 0.7325 0.02 0.025
0 0.22875 0.735 0.02 0.02
0 0.255 0.73625 0.0175 0.0225
0 0.11875 0.83625 0.025 0.03
0 0.12625 0.86625 0.0175 0.02
0 0.17125 0.8675 0.025 0.0275
0 0.15875 0.83 0.02 0.0225
0 0.03625 0.86 0.0225 0.02
0 0.0375 0.75375 0.0225 0.02
0 0.11 0.7275 0.0175 0.02
0 0.5825 0.71875 0.025 0.0225
0 0.47875 0.81125 0.0275 0.0225
0 0.4275 0.80625 0.025 0.0225
0 0.39875 0.96 0.02 0.0225
0 0.14 0.77875 0.025 0.025
0 0.04625 0.90625 0.025 0.025
0 0.94625 0.95875 0.0275 0.0275
0 0.35945 0.6324 0.02652 0.0274
0 0.93478 0.91608 0.02885 0.0281
0 0.41712 0.86733 0.02482 0.01815
0 0.22955 0.65293 0.01818 0.02315
0 0.37273 0.95158 0.02048 0.0215
0 0.02598 0.80643 0.01887 0.01617
