0 0.15 0.06125 0.0275 0.0275
0 0.3025 0.80625 0.02 0.0175
0 0.3925 0.94875 0.0175 0.02
0 0.41875 0.9175 0.0175 0.015
0 0.45375 0.96125 0.02 0.0175
0 0.14125 0.645 0.02 0.0175
0 0.055 0.50125 0.02 0.025
0 0.4025 0.45875 0.02 0.02
0 0.4625 0.36125 0.02 0.0225
0 0.07 0.30625 0.0225 0.0225
0 0.04 0.30375 0.015 0.015
0 0.02125 0.295 0.0175 0.0175
0 0.03125 0.6175 0.0175 0.0175
0 0.15375 0.3175 0.02 0.0225
0 0.28375 0.42625 0.0175 0.0225
0 0.35625 0.49375 0.0225 0.0225
0 0.42375 0.33875 0.025 0.03
0 0.33 0.71 0.02 0.0225
0 0.4325 0.825 0.02 0.02
0 0.3825 0.875 0.0225 0.0275
0 0.28625 0.83125 0.02 0.015
0 0.2825 0.69875 0.015 0.0175
0 0.3225 0.34625 0.025 0.0275
0 0.3025 0.67 0.02 0.0175
0 0.21875 0.065 0.02 0.0225
0 0.4875 0.7175 0.025 0.025
0 0.4875 0.82625 0.025 0.025
0 0.47625 0.96625 0.0225 0.0225
0 0.4225 0.1775 0.02 0.0175
0 0.27 0.26625 0.025 0.015
0 0.48875 0.86125 0.0225 0.0225
0 0.21625 0.14 0.015 0.015
0 0.46375 0.92625 0.02 0.02
0 0.925 0.51625 0.025 0.02
0 0.90625 0.545 0.0175 0.025
0 0.79375 0.84 0.0175 0.025
0 0.75625 0.87875 0.02 0.015
0 0.7275 0.895 0.0275 0.02
0 0.6875 0.67625 0.02 0.02
0 0.73125 0.56 0.015 0.0175
0 0.72913 0.59188 0.02685 0.02508
0 0.835 0.5925 0.02 0.02
0 0.9225 0.78125 0.0175 0.0175
0 0.865 0.51625 0.015 0.0175
0 0.87375 0.78375 0.015 0.0175
0 0.71355 0.97408 0.01878 0.02203
0 0.925 0.56667 0.02 0.02
