0 0.17625 0.12625 0.025 0.0275
0 0.18375 0.24 0.0225 0.025
0 0.37 0.46125 0.025 0.0275
0 0.5075 0.33375 0.0275 0.0275
0 0.47215 0.3825 0.02393 0.02393
0 0.44125 0.37052 0.0275 0.0275
0 0.1309 0.37778 0.02393 0.02625
0 0.09285 0.3483 0.02892 0.02553
0 0.035 0.4825 0.025 0.025
0 0.08375 0.47125 0.0225 0.025
0 0.1125 0.43375 0.0225 0.0275
0 0.08375 0.1975 0.0275 0.025
0 0.4875 0.21375 0.0275 0.0225
0 0.54 0.085 0.0225 0.0225
0 0.47125 0.22125 0.0225 0.0225
0 0.0675 0.40125 0.0225 0.0225
0 0.16302 0.33885 0.01965 0.02232
0 0.14777 0.3376 0.02232 0.0241
0 0.055 0.2125 0.0225 0.0225
0 0.09375 0.32535 0.0225 0.0225
0 0.56875 0.175 0.02678 0.01965
