0 0.40125 0.04125 0.0225 0.02
0 0.29125 0.1725 0.02 0.0175
0 0.4475 0.23125 0.0175 0.0175
0 0.37375 0.04625 0.02 0.02
0 0.3553 0.11155 0.02 0.02
0 0.2425 0.12875 0.0175 0.0175
0 0.43865 0.18635 0.01657 0.0227
0 0.41363 0.20287 0.01653 0.02005
0 0.9375 0.26 0.025 0.025
0 0.88915 0.36142 0.02082 0.02075
0 0.8108 0.23558 0.01827 0.01885
0 0.79875 0.10625 0.02 0.0175
0 0.7625 0.07875 0.025 0.02
0 0.7025 0.03875 0.02 0.0175
0 0.85 0.3775 0.0225 0.0175
0 0.85125 0.17875 0.02 0.0175
0 0.885 0.1375 0.02 0.0225
0 0.89345 0.266 0.02135 0.01947
0 0.92875 0.45375 0.0225 0.02
0 0.9063 0.30275 0.01862 0.01777
0 0.96375 0.25125 0.025 0.0225
0 0.91625 0.33125 0.02 0.0175
0 0.94 0.105 0.0225 0.0175
0 0.87542 0.16323 0.01915 0.01857
0 0.93625 0.36625 0.02 0.0225
0 0.94667 0.0442 0.02335 0.02163
0 0.9693 0.1493 0.0175 0.02
0 0.9078 0.17735 0.02225 0.01887
0 0.5125 0.425 0.02 0.0225
0 0.89 0.05875 0.0175 0.0175
0 0.56125 0.3725 0.02 0.02
0 0.79618 0.26948 0.01752 0.02
0 0.5275 0.29375 0.0225 0.0225
0 0.85608 0.1524 0.02107 0.02445
0 0.66403 0.41552 0.0209 0.0239
0 0.9628 0.35022 0.01488 0.0165
0 0.96445 0.32153 0.0164 0.01808
0 0.5496 0.19373 0.01707 0.01603
0 0.56425 0.18475 0.01438 0.0177
0 0.57515 0.16895 0.01638 0.02003
0 0.56515 0.2522 0.01957 0.02223
0 0.9031 0.34972 0.01702 0.0209
0 0.92592 0.21725 0.01792 0.01843
0 0.7673 0.1894 0.01675 0.01808
0 0.76788 0.26243 0.01968 0.01767
0 0.78602 0.2867 0.01488 0.01947
0 0.7658 0.44993 0.0209 0.02485
0 0.90475 0.25015 0.02022 0.01815
0 0.97443 0.09935 0.0203 0.02193
0 0.78347 0.0802 0.01878 0.02172
0 0.90732 0.02608 0.01823 0.01643
0 0.93002 0.031 0.01675 0.01738
0 0.7762 0.0201 0.01667 0.0188
0 0.92138 0.43058 0.01775 0.0165
0 0.3325 0.60375 0.02 0.02
0 0.38625 0.58125 0.02 0.0175
0 0.69375 0.83875 0.03 0.025
0 0.66625 0.5875 0.0175 0.02
0 0.6375 0.5825 0.02 0.025
0 0.685 0.57 0.02 0.015
0 0.85775 0.6225 0.02 0.02
0 0.89167 0.52025 0.02263 0.0173
0 0.9739 0.51702 0.01745 0.018
0 0.5953 0.65082 0.02095 0.0213
0 0.66288 0.61922 0.0204 0.0188
