0 0.65625 0.4 0.025 0.0225
0 0.65875 0.33625 0.015 0.0125
0 0.77125 0.18875 0.0175 0.025
0 0.69 0.26875 0.0175 0.0175
0 0.705 0.285 0.015 0.015
0 0.6925 0.5675 0.0225 0.02
0 0.86625 0.545 0.02 0.025
0 0.33875 0.2625 0.025 0.015
0 0.91375 0.595 0.0225 0.0275
0 0.6675 0.32375 0.015 0.015
0 0.65125 0.86875 0.0225 0.0225
0 0.70375 0.17375 0.02 0.02
0 0.62375 0.62625 0.0225 0.02
0 0.7 0.4875 0.02 0.02
0 0.72875 0.40125 0.02 0.02
0 0.27 0.58375 0.0175 0.0175
0 0.98375 0.65875 0.02 0.02
0 0.87125 0.03875 0.02 0.02
0 0.98125 0.5375 0.025 0.025