0 0.04875 0.285 0.0225 0.02
0 0.2975 0.39875 0.02 0.015
0 0.3775 0.1775 0.02 0.015
0 0.085 0.21625 0.015 0.02
0 0.06625 0.08875 0.0225 0.02
0 0.2225 0.10847 0.0182 0.0187
0 0.24423 0.06388 0.01705 0.01885
0 0.1256 0.1654 0.01905 0.01827
0 0.78875 0.36 0.0225 0.0175
0 0.86625 0.2275 0.0225 0.0225
0 0.15375 0.91875 0.0225 0.0225
0 0.32875 0.87625 0.02 0.02
0 0.14125 0.62875 0.0225 0.0225
0 0.10983 0.88885 0.01965 0.01698
0 0.92125 0.815 0.0225 0.0225
0 0.6225 0.785 0.0175 0.0175
0 0.9167 0.68848 0.02592 0.02558
0 0.94625 0.74875 0.0225 0.0225
0 0.95125 0.61125 0.0225 0.02
0 0.8 0.53875 0.0225 0.0225
0 0.94993 0.80995 0.02158 0.02115
0 0.95045 0.78767 0.01698 0.01643
0 0.97002 0.88025 0.01685 0.01765
0 0.79907 0.64172 0.0196 0.02095
