0 0.15875 0.44 0.02 0.025
0 0.1475 0.3325 0.0225 0.0225
0 0.2175 0.3025 0.0175 0.025
0 0.2825 0.32875 0.025 0.0175
0 0.37125 0.3875 0.02 0.0225
0 0.485 0.45625 0.0225 0.0225
0 0.16625 0.385 0.02 0.02
0 0.0375 0.47625 0.02 0.02
0 0.32875 0.48875 0.02 0.0225
0 0.22375 0.2525 0.02 0.0275
0 0.04465 0.44183 0.02 0.02
0 0.28375 0.44875 0.025 0.025
0 0.44675 0.42107 0.01852 0.0207
0 0.29688 0.28815 0.02055 0.01915
0 0.19665 0.36537 0.02005 0.01827
0 0.24375 0.80625 0.025 0.025
0 0.48 0.84125 0.025 0.025
0 0.50375 0.835 0.025 0.0275
0 0.59625 0.63625 0.025 0.02
0 0.635 0.64375 0.025 0.025
0 0.3775 0.5575 0.02 0.025
0 0.355 0.54875 0.0225 0.0225
0 0.47875 0.56375 0.02 0.025
0 0.575 0.78 0.02 0.02
0 0.455 0.91125 0.0175 0.015
0 0.4475 0.86625 0.0225 0.02
0 0.48875 0.885 0.0125 0.0225
0 0.3225 0.51125 0.02 0.0225
0 0.05125 0.52375 0.025 0.025
0 0.375 0.81625 0.02 0.02
0 0.5175 0.60375 0.025 0.0225
0 0.50625 0.735 0.02 0.02
0 0.195 0.91 0.0175 0.0175
0 0.90375 0.93 0.0225 0.0225
0 0.535 0.6675 0.025 0.025
0 0.54375 0.7175 0.025 0.025
0 0.16125 0.90125 0.02 0.02
0 0.23375 0.54 0.0225 0.0225
0 0.41142 0.53027 0.01928 0.02482
0 0.24587 0.85968 0.01498 0.0158
0 0.60475 0.6932 0.02915 0.01852
0 0.55937 0.76858 0.02055 0.0175
0 0.26203 0.52908 0.0187 0.01885
0 0.3269 0.55162 0.02167 0.0211
0 0.52992 0.75815 0.01522 0.01985
0 0.52377 0.82515 0.0221 0.01635
0 0.51438 0.84587 0.01947 0.01717
0 0.47037 0.88995 0.0122 0.0174
