0 0.675 0.29 0.0275 0.0175
0 0.44375 0.3025 0.0225 0.0225
0 0.28875 0.4425 0.0275 0.03
0 0.055 0.44375 0.02 0.0225
0 0.11375 0.44375 0.0225 0.0175
0 0.18375 0.43 0.02 0.02
0 0.12125 0.4025 0.02 0.0225
0 0.16 0.42125 0.015 0.0175
0 0.1275 0.43 0.015 0.015
0 0.31375 0.42375 0.0225 0.015
0 0.19125 0.34125 0.0225 0.02
0 0.305 0.40125 0.015 0.0225
0 0.2725 0.41125 0.0225 0.0175
0 0.2675 0.48625 0.02 0.02
0 0.18 0.41 0.01 0.0175
0 0.18375 0.43 0.02 0.02
0 0.585 0.3725 0.02 0.02
0 0.655 0.115 0.025 0.0225
0 0.16625 0.34 0.02 0.02
0 0.6 0.14125 0.02 0.02
0 0.85625 0.70875 0.0375 0.0275
0 0.18625 0.58 0.03 0.025
0 0.105 0.5425 0.0325 0.02
0 0.1 0.5975 0.0275 0.025
0 0.9225 0.6825 0.025 0.02
0 0.13125 0.5325 0.0225 0.0225
0 0.04625 0.865 0.0175 0.0175
0 0.09625 0.63 0.02 0.0175
0 0.07125 0.875 0.0175 0.0175
0 0.33875 0.90375 0.02 0.02
0 0.185 0.6225 0.02 0.02
0 0.49 0.73125 0.0225 0.02
