0 0.12 0.0725 0.02 0.0275
0 0.3225 0.0475 0.02 0.02
0 0.415 0.03875 0.0175 0.025
0 0.35125 0.07625 0.0225 0.0225
0 0.21875 0.025 0.0175 0.02
0 0.47625 0.02375 0.02 0.02
0 0.39375 0.13125 0.0225 0.025
0 0.35 0.47 0.025 0.0225
0 0.33 0.41125 0.02 0.0225
0 0.0475 0.39375 0.0225 0.025
0 0.83125 0.03375 0.0175 0.02
0 0.815 0.045 0.015 0.0225
0 0.88 0.0575 0.0175 0.0225
0 0.9225 0.09625 0.0225 0.0225
0 0.95125 0.07875 0.015 0.0225
0 0.4775 0.36125 0.025 0.025
0 0.5475 0.36 0.03 0.0175
0 0.60375 0.3575 0.0225 0.02
0 0.67375 0.32125 0.02 0.02
0 0.25625 0.13625 0.0225 0.025
0 0.13 0.09875 0.0175 0.0275
0 0.6875 0.13375 0.0225 0.0225
0 0.46875 0.46 0.0225 0.0225
0 0.9575 0.15375 0.0225 0.0225
0 0.47875 0.435 0.0225 0.02
0 0.63 0.36875 0.02 0.02
0 0.945 0.1275 0.0175 0.0175
0 0.44875 0.40125 0.02 0.02
0 0.8225 0.135 0.0225 0.02
0 0.0425 0.425 0.02 0.02
0 0.75375 0.19875 0.02 0.02
0 0.36 0.3275 0.02 0.02
0 0.355 0.02375 0.0175 0.0175
0 0.8325 0.05125 0.02 0.0175
0 0.39625 0.31338 0.02 0.02
0 0.80875 0.39125 0.025 0.0225
0 0.53 0.055 0.0225 0.0225
0 0.4725 0.55375 0.0225 0.0225
0 0.4075 0.60625 0.0225 0.02
0 0.6 0.64875 0.0225 0.02
0 0.5925 0.74 0.0225 0.015
0 0.675 0.73875 0.0225 0.0175
0 0.60125 0.6825 0.0225 0.02
0 0.7275 0.83375 0.02 0.02
0 0.85125 0.92625 0.0225 0.0175
0 0.72375 0.94875 0.0175 0.02
0 0.57875 0.67 0.02 0.0225
0 0.6275 0.65375 0.0175 0.0175
0 0.535 0.72375 0.02 0.0225
0 0.08125 0.57375 0.0225 0.0175
0 0.61 0.9375 0.02 0.0225
0 0.74625 0.7975 0.0125 0.02
0 0.73 0.78625 0.015 0.015
0 0.70375 0.73 0.0175 0.0175
0 0.90625 0.92875 0.03 0.02
0 0.87875 0.9025 0.02 0.02
0 0.08625 0.7175 0.0225 0.0225
0 0.56625 0.59 0.025 0.0225
0 0.03375 0.61875 0.0225 0.02
0 0.74625 0.72375 0.02 0.02
0 0.64375 0.8675 0.0225 0.0225
0 0.77875 0.95125 0.025 0.0225
0 0.9225 0.94625 0.02 0.02
0 0.965 0.65125 0.0225 0.0225
0 0.63625 0.7175 0.02 0.02
0 0.5275 0.6725 0.02 0.02
0 0.025 0.65 0.02 0.02
0 0.83875 0.89125 0.02 0.02
0 0.86375 0.885 0.02 0.02
0 0.79 0.78375 0.02 0.02
0 0.53875 0.57625 0.02 0.02
0 0.60625 0.73 0.02 0.02
0 0.1 0.83875 0.02 0.02
