0 0.56765 0.20775 0.0278 0.0195
0 0.84125 0.06375 0.0225 0.0225
0 0.54125 0.05625 0.0275 0.025
0 0.50625 0.0575 0.02 0.0175
0 0.46125 0.15625 0.0225 0.025
0 0.46375 0.07 0.025 0.02
0 0.49875 0.07375 0.02 0.0175
0 0.52 0.14625 0.0275 0.0175
0 0.55625 0.1025 0.0175 0.025
0 0.3125 0.09375 0.0275 0.0275
0 0.1125 0.62625 0.025 0.025
0 0.30375 0.83375 0.0225 0.025
0 0.35375 0.795 0.0175 0.02
0 0.3675 0.69625 0.0175 0.025
0 0.08625 0.42875 0.02 0.02
0 0.1 0.4125 0.0225 0.0225
0 0.0825 0.2525 0.02 0.0225
0 0.30875 0.1825 0.025 0.0175
0 0.345 0.81 0.02 0.02