0 0.4875 0.13 0.025 0.0225
0 0.46625 0.0725 0.0225 0.0225
0 0.40625 0.7325 0.02 0.02
0 0.04125 0.9775 0.0225 0.02
0 0.54125 0.14375 0.0175 0.0225
0 0.59 0.09 0.02 0.0175
0 0.76375 0.08375 0.025 0.02
0 0.75875 0.27625 0.0225 0.02
0 0.71875 0.26125 0.0175 0.02
0 0.93125 0.165 0.02 0.0225
0 0.81125 0.2275 0.0225 0.0175
0 0.85625 0.145 0.02 0.02
0 0.87625 0.0875 0.0275 0.0275
0 0.76625 0.2125 0.0225 0.0225
0 0.7825 0.3475 0.03 0.03
0 0.9175 0.14375 0.0225 0.0225
0 0.66 0.47625 0.0275 0.0275
0 0.63125 0.09625 0.0225 0.02
0 0.915 0.065 0.0225 0.0225
0 0.8 0.85125 0.0225 0.0225
0 0.55125 0.01875 0.025 0.0225
0 0.9425 0.4775 0.025 0.025
0 0.61125 0.21625 0.02 0.02
0 0.72125 0.22875 0.0225 0.0225
0 0.82625 0.0475 0.02 0.02
0 0.9175 0.50125 0.0225 0.02
0 0.81 0.09125 0.02 0.02
0 0.82875 0.11375 0.02 0.02
0 0.975 0.51 0.02 0.02
0 0.94625 0.97625 0.02 0.02
0 0.61875 0.01875 0.0275 0.0275
0 0.94125 0.93875 0.0225 0.0225
0 0.60125 0.5125 0.025 0.025
0 0.835 0.0725 0.0225 0.0225
0 0.8862 0.78695 0.0233 0.01855
0 0.87175 0.80765 0.01627 0.01933
0 0.9483 0.77332 0.02405 0.01937
0 0.95222 0.44873 0.02567 0.0202
0 0.5745 0.04372 0.02082 0.02187
0 0.74715 0.24558 0.01972 0.02283
0 0.71163 0.071 0.0223 0.02335
0 0.59928 0.11607 0.0198 0.01773
0 0.81248 0.05955 0.0182 0.02285
0 0.9664 0.23542 0.0164 0.01923
