0 0.31 0.34 0.02 0.02
0 0.3725 0.3175 0.02 0.015
0 0.0925 0.3325 0.02 0.02
0 0.32 0.3825 0.025 0.0225
0 0.30375 0.21 0.0225 0.0225
0 0.27375 0.22375 0.02 0.0175
0 0.4325 0.205 0.025 0.0275
0 0.55375 0.11875 0.0175 0.02
0 0.2325 0.045 0.0225 0.0225
0 0.38875 0.27875 0.0175 0.0175
0 0.23875 0.69375 0.0275 0.0275
0 0.305 0.9275 0.025 0.0225
0 0.2625 0.83375 0.0225 0.0275
0 0.33875 0.7325 0.0225 0.02
0 0.4075 0.8375 0.02 0.025
0 0.3125 0.9575 0.0175 0.02
0 0.26 0.71125 0.02 0.02
0 0.3825 0.68875 0.02 0.02
0 0.28625 0.70625 0.0225 0.0225
0 0.3925 0.58875 0.02 0.02
0 0.0575 0.95875 0.0225 0.0225
0 0.415 0.9175 0.0225 0.0225
0 0.29125 0.635 0.025 0.0225
0 0.37375 0.9225 0.0225 0.0225
0 0.28875 0.6025 0.02 0.0175
0 0.405 0.61375 0.02 0.02
0 0.2575 0.60375 0.02 0.02
