0 0.89125 0.845 0.0175 0.0175
0 0.62 0.1625 0.02 0.0175
0 0.645 0.05125 0.02 0.02
0 0.685 0.0925 0.02 0.0175
0 0.61375 0.5725 0.02 0.0225
0 0.57875 0.935 0.03 0.0175
0 0.68875 0.3075 0.02 0.025
0 0.7575 0.3425 0.0175 0.0225
0 0.775 0.33625 0.0225 0.0275
0 0.5325 0.92625 0.025 0.0175
0 0.63125 0.17625 0.025 0.015
0 0.55625 0.3725 0.025 0.0225
0 0.55875 0.21625 0.0225 0.02
0 0.62625 0.22125 0.02 0.0175
0 0.56125 0.1325 0.0225 0.0225
0 0.53 0.1475 0.0225 0.015
0 0.54875 0.16125 0.025 0.0175
0 0.71625 0.305 0.02 0.02
0 0.57125 0.95125 0.0225 0.0175
0 0.51375 0.545 0.025 0.02
0 0.5125 0.87375 0.025 0.0225
0 0.58 0.05875 0.02 0.02
0 0.62875 0.0325 0.02 0.02
0 0.53375 0.3625 0.02 0.02
0 0.8125 0.815 0.02 0.02
0 0.58125 0.32875 0.02 0.02
0 0.58102 0.13967 0.0201 0.01887
0 0.51347 0.51145 0.01622 0.01752
0 0.5455 0.5618 0.016 0.01648
0 0.56662 0.5267 0.0154 0.0159
0 0.6329 0.56132 0.01582 0.0173
0 0.59533 0.55588 0.01925 0.0171
0 0.58482 0.60172 0.01788 0.0231
0 0.50937 0.72007 0.01875 0.02953
0 0.51345 0.90668 0.02155 0.02227
0 0.55922 0.85672 0.02203 0.02057
0 0.52478 0.84857 0.0174 0.015
