0 0.2075 0.55625 0.025 0.025
0 0.22375 0.6275 0.02 0.02
0 0.2975 0.61125 0.025 0.02
0 0.30625 0.6375 0.02 0.02
0 0.41125 0.67125 0.0225 0.025
0 0.52 0.7075 0.0225 0.02
0 0.15375 0.5425 0.0275 0.0225
0 0.13625 0.57 0.025 0.0175
0 0.14375 0.60875 0.0225 0.015
0 0.2 0.74625 0.02 0.02
0 0.4225 0.835 0.0175 0.02
0 0.44125 0.8575 0.0225 0.03
0 0.49125 0.95625 0.0225 0.02
0 0.57875 0.48625 0.02 0.02
0 0.635 0.49375 0.02 0.0225
0 0.89 0.52625 0.0225 0.0225
0 0.3825 0.3625 0.0275 0.0275
0 0.37375 0.3275 0.0225 0.0275
0 0.43 0.4225 0.025 0.02
0 0.50625 0.87625 0.0225 0.0175
0 0.5665 0.44125 0.027999999999999997 0.0225
0 0.62775 0.434725 0.020475 0.01695
0 0.2975 0.86125 0.025 0.0225
0 0.26125 0.78875 0.025 0.025
0 0.3375 0.65625 0.0225 0.02
0 0.41 0.75625 0.0225 0.0175
0 0.45 0.765 0.02 0.0225
0 0.61875 0.5675 0.02 0.02
0 0.555 0.505 0.0225 0.0175
0 0.53125 0.5075 0.015 0.025
0 0.34625 0.6 0.025 0.0225
0 0.4725 0.4025 0.0225 0.0275
0 0.51375 0.4325 0.02 0.0275
0 0.54 0.46625 0.0225 0.015
0 0.645 0.3975 0.0225 0.0225
0 0.49625 0.39375 0.0225 0.02
0 0.89875 0.1525 0.025 0.0225
0 0.255 0.9725 0.025 0.0225