0 0.26375 0.63875 0.0275 0.0275
0 0.28875 0.635 0.0175 0.02
0 0.30875 0.64625 0.015 0.0175
0 0.105 0.7675 0.0275 0.0225
0 0.1475 0.76 0.02 0.0175
0 0.34875 0.92 0.0225 0.0225
0 0.06125 0.59125 0.02 0.02
0 0.18625 0.63875 0.025 0.0275
0 0.3925 0.61875 0.02 0.0175
0 0.4325 0.65875 0.02 0.02
0 0.31375 0.43125 0.0175 0.0225
0 0.51625 0.6525 0.0225 0.025
0 0.36 0.78 0.0175 0.0225
0 0.24625 0.67875 0.0225 0.0225
0 0.31125 0.685 0.015 0.0175
0 0.32375 0.6725 0.02 0.015
0 0.0875 0.6075 0.0175 0.0175
0 0.05125 0.5075 0.0175 0.0175
0 0.12875 0.32875 0.0175 0.02
0 0.16375 0.33 0.0225 0.0225
0 0.13 0.2675 0.02 0.02
0 0.54 0.32375 0.0175 0.02
0 0.19375 0.7775 0.025 0.0225
0 0.17875 0.75875 0.025 0.025
0 0.155 0.74 0.025 0.02
0 0.58375 0.51625 0.025 0.02
0 0.70875 0.305 0.0175 0.0225
0 0.29625 0.7325 0.0275 0.0175
0 0.3725 0.7525 0.015 0.02
0 0.21625 0.7625 0.0175 0.02
0 0.22375 0.72 0.02 0.02
0 0.05625 0.65875 0.02 0.015
0 0.22125 0.67125 0.0225 0.0225
0 0.20375 0.6575 0.0275 0.02
0 0.475 0.5975 0.02 0.0175
0 0.52875 0.5875 0.0175 0.02
0 0.15 0.61375 0.02 0.02
0 0.50625 0.55 0.0225 0.015
0 0.6475 0.25 0.0225 0.025
0 0.67875 0.29 0.02 0.02
0 0.8225 0.235 0.02 0.0275
0 0.3575 0.33875 0.02 0.015
0 0.365 0.3125 0.0225 0.0175
0 0.51375 0.305 0.02 0.0225
0 0.3025 0.39375 0.02 0.015
0 0.3075 0.30875 0.0175 0.0175
0 0.24875 0.77125 0.02 0.02
0 0.63125 0.21625 0.025 0.02
0 0.69125 0.14375 0.015 0.0175
0 0.07875 0.555 0.0175 0.02
0 0.07875 0.73375 0.0175 0.0175
0 0.07375 0.7575 0.02 0.0175
0 0.2875 0.67 0.0225 0.02
0 0.45375 0.63625 0.0175 0.0175
0 0.5575 0.5675 0.02 0.0225
0 0.32875 0.7925 0.015 0.02
0 0.2975 0.76875 0.02 0.015
0 0.40125 0.955 0.02 0.0175
0 0.5 0.62125 0.0175 0.0175
0 0.73375 0.29875 0.02 0.02
0 0.73 0.27375 0.0175 0.02
0 0.7525 0.24375 0.0225 0.0175
0 0.90375 0.195 0.015 0.025
0 0.0175 0.5 0.0175 0.02
0 0.65375 0.90625 0.0225 0.0225
0 0.75 0.105 0.025 0.025
0 0.50125 0.26875 0.0225 0.025
0 0.425 0.2975 0.0225 0.0225
0 0.03125 0.71375 0.02 0.0225
0 0.565 0.58625 0.02 0.025
0 0.05375 0.29125 0.0225 0.0225
0 0.02 0.0725 0.0225 0.0225
0 0.505 0.52875 0.0175 0.0225
0 0.0225 0.045 0.025 0.0225
0 0.14375 0.5475 0.0225 0.0175
0 0.2775 0.5975 0.0175 0.025
0 0.6175 0.98875 0.0225 0.0225
0 0.73625 0.8275 0.0225 0.0175
0 0.6225 0.83375 0.02 0.0175
0 0.3325 0.52375 0.025 0.025
0 0.095 0.0575 0.02 0.0225
0 0.36625 0.7025 0.025 0.025
0 0.02875 0.73375 0.0175 0.02
0 0.29125 0.37375 0.02 0.02
0 0.78625 0.16 0.02 0.0175