0 0.3075 0.1275 0.0225 0.0225
0 0.26 0.01375 0.0275 0.025
0 0.57375 0.0875 0.025 0.0225
0 0.39 0.135 0.0225 0.0225
0 0.24625 0.305 0.0275 0.02
0 0.30875 0.5575 0.02 0.0225
0 0.37 0.5675 0.0225 0.02
0 0.24 0.63125 0.0275 0.02
0 0.1725 0.875 0.02 0.02
0 0.2925 0.935 0.0175 0.0225
0 0.4675 0.91125 0.0275 0.0275
0 0.93875 0.015 0.0175 0.0175
0 0.96375 0.03375 0.02 0.0175
0 0.9225 0.06 0.02 0.02
0 0.97125 0.19 0.02 0.02
0 0.9025 0.32875 0.0175 0.0225
0 0.13125 0.13625 0.0275 0.02
0 0.1325 0.56375 0.02 0.015
0 0.3125 0.87625 0.0225 0.02
0 0.715 0.25875 0.0225 0.0225
0 0.28375 0.50625 0.025 0.025
0 0.97625 0.09 0.0275 0.0275
0 0.43375 0.2625 0.0225 0.0225
0 0.9125 0.4475 0.0275 0.0275
0 0.25875 0.235 0.0225 0.0225
0 0.95 0.1 0.025 0.025
0 0.3175 0.4275 0.0175 0.0175
0 0.38125 0.0725 0.025 0.0225
0 0.3375 0.5225 0.02 0.02
0 0.97625 0.3975 0.025 0.025
0 0.21625 0.5075 0.0225 0.02
0 0.18375 0.02875 0.025 0.0225
0 0.30625 0.3325 0.025 0.025
0 0.22125 0.10125 0.0225 0.0225
0 0.68625 0.4725 0.025 0.025
0 0.12375 0.93625 0.0225 0.0225
0 0.35185 0.44715000000000005 0.035825 0.032675
0 0.353925 0.60905 0.021775000000000003 0.025550000000000003
0 0.268175 0.6543000000000001 0.02665 0.0239
0 0.2655 0.065525 0.0231 0.026725
0 0.911375 0.21414999999999998 0.025575 0.023975
0 0.428875 0.079375 0.026600000000000002 0.0276