0 0.09625 0.63625 0.025 0.02
0 0.135 0.64375 0.025 0.025
0 0.075 0.78 0.02 0.02
0 0.40375 0.93 0.0225 0.0225
0 0.035 0.6675 0.025 0.025
0 0.04375 0.7175 0.025 0.025
0 0.10475 0.6932 0.02915 0.01852
0 0.05937 0.76858 0.02055 0.0175
0 0.02992 0.75815 0.01522 0.01985
0 0.02377 0.82515 0.0221 0.01635
0 0.9475 0.93875 0.0175 0.0175
0 0.80875 0.735 0.02 0.02
0 0.60625 0.65 0.025 0.025
0 0.93288 0.75958 0.0229 0.02092
0 0.9709 0.82142 0.01677 0.01788
0 0.9722 0.80238 0.0212 0.01905
0 0.9291 0.82662 0.0189 0.01575
0 0.9665 0.9517 0.0206 0.01622
0 0.83182 0.56452 0.01723 0.02193
0 0.8294 0.53277 0.01593 0.01912
