0 0.29625 0.55875 0.0225 0.0225
0 0.0675 0.84345 0.02435 0.02415
0 0.115 0.8525 0.025 0.0225
0 0.1672 0.8507750000000001 0.022375 0.017775
0 0.5289 0.2552 0.021974999999999998 0.0231
0 0.1925 0.47625 0.0175 0.0225
0 0.45625 0.9275 0.0225 0.0225
0 0.41 0.54375 0.025 0.025
0 0.5175 0.2 0.025 0.025
0 0.6601250000000001 0.92455 0.020874999999999998 0.021124999999999998
0 0.5628 0.75625 0.020825 0.023424999999999998
0 0.41609999999999997 0.28962499999999997 0.0197 0.02675
0 0.535 0.0675 0.02 0.0225
0 0.515 0.05375 0.02 0.025
0 0.4576 0.07014999999999999 0.022475000000000002 0.0253
0 0.5275 0.01625 0.0225 0.0225
0 0.42875 0.22 0.02 0.015
0 0.71875 0.755 0.0225 0.0175
0 0.3675 0.53125 0.025 0.02
0 0.20875 0.545 0.02 0.0175
0 0.1225 0.8325 0.02 0.015
0 0.47875 0.93375 0.015 0.0175
0 0.05625 0.01625 0.015 0.0175
0 0.54 0.0275 0.0225 0.02
0 0.51625 0.1425 0.0225 0.0225
0 0.2625 0.64 0.025 0.02
0 0.276475 0.9531499999999999 0.019799999999999998 0.022725
0 0.15065 0.969825 0.022799999999999997 0.02085
0 0.07535 0.95325 0.022850000000000002 0.01975
0 0.14427500000000001 0.7734749999999999 0.0206 0.01695
0 0.63125 0.98 0.0175 0.0175
0 0.72 0.96 0.0175 0.02
0 0.57625 0.9225 0.02 0.015
0 0.63875 0.97 0.02 0.0175
0 0.487975 0.2897 0.021974999999999998 0.020025
0 0.44875 0.195 0.02 0.0175
0 0.365 0.36375 0.0225 0.02
0 0.49717500000000003 0.5949 0.02315 0.020225
0 0.1593 0.8405750000000001 0.016225 0.017325
0 0.30295 0.7 0.0225 0.0225
0 0.92625 0.22875 0.0225 0.0225
0 0.60125 0.02125 0.0225 0.0225
0 0.45875 0.2725 0.0175 0.0175
0 0.26625 0.98375 0.02 0.02
0 0.17 0.325 0.02 0.02
0 0.72875 0.69375 0.0175 0.0175
0 0.16875 0.57875 0.0225 0.0225
0 0.8325 0.525 0.02 0.02
0 0.156875 0.3099 0.0173 0.019799999999999998
0 0.052575000000000004 0.20462499999999997 0.019424999999999998 0.019975
0 0.023275 0.170975 0.022675 0.0241
0 0.012124999999999999 0.1253 0.013525 0.0131
0 0.01325 0.1108 0.01575 0.0216
0 0.158175 0.7089 0.01455 0.0196
0 0.331525 0.7598999999999999 0.0184 0.018000000000000002
0 0.490625 0.72615 0.020525 0.021949999999999997
0 0.6150249999999999 0.7892 0.016399999999999998 0.019450000000000002
0 0.0268 0.827825 0.01965 0.02175
0 0.1909 0.90595 0.021075 0.01725
0 0.2025 0.832125 0.015700000000000002 0.017849999999999998
0 0.1942 0.814875 0.016975 0.0155
0 0.648225 0.8681 0.02145 0.01655
0 0.7137749999999999 0.201375 0.018625 0.017025
0 0.948675 0.9372 0.018799999999999997 0.017275
0 0.4819 0.039325 0.017375 0.017925
0 0.508625 0.032775 0.019025 0.019125
0 0.6256499999999999 0.068025 0.019125 0.02355
0 0.646225 0.008725 0.017475 0.017475
0 0.129225 0.06535 0.019175 0.0182
0 0.657525 0.0814 0.01685 0.016375
0 0.629625 0.195575 0.016399999999999998 0.01795
0 0.65075 0.201175 0.01815 0.018425
0 0.5722 0.379175 0.0176 0.017275
0 0.487975 0.8387 0.01705 0.020274999999999998