0 0.29 0.105 0.0225 0.0175
0 0.2475 0.27125 0.0225 0.0175
0 0.13875 0.45125 0.0225 0.0225
0 0.035 0.29125 0.02 0.0225
0 0.2925 0.03 0.0225 0.0225
0 0.02625 0.41 0.025 0.025
0 0.43 0.125 0.02 0.0175
0 0.2425 0.135 0.02 0.0175
0 0.38 0.55125 0.02 0.02
0 0.10375 0.36875 0.0175 0.0175
0 0.395 0.57 0.02 0.02
0 0.42375 0.45625 0.02 0.02
0 0.21573 0.57053 0.02485 0.03252
0 0.0965 0.41478 0.02487 0.02678
0 0.83 0.04625 0.025 0.0175
0 0.86375 0.1475 0.025 0.0175
0 0.89 0.105 0.0225 0.0175
0 0.7975 0.075 0.0225 0.0175
0 0.80125 0.095 0.0175 0.015
0 0.8175 0.2525 0.0175 0.0175
0 0.8575 0.335 0.025 0.0225
0 0.8475 0.9773 0.0225 0.02
0 0.53875 0.5175 0.02 0.02
0 0.7225 0.2975 0.02 0.02
0 0.8375 0.24625 0.0225 0.02
0 0.86375 0.30625 0.0275 0.0275
0 0.8825 0.23625 0.025 0.0225
0 0.86663 0.10475 0.02438 0.02662
