0 0.24872 0.03263 0.024 0.02368
0 0.32345 0.03222 0.0256 0.02945
0 0.32375 0.08625 0.0275 0.0225
0 0.31875 0.0675 0.0225 0.02
0 0.43125 0.0625 0.025 0.025
0 0.36 0.11375 0.0275 0.0175
0 0.38875 0.16375 0.0225 0.0225
0 0.43125 0.2375 0.025 0.025
0 0.5525 0.16 0.025 0.02
0 0.57125 0.19375 0.0275 0.025
0 0.60375 0.32 0.0275 0.0275
0 0.585 0.35125 0.0275 0.02
0 0.62125 0.41625 0.0275 0.0225
0 0.6481 0.39285 0.02822 0.02453
0 0.63125 0.35 0.025 0.025
0 0.43875 0.18 0.025 0.025
0 0.57125 0.43 0.0225 0.0225
0 0.58125 0.12875 0.02 0.02
0 0.23375 0.1775 0.0225 0.0225
0 0.7275 0.11875 0.0225 0.0225
0 0.6475 0.49 0.02 0.02
0 0.48 0.56875 0.0275 0.02
0 0.56625 0.535 0.025 0.0175
0 0.65 0.52875 0.025 0.0225
0 0.6 0.52625 0.0225 0.0225
0 0.59 0.5325 0.02 0.02
0 0.58875 0.6575 0.025 0.0175
0 0.42 0.64625 0.0275 0.02
0 0.57875 0.79625 0.0225 0.0225
0 0.4775 0.67625 0.02 0.0175
0 0.6875 0.52875 0.02 0.02
0 0.1575 0.5775 0.02 0.015
0 0.3825 0.95875 0.0225 0.02
0 0.3975 0.86625 0.0175 0.0175
0 0.50875 0.8125 0.02 0.0225
0 0.59875 0.76875 0.0225 0.025
0 0.455 0.96625 0.03 0.02
