0 0.05125 0.64375 0.0225 0.02
0 0.15375 0.6275 0.0175 0.0175
0 0.065 0.845 0.0175 0.02
0 0.03 0.8575 0.025 0.0275
0 0.13875 0.41125 0.03 0.0175
0 0.14625 0.4675 0.0225 0.0225
0 0.02875 0.4675 0.02 0.015
0 0.02625 0.48625 0.015 0.015
0 0.03375 0.5525 0.015 0.0125
0 0.3925 0.68625 0.0225 0.015
0 0.375 0.79625 0.0275 0.0125
0 0.4875 0.7825 0.025 0.0225
0 0.10875 0.57875 0.0275 0.02
0 0.03625 0.5325 0.02 0.0175
0 0.09125 0.7675 0.0225 0.02
0 0.36125 0.5775 0.0225 0.015
0 0.14625 0.4675 0.0225 0.0225
0 0.08625 0.67625 0.025 0.025
0 0.97625 0.95375 0.025 0.025