0 0.7525 0.24375 0.0175 0.0175
0 0.795 0.24625 0.015 0.0125
0 0.68125 0.25125 0.0225 0.0175
0 0.63125 0.29625 0.02 0.015
0 0.65125 0.2975 0.015 0.015
0 0.63125 0.32 0.015 0.015
0 0.44375 0.32375 0.0275 0.0225
0 0.45008 0.36262 0.02268 0.02275
0 0.47875 0.14875 0.0225 0.0175
0 0.63328 0.48593 0.02342 0.01933
0 0.45028 0.36323 0.0225 0.0225
0 0.49875 0.12833 0.0225 0.02
0 0.681 0.27455 0.01735 0.01695
0 0.6372 0.30827 0.0157 0.01692
0 0.64427 0.3468 0.0189 0.01862
0 0.52865 0.17688 0.0216 0.01982
0 0.75 0.5625 0.02 0.015
0 0.73 0.5925 0.0225 0.0225
0 0.60458 0.5939 0.02193 0.01885
0 0.34697 0.9531 0.02647 0.0263
0 0.67875 0.51625 0.0225 0.02
0 0.6357 0.50892 0.0218 0.01785
