0 0.105 0.66875 0.0225 0.0225
0 0.1825 0.76625 0.0275 0.0225
0 0.09 0.81 0.0225 0.0175
0 0.10375 0.82375 0.025 0.0225
0 0.14 0.835 0.02 0.0175
0 0.85875 0.78625 0.0175 0.0225
0 0.55375 0.85625 0.0225 0.0275
0 0.15875 0.81125 0.0225 0.02
0 0.2225 0.82125 0.02 0.0225
0 0.235 0.79375 0.02 0.0125
0 0.25125 0.76125 0.02 0.0175
0 0.24875 0.92875 0.02 0.0225
0 0.1275 0.9475 0.0225 0.0225
0 0.56625 0.475 0.0175 0.0175
0 0.13125 0.765 0.02 0.0175
0 0.3025 0.8275 0.0225 0.02
0 0.60625 0.9275 0.02 0.02
0 0.3075 0.8025 0.02 0.02
0 0.48 0.91375 0.0175 0.0175
0 0.05875 0.4225 0.0225 0.0225
0 0.6875 0.71 0.0225 0.02
0 0.84875 0.97625 0.02 0.02
0 0.5425 0.8175 0.0225 0.02
0 0.015 0.6225 0.0225 0.0225
0 0.87 0.80875 0.02 0.02
0 0.86875 0.735 0.02 0.0175
0 0.659625 0.8639749999999999 0.0256 0.01885
0 0.1204 0.8528249999999999 0.021375 0.01915
0 0.127525 0.869375 0.0275 0.018225
0 0.617725 0.961575 0.02355 0.026699999999999998
0 0.8229500000000001 0.83595 0.024575 0.0246
0 0.3201 0.8880750000000001 0.023399999999999997 0.025525000000000003
0 0.956825 0.9494750000000001 0.0189 0.021825
0 0.9006000000000001 0.949875 0.016725 0.019675
0 0.896725 0.8284 0.019375 0.020025
0 0.813875 0.9654 0.024425 0.018325
0 0.8724500000000001 0.952575 0.017725 0.019475
0 0.362425 0.96705 0.018525 0.026600000000000002
0 0.397275 0.834225 0.018475 0.01795
0 0.063975 0.7193999999999999 0.0179 0.019375
0 0.038849999999999996 0.771425 0.021099999999999997 0.018925
0 0.17345 0.6229 0.019125 0.019950000000000002