0 0.03625 0.0525 0.0175 0.0175
0 0.05875 0.08125 0.0225 0.025
0 0.88875 0.15625 0.02 0.02
0 0.8775 0.1675 0.015 0.0175
0 0.95375 0.20875 0.02 0.02
0 0.36375 0.1925 0.0225 0.0225
0 0.77545 0.0217 0.024825 0.0241
0 0.054125 0.03625 0.0225 0.0225
0 0.1375 0.03 0.025 0.025
0 0.78375 0.41375 0.025 0.025
0 0.023225 0.085275 0.014275 0.015175000000000001
0 0.00625 0.0701 0.0125 0.020525
0 0.0116 0.0366 0.023225 0.017849999999999998
0 0.0308 0.247775 0.015175000000000001 0.020525
0 0.39865 0.19552499999999998 0.016975 0.023225
0 0.846875 0.28614999999999996 0.01875 0.01875
0 0.4567 0.0183 0.020525 0.020525
0 0.389725 0.15535 0.015175000000000001 0.021425
0 0.37545 0.13572499999999998 0.027675 0.01965
0 0.565175 0.02365 0.017849999999999998 0.022324999999999998
0 0.848225 0.25 0.023225 0.01965
0 0.983475 0.3741 0.022324999999999998 0.025