0 0.13397 0.10263 0.02342 0.02517
0 0.1325 0.145 0.0225 0.0225
0 0.30625 0.2175 0.0225 0.02
0 0.24125 0.3175 0.0175 0.02
0 0.33375 0.22625 0.0175 0.0225
0 0.35375 0.26125 0.025 0.0225
0 0.31875 0.27625 0.0225 0.0225
0 0.35615 0.21108 0.01765 0.02215
0 0.15985 0.33755 0.02148 0.0215
0 0.24052 0.3699 0.0007 0.0005
0 0.63323 0.17437 0.02945 0.02355
0 0.51617 0.22618 0.01627 0.01843
0 0.66108 0.25007 0.01857 0.018
0 0.6965 0.24772 0.01622 0.01868
0 0.77827 0.2258 0.0173 0.01767
0 0.4 0.69125 0.02 0.0175
0 0.4025 0.7375 0.0225 0.0275
0 0.41625 0.78875 0.02 0.0225
0 0.085 0.94375 0.0225 0.02
0 0.16875 0.95625 0.0225 0.025
0 0.30945 0.82562 0.0242 0.02602
0 0.44203 0.828 0.02158 0.0236
0 0.0642 0.83472 0.01947 0.023
0 0.65243 0.847 0.02393 0.021
0 0.87935 0.87167 0.02425 0.02193
0 0.82465 0.91347 0.0243 0.02442
0 0.84 0.955 0.02 0.0175
0 0.76125 0.84 0.02 0.02
0 0.81343 0.88038 0.01972 0.0179
0 0.57487 0.73515 0.0158 0.01675
0 0.6205 0.71145 0.01957 0.0211
0 0.80817 0.92673 0.02172 0.01953
