0 0.4325 0.87 0.0275 0.025
0 0.42625 0.91625 0.0275 0.02
0 0.415 0.9375 0.0225 0.015
0 0.3225 0.30375 0.025 0.02
0 0.425 0.13375 0.025 0.0225
0 0.4525 0.14 0.02 0.0225
0 0.48125 0.1925 0.03 0.0175
0 0.39375 0.0575 0.02 0.0175
0 0.39625 0.08625 0.0225 0.015
0 0.3975 0.1075 0.02 0.02
0 0.42875 0.0975 0.0225 0.02
0 0.41125 0.11375 0.0225 0.0225
0 0.38375 0.12625 0.0275 0.025
0 0.14 0.0425 0.0225 0.025
0 0.20955 0.0475 0.025 0.025
0 0.385 0.185 0.02 0.02
0 0.355 0.24125 0.0225 0.02
0 0.35625 0.06 0.0225 0.02
0 0.13625 0.0775 0.0225 0.0225
0 0.25375 0.2425 0.0225 0.0225
0 0.10625 0.11375 0.02 0.0175
0 0.32375 0.12223 0.0275 0.0275
0 0.39125 0.26375 0.0225 0.02
0 0.0675 0.10375 0.02 0.02
0 0.105 0.2025 0.02 0.02
0 0.3275 0.2125 0.0225 0.0225
0 0.47875 0.895 0.0225 0.0225
0 0.555 0.25125 0.0275 0.0225
0 0.525 0.27875 0.0325 0.03
0 0.5425 0.35125 0.025 0.03
0 0.51125 0.36625 0.02 0.025
0 0.61625 0.32375 0.0225 0.025
0 0.59875 0.2975 0.0175 0.0225
0 0.615 0.28 0.0225 0.0225
0 0.71625 0.43125 0.03 0.0275
0 0.83 0.43 0.0275 0.0225
0 0.77 0.38 0.025 0.02
0 0.68 0.36625 0.025 0.02
0 0.845 0.16625 0.0275 0.0275
0 0.5625 0.7225 0.025 0.0225
0 0.66 0.32125 0.0225 0.0225
0 0.7975 0.28208 0.025 0.0225
0 0.72375 0.35 0.0275 0.025
0 0.53375 0.86625 0.02 0.02
0 0.6575 0.86125 0.025 0.025
0 0.785 0.48 0.025 0.025
0 0.69125 0.29375 0.0225 0.02
0 0.70625 0.2675 0.02 0.02
0 0.51375 0.795 0.0225 0.0225
0 0.94625 0.045 0.02 0.02
0 0.8825 0.58875 0.02 0.02
0 0.71 0.3175 0.025 0.025
0 0.53875 0.845 0.02 0.02
