0 0.31125 0.2425 0.0225 0.0225
0 0.11125 0.4925 0.025 0.0175
0 0.17625 0.495 0.0275 0.02
0 0.31625 0.87 0.02 0.02
0 0.23375 0.90375 0.02 0.02
0 0.4725 0.44 0.02 0.02
0 0.3775 0.6275 0.025 0.0225
0 0.49875 0.68375 0.02 0.02
0 0.49125 0.77375 0.02 0.02
0 0.2175 0.75375 0.02 0.0225
0 0.335 0.5775 0.0225 0.02
0 0.3975 0.3975 0.02 0.0175
0 0.34125 0.28 0.02 0.015
0 0.4125 0.3675 0.0225 0.02
0 0.1725 0.61625 0.0225 0.02
0 0.14625 0.535 0.0275 0.0225
0 0.16625 0.805 0.0225 0.02
0 0.07 0.8175 0.0175 0.0175
0 0.2025 0.8 0.0225 0.0225
0 0.31625 0.30125 0.02 0.02
0 0.26875 0.10625 0.025 0.025
0 0.3375 0.92625 0.0225 0.0225
0 0.3675 0.57625 0.02 0.02
0 0.37125 0.49 0.0225 0.0225
0 0.47625 0.69375 0.025 0.025
0 0.10625 0.71125 0.0225 0.02
0 0.17 0.78375 0.0225 0.02
0 0.535 0.7825 0.02 0.02
0 0.14625 0.7875 0.02 0.02
0 0.42375 0.195 0.0225 0.0225
0 0.395 0.27125 0.02 0.02
0 0.27875 0.42 0.02 0.02
0 0.05625 0.7825 0.02 0.02
0 0.346875 0.541875 0.0225 0.0225
0 0.36 0.17375 0.0225 0.0225
0 0.3025 0.73125 0.0225 0.0225
0 0.49875 0.75 0.02 0.02
0 0.21375 0.8725 0.0225 0.0225
0 0.32125 0.605 0.0225 0.0225
0 0.38875 0.1325 0.0225 0.0225
0 0.33375 0.42625 0.02 0.02
0 0.43625 0.5425 0.0225 0.0225
0 0.2425 0.86125 0.02 0.02
0 0.463125 0.08625 0.025 0.025
0 0.1725 0.8275 0.02 0.02
0 0.49125 0.06875 0.0225 0.0225
0 0.14 0.8225 0.0225 0.02
0 0.27 0.2975 0.02 0.02
0 0.22625 0.84625 0.02 0.02
0 0.44 0.0675 0.025 0.025
0 0.12625 0.76 0.0225 0.0225
0 0.2825 0.06625 0.0225 0.0225
0 0.3525 0.44625 0.02 0.02
0 0.338125 0.4725 0.02 0.0175
0 0.2575 0.06 0.0225 0.0225
0 0.45567500000000005 0.39375 0.02 0.0175
0 0.605 0.545 0.02 0.02
0 0.061500000000000006 0.62615 0.026225000000000002 0.025525000000000003
0 0.29710000000000003 0.6736249999999999 0.022400000000000003 0.0292
0 0.20149999999999998 0.85925 0.022425 0.02545
0 0.39335000000000003 0.9027 0.024874999999999998 0.022375
0 0.3946 0.9323999999999999 0.019875 0.022975
0 0.44957500000000006 0.9274 0.029875 0.036725
0 0.439275 0.9727 0.034249999999999996 0.0236
0 0.4399 0.57085 0.0255 0.028650000000000002
0 0.3871 0.155225 0.029900000000000003 0.019925
0 0.10980000000000001 0.5141749999999999 0.030750000000000003 0.023174999999999998
0 0.465875 0.67375 0.02545 0.020225
0 0.44380000000000003 0.271725 0.01965 0.022000000000000002
0 0.46502499999999997 0.37605 0.03185 0.020225
0 0.4127 0.27140000000000003 0.0191 0.024849999999999997
0 0.3601 0.4156 0.023174999999999998 0.028374999999999997
0 0.358 0.131325 0.0222 0.01885
0 0.4715 0.357325 0.0208 0.01675
0 0.33030000000000004 0.516425 0.02085 0.02145
0 0.1452 0.4921 0.01955 0.020125
0 0.44380000000000003 0.61375 0.027575 0.01745
0 0.4357 0.734025 0.023525 0.0215
0 0.1844 0.7164499999999999 0.0209 0.022850000000000002
0 0.22155000000000002 0.941725 0.019525 0.020724999999999997
0 0.6981499999999999 0.830275 0.021400000000000002 0.020775000000000002
0 0.653575 0.620175 0.022775 0.023525
0 0.09455 0.6465000000000001 0.018225 0.020825
0 0.090475 0.617125 0.020925 0.018799999999999997
0 0.41340000000000005 0.038775 0.024874999999999998 0.01885
0 0.246775 0.919625 0.022375 0.01565
0 0.175475 0.93285 0.017275 0.01565
0 0.0554 0.64845 0.021925 0.023624999999999997