0 0.06865 0.41 0.02125 0.02035
0 0.6125 0.74875 0.03 0.025
0 0.9092 0.83035 0.02803 0.02572
0 0.65 0.75125 0.025 0.02
0 0.53125 0.77875 0.025 0.025
0 0.66625 0.62125 0.025 0.0225
0 0.89 0.64625 0.025 0.02
0 0.5775 0.8175 0.025 0.025
0 0.72875 0.895 0.0225 0.0225
0 0.745 0.91375 0.02 0.02
0 0.495 0.65875 0.0225 0.02
0 0.21625 0.775 0.02 0.02
0 0.20813 0.68097 0.02232 0.01982
0 0.26625 0.69 0.0225 0.0225
0 0.12125 0.7549 0.02572 0.02803
0 0.1816 0.7051 0.02465 0.0234
0 0.16142 0.78097 0.02035 0.02125
0 0.0901 0.7292 0.02482 0.02053
0 0.0475 0.735 0.0175 0.02
0 0.20125 0.88365 0.02 0.02553
0 0.7825 0.975 0.0225 0.02
0 0.10375 0.56875 0.0275 0.0225
0 0.25625 0.735 0.0225 0.02
0 0.70455 0.64153 0.0266 0.02375
0 0.135 0.73625 0.025 0.025
0 0.205 0.74 0.0225 0.0225
0 0.6791 0.86715 0.02572 0.02215
0 0.22375 0.7175 0.0225 0.0225
0 0.12625 0.65875 0.0225 0.0225
0 0.6816 0.8533 0.02393 0.02125
0 0.96698 0.53483 0.01965 0.01893
0 0.84073 0.92947 0.02142 0.02142
0 0.08885 0.60802 0.02232 0.02322
0 0.0701 0.75357 0.01698 0.01607
0 0.51295 0.61295 0.01875 0.02232
0 0.7308 0.71205 0.01698 0.02053
0 0.9509 0.95983 0.01965 0.01427
