0 0.73875 0.04375 0.0225 0.02
0 0.9175 0.0625 0.025 0.02
0 0.50625 0.05875 0.0275 0.02
0 0.535 0.18625 0.02 0.025
0 0.715 0.16125 0.03 0.025
0 0.69 0.21625 0.0225 0.0225
0 0.6475 0.3125 0.025 0.0275
0 0.60625 0.30125 0.02 0.0175
0 0.66375 0.27625 0.0175 0.0225
0 0.69875 0.32 0.02 0.015
0 0.76625 0.43625 0.025 0.02
0 0.68 0.4675 0.025 0.02
0 0.73875 0.4725 0.0275 0.025
0 0.8575 0.155 0.0225 0.0225
0 0.92 0.16 0.0225 0.0225
0 0.93125 0.28125 0.025 0.025
0 0.95375 0.2075 0.0225 0.02
0 0.5875 0.215 0.0225 0.0225
0 0.725 0.215 0.025 0.025
0 0.7225 0.44375 0.025 0.025
0 0.6875 0.27875 0.0275 0.0275
0 0.96375 0.265 0.02 0.02
0 0.91625 0.1075 0.0225 0.0225
0 0.52625 0.3125 0.02 0.0175
0 0.96625 0.2325 0.02 0.02
0 0.475 0.205 0.0225 0.0225
0 0.60625 0.18625 0.0225 0.0225
0 0.89 0.11875 0.02 0.02
0 0.96 0.32375 0.025 0.025
0 0.81298 0.13625 0.02 0.02
0 0.45875 0.28 0.025 0.0225
0 0.0925 0.56375 0.025 0.02
0 0.045 0.63625 0.0275 0.025
0 0.205 0.7375 0.02 0.025
0 0.07125 0.69875 0.02 0.0275
0 0.035 0.87375 0.02 0.02
0 0.06 0.92875 0.0225 0.025
0 0.1875 0.90625 0.0175 0.0175
0 0.8225 0.80375 0.025 0.02
0 0.925 0.63375 0.025 0.0225
0 0.9525 0.64 0.02 0.0225
0 0.98125 0.6925 0.03 0.0175
0 0.89375 0.5575 0.02 0.0175
0 0.89625 0.58625 0.0225 0.015
0 0.8975 0.6075 0.02 0.02
0 0.92875 0.5975 0.0225 0.02
0 0.91125 0.61375 0.0225 0.0225
0 0.88375 0.62625 0.0275 0.025
0 0.64 0.5425 0.0225 0.025
0 0.70955 0.5475 0.025 0.025
0 0.885 0.685 0.02 0.02
0 0.855 0.74125 0.0225 0.02
0 0.85625 0.56 0.0225 0.02
0 0.63625 0.5775 0.0225 0.0225
0 0.255 0.95722 0.02 0.0225
0 0.75375 0.7425 0.0225 0.0225
0 0.60625 0.61375 0.02 0.0175
0 0.82375 0.62223 0.0275 0.0275
0 0.2375 0.87625 0.025 0.025
0 0.03875 0.8025 0.02 0.02
0 0.32125 0.93 0.025 0.025
0 0.89125 0.76375 0.0225 0.02
0 0.5675 0.60375 0.02 0.02
0 0.605 0.7025 0.02 0.02
0 0.1375 0.71375 0.0225 0.0225
0 0.8275 0.7125 0.0225 0.0225
0 0.0825 0.67015 0.0225 0.02
0 0.04375 0.85375 0.0225 0.02
0 0.185 0.70125 0.02 0.02
0 0.18 0.87125 0.0225 0.02
0 0.1225 0.755 0.0225 0.02
