0 0.38625 0.17625 0.0225 0.0225
0 0.39375 0.9675 0.02 0.0225
0 0.4 0.983125 0.021425 0.020175000000000002
0 0.3525 0.97125 0.02 0.0225
0 0.30215 0.86285 0.021775000000000003 0.025724999999999998
0 0.3675 0.725 0.02 0.02
0 0.91 0.61625 0.025 0.0225
0 0.94375 0.60875 0.0225 0.0225
0 0.47625 0.7575 0.02 0.0225
0 0.35125 0.925 0.0225 0.0225
0 0.32125 0.9 0.02 0.0225
0 0.4675 0.94875 0.02 0.015
0 0.45125 0.77 0.025 0.0225
0 0.37875 0.86875 0.0225 0.025
0 0.7725 0.8525 0.0225 0.0225
0 0.7775 0.9 0.0225 0.0225
0 0.7025 0.04625 0.02 0.02
0 0.46740000000000004 0.965175 0.01875 0.017849999999999998
0 0.284825 0.57635 0.017849999999999998 0.022324999999999998