0 0.31375 0.6775 0.0225 0.025
0 0.20625 0.5775 0.025 0.02
0 0.405 0.64625 0.02 0.02
0 0.31375 0.51125 0.02 0.0175
0 0.29625 0.525 0.02 0.02
0 0.155 0.1825 0.025 0.02
0 0.04 0.145 0.0225 0.0175
0 0.1425 0.8775 0.025 0.0225
0 0.08625 0.38875 0.0275 0.0225
0 0.37875 0.07 0.0275 0.0175
0 0.37 0.22375 0.015 0.015
0 0.2975 0.155 0.0175 0.02
0 0.26375 0.3 0.02 0.0225
0 0.225 0.8375 0.02 0.02
0 0.285 0.80875 0.025 0.025
0 0.2375 0.855 0.0175 0.0175
0 0.27375 0.8825 0.02 0.0225
0 0.32625 0.275 0.0225 0.02
0 0.17 0.585 0.025 0.0225
0 0.38 0.24125 0.0225 0.015
0 0.23625 0.64375 0.02 0.0175
0 0.2725 0.625 0.02 0.0175
0 0.08875 0.58 0.0175 0.02
0 0.19 0.81625 0.02 0.0225
0 0.15625 0.945 0.02 0.02
0 0.32625 0.3625 0.0175 0.015
0 0.30875 0.32875 0.0175 0.02
0 0.05375 0.18 0.02 0.02
0 0.35625 0.2775 0.0225 0.0225
0 0.35625 0.25375 0.02 0.0225
0 0.18 0.11875 0.025 0.0225
0 0.09625 0.2675 0.0175 0.02
0 0.10125 0.19375 0.02 0.0275
0 0.34375 0.48125 0.02 0.0225
0 0.38875 0.66375 0.02 0.0225
0 0.425 0.48625 0.0225 0.02
0 0.21 0.33125 0.0225 0.025
0 0.055 0.20125 0.015 0.0175
0 0.07125 0.2175 0.02 0.02
0 0.17625 0.18 0.02 0.0175
0 0.1675 0.16875 0.02 0.02
0 0.19375 0.1525 0.02 0.02
0 0.59625 0.35 0.025 0.0175
0 0.6325 0.335 0.025 0.0275
0 0.57875 0.735 0.0225 0.025
0 0.575 0.62625 0.02 0.0225
0 0.88 0.3 0.025 0.02
0 0.915 0.11125 0.02 0.02
0 0.9675 0.3525 0.0225 0.0225
0 0.8125 0.18125 0.03 0.02
0 0.61875 0.3775 0.0175 0.02
0 0.5575 0.8975 0.0225 0.02
