0 0.16625 0.57 0.025 0.03
0 0.26375 0.53 0.02 0.025
0 0.285 0.53875 0.015 0.015
0 0.3 0.54875 0.0225 0.0225
0 0.2575 0.5025 0.0225 0.02
0 0.24 0.4575 0.0275 0.0275
0 0.4475 0.56625 0.0225 0.0275
0 0.31125 0.53 0.02 0.015
0 0.14875 0.49125 0.02 0.0225
0 0.09875 0.56625 0.02 0.0225
0 0.0825 0.34625 0.0175 0.0225
0 0.38625 0.775 0.0225 0.02
0 0.0275 0.33625 0.02 0.02
0 0.155 0.35625 0.02 0.0225
0 0.185 0.285 0.015 0.015
0 0.37125 0.37375 0.02 0.0175
0 0.37125 0.9775 0.025 0.025
0 0.33875 0.98625 0.0225 0.0225
0 0.18875 0.35625 0.02 0.02
0 0.15125 0.7758 0.0225 0.0225
0 0.05875 0.31 0.02 0.02
0 0.03875 0.35 0.02 0.02
0 0.33 0.7725 0.02 0.0175
0 0.3075 0.50375 0.02 0.02
0 0.07653 0.2925 0.02 0.0175
0 0.865 0.70625 0.0275 0.025
0 0.57625 0.58375 0.02 0.02
0 0.82125 0.57625 0.02 0.02
0 0.85125 0.56375 0.025 0.02
0 0.7075 0.655 0.02 0.02
0 0.67125 0.68 0.0175 0.0175
0 0.55875 0.7875 0.02 0.02
0 0.5307 0.73603 0.0261 0.01953
0 0.935 0.86375 0.0225 0.0225
0 0.715 0.8725 0.0225 0.02
0 0.5475 0.56375 0.02 0.0175
0 0.85875 0.62375 0.0175 0.0175
0 0.75625 0.73625 0.0225 0.0175
0 0.955 0.67875 0.02 0.02
0 0.975 0.665 0.0175 0.015
0 0.835 0.12625 0.025 0.025
0 0.73 0.50625 0.0225 0.02
