0 0.23875 0.50125 0.0225 0.025
0 0.65375 0.51 0.02 0.025
0 0.53875 0.5125 0.0225 0.025
0 0.1075 0.5175 0.0225 0.0225
0 0.2075 0.51875 0.0225 0.02
0 0.1775 0.5275 0.0175 0.02
0 0.0375 0.54625 0.0175 0.025
0 0.1475 0.5526 0.015 0.0202
0 0.1727 0.56305 0.019799999999999998 0.025525000000000003
0 0.23375 0.5825 0.0175 0.015
0 0.57875 0.585 0.0175 0.0225
0 0.31 0.5925 0.025 0.0275
0 0.19 0.5975 0.02 0.02
0 0.46125 0.60125 0.02 0.02
0 0.44875 0.63125 0.02 0.02
0 0.32395 0.6513 0.02175 0.02395
0 0.555 0.6575 0.0225 0.025
0 0.629675 0.6706749999999999 0.022574999999999998 0.021150000000000002
0 0.49375 0.71375 0.0225 0.0225
0 0.525 0.74625 0.0225 0.025
0 0.31625 0.7475 0.025 0.0275
0 0.6098250000000001 0.7556499999999999 0.025825 0.023700000000000002
0 0.591275 0.79345 0.020575 0.021775000000000003
0 0.24875 0.0775 0.02 0.0225
0 0.1954 0.11699999999999999 0.025375 0.024
0 0.23375 0.1575 0.0175 0.02
0 0.57375 0.4425 0.02 0.0175
0 0.55175 0.47417499999999996 0.024 0.02165
0 0.61625 0.48125 0.02 0.0225
0 0.0875 0.49 0.02 0.025
0 0.448975 0.63125 0.02 0.02
0 0.285275 0.22 0.0225 0.0225
0 0.0325 0.75125 0.025 0.025
0 0.91875 0.84375 0.0225 0.0225
0 0.17 0.4375 0.0225 0.02
0 0.156975 0.057125 0.01855 0.01925
0 0.02875 0.1725 0.02 0.02
0 0.048875 0.82415 0.01965 0.020925
0 0.4775 0.51375 0.0175 0.0175
0 0.34125 0.29 0.02 0.02
0 0.04625 0.23 0.0225 0.0225
0 0.51375 0.67 0.02 0.02
0 0.67 0.54125 0.025 0.0225
0 0.2321 0.08595000000000001 0.0203 0.01925
0 0.205 0.73375 0.025 0.025
0 0.27 0.11375 0.0225 0.0225
0 0.50375 0.62 0.0225 0.0225
0 0.12125 0.3425 0.0225 0.0225
0 0.46125 0.3025 0.02 0.02
0 0.23625 0.24375 0.0225 0.0225
0 0.0149 0.7595999999999999 0.017975 0.019275
0 0.008475 0.20379999999999998 0.016975 0.0174
0 0.193775 0.4443 0.02675 0.025675
0 0.92605 0.8046 0.01815 0.01815
0 0.9423 0.7795000000000001 0.016725 0.019725
0 0.058475 0.8404250000000001 0.017 0.019125
0 0.017225 0.19210000000000002 0.019125 0.015825
0 0.0067 0.1777 0.0134 0.0143
0 0.008100000000000001 0.305325 0.014125 0.020125
0 0.05235 0.2046 0.017225 0.0217
0 0.268175 0.07352500000000001 0.022574999999999998 0.0226
0 0.193475 0.15257500000000002 0.020874999999999998 0.021225
0 0.16975 0.08352499999999999 0.016274999999999998 0.013474999999999999
0 0.186625 0.08825 0.01425 0.0176
0 0.2655 0.16175 0.016725 0.016325
0 0.257375 0.24885000000000002 0.020950000000000003 0.018375
0 0.25272500000000003 0.257525 0.017775 0.011725000000000001
0 0.306 0.29960000000000003 0.020925 0.018825
0 0.3488 0.30705 0.02205 0.01625
0 0.55055 0.26765 0.01895 0.017475
0 0.492125 0.30670000000000003 0.0182 0.0152
0 0.21605 0.08965 0.0196 0.016774999999999998
0 0.251675 0.15395 0.016274999999999998 0.01505
0 0.187225 0.546525 0.025550000000000003 0.0248
0 0.263575 0.49274999999999997 0.019275 0.018075
0 0.47814999999999996 0.6575 0.017025 0.016774999999999998
0 0.48414999999999997 0.6733750000000001 0.01745 0.021099999999999997
0 0.59645 0.441175 0.021375 0.021225
0 0.08295 0.9830500000000001 0.017675 0.019675
0 0.30112500000000003 0.5586249999999999 0.02545 0.022625000000000003