0 0.12625 0.07 0.0225 0.0225
0 0.14125 0.03 0.0175 0.025
0 0.20125 0.0175 0.025 0.02
0 0.0325 0.0925 0.0225 0.0275
0 0.0175 0.17625 0.0225 0.02
0 0.06125 0.1275 0.02 0.0225
0 0.2141 0.168475 0.023225 0.020525
0 0.678925 0.385725 0.01965 0.021425
0 0.87875 0.18375 0.0275 0.0225
0 0.68125 0.05125 0.025 0.025
0 0.24625 0.67375 0.025 0.0225
0 0.25 0.7925 0.0225 0.0175
0 0.6075 0.96375 0.0225 0.0225
0 0.205 0.91125 0.0225 0.02
0 0.6825 0.54625 0.02 0.0225
0 0.82875 0.53875 0.0225 0.0225
0 0.9725 0.14375 0.025 0.0275
0 0.71125 0.60125 0.02 0.0175
0 0.02625 0.3 0.02 0.0225
0 0.0925 0.24875 0.0175 0.0175
0 0.03875 0.16625 0.025 0.0175
0 0.1475 0.05375 0.02 0.0175
0 0.466875 0.619725 0.02125 0.021974999999999998
0 0.5175 0.76375 0.0175 0.0175
0 0.5325 0.75 0.0175 0.0225
0 0.50125 0.68625 0.02 0.02
0 0.71 0.4575 0.0175 0.015
0 0.69875 0.33875 0.0225 0.0225
0 0.725 0.06875 0.02 0.0225
0 0.6675 0.09 0.0225 0.0175
0 0.76 0.11125 0.0275 0.025
0 0.17375 0.12125 0.0225 0.0175
0 0.22875 0.57375 0.02 0.0175
0 0.63625 0.6925 0.0175 0.02
0 0.195 0.395 0.0225 0.0225
0 0.3375 0.0875 0.0225 0.0225
0 0.175 0.6125 0.0225 0.02
0 0.3075 0.2475 0.02 0.02
0 0.4175 0.065 0.0225 0.0225
0 0.693125 0.39715000000000006 0.020525 0.017150000000000002
0 0.68875 0.13625 0.02 0.02
0 0.24875 0.29 0.025 0.025
0 0.425 0.95375 0.02 0.02
0 0.2625 0.38 0.0225 0.0225
0 0.077675 0.08125 0.017849999999999998 0.016075
0 0.29375 0.17052499999999998 0.021425 0.021425
0 0.0942 0.4174 0.022324999999999998 0.020525
0 0.214725 0.5875 0.016975 0.017849999999999998
0 0.175 0.5915250000000001 0.01965 0.022324999999999998
0 0.6455249999999999 0.71115 0.021425 0.01875
0 0.675 0.46340000000000003 0.016075 0.017849999999999998
0 0.71965 0.44955 0.017849999999999998 0.01875
0 0.715175 0.3116 0.017849999999999998 0.021425
0 0.815625 0.01205 0.022324999999999998 0.016975
0 0.76875 0.051775 0.014275 0.017849999999999998
0 0.75625 0.052675 0.017849999999999998 0.016075
0 0.778125 0.027675 0.015175000000000001 0.0125
0 0.7692 0.071425 0.016975 0.01965