0 0.50875 0.13 0.0225 0.03
0 0.53125 0.13625 0.025 0.03
0 0.50625 0.18 0.0275 0.0275
0 0.6325 0.27875 0.025 0.0275
0 0.5975 0.29125 0.02 0.02
0 0.59875 0.30875 0.0225 0.025
0 0.68625 0.295 0.0275 0.0225
0 0.695 0.31125 0.03 0.0225
0 0.79625 0.3625 0.025 0.02
0 0.15 0.54125 0.035 0.0325
0 0.15 0.59125 0.02 0.025
0 0.385 0.57375 0.0225 0.0175
0 0.43375 0.51375 0.0225 0.02
0 0.42375 0.53125 0.025 0.0225
0 0.4575 0.515 0.03 0.0225
0 0.4925 0.5625 0.02 0.0225
0 0.75125 0.60625 0.0275 0.0275
0 0.65375 0.6625 0.0225 0.0225
0 0.66375 0.67625 0.0275 0.0275
0 0.7875 0.77375 0.02 0.02
0 0.81125 0.78625 0.02 0.0175
0 0.62125 0.97125 0.0225 0.0175
0 0.90625 0.74875 0.0175 0.02
0 0.44875 0.9625 0.0275 0.02
0 0.3525 0.90375 0.025 0.025
0 0.4175 0.88625 0.02 0.0175
0 0.215 0.8075 0.0225 0.02
0 0.21625 0.83125 0.025 0.025
0 0.37125 0.84375 0.02 0.02
0 0.395 0.85625 0.03 0.0175
0 0.1625 0.725 0.0275 0.0225
0 0.14125 0.7675 0.0275 0.0225
0 0.02125 0.7375 0.02 0.02
0 0.42125 0.805 0.0275 0.02
0 0.7536 0.78808 0.02 0.02
0 0.445 0.80625 0.0225 0.0225
0 0.4764 0.94095 0.0225 0.0225
0 0.5075 0.9 0.025 0.025
0 0.3864 0.59595 0.0175 0.0175
