0 0.3125 0.61375 0.0275 0.03
0 0.425 0.39 0.02 0.0225
0 0.45125 0.36875 0.025 0.0225
0 0.3775 0.08875 0.0175 0.0225
0 0.38375 0.62 0.0225 0.02
0 0.33125 0.36125 0.0275 0.02
0 0.4425 0.285 0.0225 0.02
0 0.29375 0.6425 0.02 0.025
0 0.31625 0.25625 0.0225 0.02
0 0.48375 0.3075 0.025 0.025
0 0.37875 0.02375 0.02 0.02
0 0.37 0.0425 0.015 0.0175
0 0.48375 0.37875 0.02 0.02
0 0.43625 0.4225 0.02 0.0175
0 0.28625 0.40125 0.02 0.0225
0 0.29875 0.38 0.0175 0.025
0 0.26875 0.37125 0.025 0.0275
0 0.32875 0.2975 0.0175 0.0225
0 0.38125 0.30625 0.02 0.0225
0 0.36875 0.2825 0.0175 0.02
0 0.20125 0.5625 0.0175 0.0175
0 0.40625 0.46 0.02 0.02
0 0.18375 0.34625 0.02 0.02
0 0.4225 0.25625 0.025 0.025
0 0.395 0.2025 0.0225 0.0225
0 0.40125 0.05 0.02 0.02
0 0.305 0.70875 0.02 0.02
0 0.89875 0.6825 0.0325 0.025
0 0.895 0.5925 0.025 0.02
0 0.6925 0.53875 0.0275 0.02
0 0.54625 0.6275 0.0225 0.0225
0 0.9075 0.6275 0.02 0.0275
0 0.86375 0.6975 0.02 0.0225
0 0.7325 0.5425 0.02 0.0175
0 0.93 0.57625 0.0175 0.02
0 0.93375 0.65375 0.0175 0.025
0 0.665 0.24375 0.0175 0.02
0 0.675 0.2625 0.015 0.0175
0 0.68875 0.295 0.015 0.0175
0 0.95 0.57375 0.0225 0.02
0 0.53125 0.6425 0.02 0.0225
0 0.575 0.235 0.025 0.0225
0 0.85125 0.59375 0.0175 0.02
0 0.8875 0.6175 0.03 0.025
0 0.5325 0.25625 0.0225 0.025
0 0.5975 0.16375 0.02 0.02
0 0.815 0.97625 0.0225 0.025
0 0.7825 0.98125 0.025 0.025
0 0.935 0.6025 0.02 0.015
0 0.5525 0.245 0.0225 0.0225
0 0.58 0.2625 0.0175 0.0225
0 0.62875 0.385 0.0225 0.025
0 0.56 0.41125 0.0175 0.0175
0 0.625 0.18375 0.02 0.0225
0 0.63375 0.2125 0.0175 0.0225
0 0.85625 0.72625 0.0175 0.0175
0 0.835 0.72875 0.02 0.0225
0 0.89125 0.70375 0.025 0.0175
0 0.9675 0.20875 0.0175 0.0175
0 0.76625 0.79625 0.02 0.02
0 0.5675 0.37125 0.0225 0.0225
