0 0.035 0.7825 0.02 0.02
0 0.105 0.545 0.02 0.02
0 0.19815 0.83027 0.0214 0.02078
0 0.15358 0.62018 0.02278 0.02353
0 0.67625 0.04875 0.0225 0.02
0 0.7675 0.14125 0.02 0.02
0 0.78 0.02875 0.025 0.025
0 0.87375 0.08 0.0225 0.02
0 0.9175 0.31 0.03 0.0275
0 0.97125 0.37375 0.025 0.0225
0 0.8625 0.39 0.0225 0.02
0 0.91125 0.3675 0.0225 0.02
0 0.69125 0.08625 0.0225 0.0225
0 0.79875 0.2275 0.02 0.02
0 0.81625 0.2475 0.0225 0.0225
0 0.8175 0.10875 0.0275 0.025
0 0.87375 0.08 0.0225 0.02
0 0.7825 0.175 0.0225 0.0225
0 0.81125 0.32 0.0225 0.0225
0 0.7825 0.0875 0.0225 0.0225
0 0.82875 0.3925 0.02 0.02
0 0.84125 0.0675 0.0225 0.0225
0 0.92 0.21375 0.0275 0.0275
0 0.8575 0.14125 0.0225 0.0225
0 0.9025 0.255 0.0225 0.02
0 0.9075 0.23875 0.0225 0.0225
0 0.79875 0.15375 0.025 0.025
0 0.86875 0.0375 0.0225 0.0225
0 0.88625 0.4825 0.0225 0.0225
0 0.96125 0.3975 0.0225 0.02
0 0.80875 0.34625 0.0225 0.0225
0 0.8325 0.04125 0.02 0.02
0 0.835 0.21375 0.0225 0.0225
0 0.8575 0.31 0.0225 0.0225
0 0.9675 0.43 0.025 0.025
0 0.875 0.26625 0.0225 0.0225
0 0.93275 0.18615 0.0266 0.0276
0 0.95388 0.23117 0.0266 0.02708
0 0.81152 0.19212 0.02445 0.01805
0 0.8076 0.20953 0.02445 0.0195
0 0.82967 0.12762 0.02248 0.01558
0 0.88212 0.05973 0.02737 0.0259
0 0.83458 0.14233 0.0215 0.0185
0 0.85515 0.11807 0.02053 0.01997
0 0.90395 0.64802 0.02505 0.02328
0 0.93055 0.64978 0.02562 0.03263
0 0.71628 0.74625 0.0239 0.02795
0 0.75953 0.76787 0.0204 0.02792
0 0.93843 0.42847 0.018 0.02618
0 0.6599 0.15332 0.0253 0.02517
0 0.68233 0.25835 0.03632 0.02583
