0 0.27125 0.44 0.0225 0.0225
0 0.05625 0.43125 0.02 0.02
0 0.06 0.405 0.02 0.0125
0 0.1 0.3625 0.0225 0.02
0 0.33875 0.48375 0.02 0.02
0 0.899625 0.494075 0.026775000000000004 0.02435
0 0.3425 0.61375 0.0225 0.02
0 0.345 0.6325 0.0225 0.0175
0 0.3775 0.6425 0.02 0.015
0 0.25375 0.6806 0.02 0.0175
0 0.19125 0.45375 0.0225 0.02
0 0.1625 0.44375 0.0225 0.0225
0 0.1375 0.4225 0.02 0.025
0 0.13875 0.3275 0.0175 0.02
0 0.16125 0.335 0.02 0.0175
0 0.1025 0.32125 0.0225 0.02
0 0.81375 0.425 0.025 0.02
0 0.6 0.44875 0.0225 0.0175
0 0.23625 0.6225 0.02 0.0225
0 0.15125 0.77375 0.02 0.015
0 0.08375 0.5525 0.025 0.025
0 0.455 0.4975 0.02 0.0175
0 0.42375 0.51375 0.0175 0.0175
0 0.4 0.495 0.0175 0.0175
0 0.40875 0.41875 0.015 0.0175
0 0.63625 0.23 0.015 0.015
0 0.60375 0.29125 0.02 0.0175
0 0.46375 0.31375 0.0175 0.015
0 0.46125 0.29125 0.0125 0.015
0 0.25 0.59125 0.025 0.0275
0 0.3 0.5075 0.015 0.0175
0 0.17625 0.7675 0.02 0.02
0 0.11375 0.81875 0.0225 0.0175
0 0.07625 0.43 0.0175 0.0225
0 0.00875 0.34875 0.015 0.025
0 0.11125 0.29125 0.02 0.025
0 0.43875 0.29 0.02 0.0225
0 0.85125 0.42625 0.0225 0.025
0 0.97625 0.39375 0.02 0.025
0 0.36 0.58875 0.0225 0.0225
0 0.62625 0.42625 0.0225 0.0175
0 0.68125 0.30375 0.02 0.02
0 0.6625 0.31375 0.015 0.0225
0 0.95125 0.3875 0.02 0.02
0 0.3375 0.66375 0.0225 0.02
0 0.2775 0.67375 0.02 0.02
0 0.303425 0.4925 0.0175 0.0175
0 0.9625 0.97625 0.0225 0.02
0 0.5275 0.84875 0.02 0.02
0 0.28125 0.38625 0.02 0.02
0 0.4575 0.44125 0.02 0.02
0 0.39292499999999997 0.423625 0.016200000000000003 0.0151
0 0.015149999999999999 0.380925 0.019575 0.019
0 0.009075 0.483275 0.01815 0.024525
0 0.044725 0.5410499999999999 0.016225 0.02315
0 0.129275 0.551325 0.019275 0.018725000000000002
0 0.1539 0.8360500000000001 0.0203 0.022125
0 0.237 0.6749250000000001 0.01685 0.0159
0 0.236125 0.64645 0.016925 0.017875000000000002
0 0.1478 0.3025 0.018799999999999997 0.017525
0 0.1402 0.2837 0.0179 0.0174
0 0.028825 0.3337 0.018349999999999998 0.0138
0 0.033975 0.361725 0.01795 0.018075
0 0.95185 0.25665 0.019799999999999998 0.022250000000000002
0 0.2507 0.625075 0.01645 0.018000000000000002
0 0.246125 0.56215 0.024375 0.024300000000000002
0 0.42265 0.540525 0.018525 0.01675
0 0.41747500000000004 0.471225 0.015300000000000001 0.01745
0 0.16357500000000003 0.572625 0.020025 0.02025
0 0.35509999999999997 0.44315 0.01555 0.0149
0 0.334575 0.302325 0.017375 0.020724999999999997
0 0.344 0.78325 0.014775 0.016475
0 0.47850000000000004 0.8484 0.0195 0.014675
0 0.368325 0.802975 0.018775 0.018475
0 0.2639 0.690725 0.024 0.01675