0 0.366425 0.1266 0.0225 0.025
0 0.364475 0.078125 0.028925 0.023025000000000004
0 0.24375 0.1575 0.0225 0.02
0 0.36625 0.25875 0.025 0.025
0 0.34 0.30625 0.0275 0.0225
0 0.41375 0.20875 0.0225 0.02
0 0.41625 0.10625 0.0225 0.025
0 0.26875 0.08125 0.0225 0.02
0 0.4025 0.0425 0.0225 0.02
0 0.35625 0.49625 0.0225 0.02
0 0.65375 0.41875 0.0225 0.0225
0 0.93625 0.51125 0.0225 0.02
0 0.345 0.155 0.025 0.0275
0 0.37625 0.36 0.0225 0.02
0 0.435 0.2225 0.025 0.025
0 0.4025 0.4875 0.025 0.0225
0 0.82875 0.37625 0.02 0.02
0 0.27125 0.31125 0.0175 0.0175
0 0.315 0.22 0.025 0.025
0 0.24875 0.1325 0.02 0.02
0 0.309 0.013000000000000001 0.025 0.025
0 0.405 0.375 0.0225 0.0225
0 0.27875 0.1125 0.0225 0.0225
0 0.64125 0.12875 0.0225 0.0225
0 0.80875 0.79625 0.0175 0.0175
0 0.6098250000000001 0.38885 0.01965 0.016975
0 0.339275 0.50135 0.01965 0.016975
0 0.33527500000000005 0.47545000000000004 0.020525 0.016975
0 0.295525 0.43034999999999995 0.01965 0.017849999999999998
0 0.34375 0.420975 0.016075 0.022324999999999998
0 0.434375 0.39197499999999996 0.0259 0.016075
0 0.346425 0.446875 0.017849999999999998 0.01875
0 0.378125 0.5151749999999999 0.01875 0.017849999999999998
0 0.43170000000000003 0.496425 0.020525 0.017849999999999998
0 0.452225 0.42857500000000004 0.022324999999999998 0.01965
0 0.29197500000000004 0.30715 0.017849999999999998 0.01965
0 0.4326 0.015175000000000001 0.01875 0.017849999999999998
0 0.471425 0.033025 0.021425 0.017849999999999998
0 0.377675 0.13885 0.025 0.01875
0 0.38392499999999996 0.09375 0.023225 0.017849999999999998
0 0.33125 0.066525 0.021425 0.016975