0 0.47375 0.17375 0.0275 0.025
0 0.51875 0.1975 0.0275 0.0225
0 0.43 0.07125 0.025 0.0275
0 0.47625 0.05125 0.025 0.025
0 0.55 0.05 0.0225 0.025
0 0.49 0.19875 0.025 0.02
0 0.73125 0.15375 0.0225 0.0275
0 0.6775 0.18375 0.02 0.0175
0 0.75375 0.64 0.0225 0.02
0 0.30625 0.9075 0.0275 0.0225
0 0.2675 0.89375 0.0275 0.0225
0 0.2475 0.92625 0.0275 0.02
0 0.0725 0.955 0.025 0.0225
0 0.2475 0.98875 0.0225 0.0175
0 0.2425 0.97375 0.025 0.02
0 0.0375 0.8425 0.0275 0.025
0 0.03 0.80625 0.0225 0.02
0 0.145 0.7975 0.02 0.02
0 0.10845 0.8120999999999999 0.019025 0.02025
0 0.09625 0.61875 0.025 0.0275
0 0.03875 0.60875 0.025 0.02
0 0.0375 0.68 0.02 0.0175
0 0.03875 0.53875 0.0225 0.025
0 0.05125 0.5075 0.0225 0.02
0 0.11 0.125 0.0275 0.0225
0 0.11 0.21125 0.0175 0.02
0 0.46375 0.1325 0.0175 0.0175
0 0.47875 0.1375 0.025 0.0175
0 0.59125 0.1025 0.0225 0.0175
0 0.55 0.18375 0.02 0.025
0 0.73875 0.08375 0.0275 0.025