0 0.26 0.815 0.02 0.025
0 0.33 0.885 0.0175 0.0175
0 0.54375 0.6525 0.0175 0.0175
0 0.795 0.96125 0.0175 0.0175
0 0.72 0.89125 0.0175 0.0175
0 0.7461 0.894125 0.017175 0.018275
0 0.526525 0.63115 0.020550000000000002 0.0202
0 0.59375 0.51625 0.0175 0.0175
0 0.80875 0.48375 0.015 0.02
0 0.91 0.42375 0.0175 0.015
0 0.90625 0.34875 0.0175 0.0125
0 0.44875 0.95 0.02 0.0225
0 0.405 0.62625 0.0125 0.02
0 0.43125 0.635 0.015 0.015
0 0.405 0.75375 0.0225 0.02
0 0.7852750000000001 0.90795 0.020550000000000002 0.019125
0 0.5919 0.90795 0.0196 0.018375
0 0.2675 0.75625 0.015 0.015
0 0.29685 0.7065250000000001 0.017525 0.018525
0 0.28765 0.685175 0.0203 0.022174999999999997
0 0.12125 0.76375 0.02 0.02
0 0.0819 0.621825 0.0213 0.021349999999999997
0 0.79585 0.8032250000000001 0.0183 0.021075
0 0.21262499999999998 0.414275 0.017525 0.018799999999999997
0 0.9475 0.25625 0.025 0.0175
0 0.9625 0.18 0.0175 0.0225
0 0.31625 0.79625 0.02 0.015
0 0.31765 0.778975 0.0178 0.01685
0 0.281275 0.8452500000000001 0.022525 0.016575
0 0.283125 0.8555750000000001 0.018000000000000002 0.017975
0 0.81875 0.99125 0.0225 0.0175
0 0.98875 0.20375 0.0175 0.0175
0 0.2675 0.2875 0.0175 0.02
0 0.29375 0.115 0.0175 0.02
0 0.505 0.13 0.02 0.02
0 0.535 0.115 0.015 0.0175
0 0.40345 0.243625 0.0194 0.01975
0 0.98625 0.4425 0.0175 0.02
0 0.81 0.51 0.0225 0.0175
0 0.77625 0.85875 0.015 0.02
0 0.8175 0.82875 0.0175 0.02
0 0.64625 0.585 0.02 0.02
0 0.593625 0.9447249999999999 0.01775 0.01805
0 0.89625 0.3825 0.0225 0.02
0 0.127675 0.31337499999999996 0.0208 0.022949999999999998
0 0.61625 0.705 0.0225 0.0225
0 0.6975 0.66625 0.02 0.02
0 0.2825 0.765 0.02 0.02
0 0.57 0.61875 0.0225 0.0225
0 0.13155 0.707375 0.01725 0.019725
0 0.60375 0.745 0.02 0.02
0 0.87875 0.88125 0.0225 0.0225
0 0.8575 0.77375 0.0225 0.0225
0 0.225 0.2525 0.02 0.02
0 0.669475 0.8321500000000001 0.02465 0.019625
0 0.9153249999999999 0.62945 0.0217 0.023174999999999998
0 0.9803000000000001 0.6475749999999999 0.017725 0.018375
0 0.9606999999999999 0.8081 0.021375 0.025150000000000002
0 0.7424 0.8184 0.018725000000000002 0.018925
0 0.251025 0.7851 0.021675 0.016625
0 0.518625 0.7347750000000001 0.0194 0.021349999999999997
0 0.41395000000000004 0.6775749999999999 0.024325 0.01765
0 0.43545 0.711275 0.0209 0.019
0 0.5175 0.7026749999999999 0.01895 0.017825
0 0.47534999999999994 0.780975 0.01855 0.019125
0 0.492775 0.8301000000000001 0.019475 0.019125
0 0.975675 0.398275 0.015625 0.016200000000000003
0 0.9942 0.35747500000000004 0.0116 0.0203
0 0.07440000000000001 0.13092499999999999 0.01845 0.0172
0 0.08825 0.14915 0.016375 0.014199999999999999
0 0.080625 0.21945 0.018425 0.01925
0 0.275225 0.062400000000000004 0.020125 0.01765
0 0.45275 0.1416 0.018000000000000002 0.022475000000000002
0 0.2213 0.17845 0.0212 0.0194
0 0.0278 0.25734999999999997 0.0181 0.020075
0 0.035825 0.317775 0.016274999999999998 0.019450000000000002
0 0.101825 0.10414999999999999 0.01795 0.0208
0 0.672775 0.65445 0.01875 0.017825
0 0.735175 0.6459 0.018574999999999998 0.018574999999999998
0 0.989725 0.228 0.020525 0.022075
0 0.9235 0.5559499999999999 0.014875000000000001 0.015449999999999998