0 0.125 0.8775 0.025 0.0225
0 0.03375 0.925 0.025 0.02
0 0.07125 0.86875 0.025 0.025
0 0.375 0.755 0.0225 0.0225
0 0.2975 0.905 0.02 0.02
0 0.37375 0.8975 0.0175 0.0175
0 0.08613 0.66507 0.02475 0.02237
0 0.14875 0.62 0.0275 0.0225
0 0.1725 0.5725 0.0225 0.025
0 0.12875 0.5025 0.025 0.0225
0 0.3925 0.59625 0.025 0.02
0 0.39625 0.7725 0.025 0.0225
0 0.105 0.845 0.025 0.0175
0 0.10375 0.87125 0.02 0.015
0 0.45875 0.73625 0.0175 0.0175
0 0.45875 0.9525 0.02 0.0175
0 0.425 0.705 0.0175 0.0125
0 0.45125 0.70875 0.015 0.0175
0 0.19125 0.54125 0.0175 0.0175
0 0.07 0.30625 0.025 0.0225
0 0.33 0.78375 0.015 0.0175
0 0.475 0.9 0.025 0.02
0 0.1375 0.58875 0.0225 0.025
0 0.195 0.98125 0.0175 0.025
0 0.29375 0.97875 0.015 0.02
0 0.48875 0.94875 0.0175 0.02
0 0.43375 0.81125 0.0175 0.025
0 0.4675 0.725 0.02 0.02
0 0.4875 0.73375 0.02 0.02
0 0.17875 0.71375 0.0225 0.025
0 0.135 0.52625 0.0275 0.0175
0 0.13375 0.47 0.02 0.0225
0 0.25 0.98125 0.0275 0.025
0 0.8475 0.70625 0.0175 0.0225
0 0.77 0.7375 0.02 0.0175
0 0.88 0.14375 0.025 0.0225
0 0.695 0.7325 0.02 0.02
0 0.8725 0.12125 0.0175 0.0175
0 0.89375 0.09875 0.0175 0.0175
0 0.91625 0.65375 0.0225 0.0225
0 0.785 0.63125 0.015 0.0225
0 0.61375 0.7375 0.0225 0.0225
0 0.8625 0.77 0.02 0.02
0 0.86125 0.0925 0.025 0.0225
0 0.85 0.04875 0.0225 0.0225
0 0.8901 0.8675 0.0225 0.0225
