0 0.4125 0.38625 0.0225 0.02
0 0.5075 0.47 0.025 0.025
0 0.48625 0.45125 0.025 0.0275
0 0.28125 0.1575 0.02 0.0275
0 0.2175 0.12125 0.015 0.0125
0 0.3975 0.4075 0.0175 0.0175
0 0.17375 0.11625 0.015 0.02
0 0.52125 0.445 0.02 0.0175
0 0.41375 0.35375 0.025 0.0225
0 0.83125 0.90375 0.0225 0.03
0 0.66375 0.68 0.0225 0.02
0 0.795 0.74875 0.0225 0.0225
0 0.04375 0.825 0.0275 0.025
0 0.585 0.6625 0.0225 0.0225
0 0.5875 0.6425 0.0325 0.025
0 0.8675 0.70375 0.03 0.0225
0 0.855 0.71875 0.0225 0.02
0 0.69375 0.895 0.0175 0.02
0 0.7375 0.8875 0.0225 0.02
0 0.7525 0.8675 0.0225 0.025
0 0.67875 0.91875 0.0275 0.015
0 0.82125 0.82375 0.015 0.015
0 0.9275 0.81875 0.0275 0.0325
0 0.895 0.79125 0.03 0.025
0 0.60625 0.855 0.0225 0.02
0 0.56375 0.55375 0.0175 0.0175
0 0.5225 0.635 0.02 0.015
0 0.61125 0.73375 0.015 0.015
0 0.92625 0.865 0.02 0.015
0 0.69 0.94125 0.0175 0.025
0 0.84125 0.81625 0.02 0.015
0 0.285 0.73 0.0225 0.0275
0 0.79625 0.93875 0.0175 0.0275
0 0.44 0.55625 0.0175 0.0175
0 0.46875 0.50875 0.0175 0.0175
0 0.87625 0.81625 0.025 0.0175
0 0.93375 0.81 0.025 0.025
0 0.56 0.64125 0.0225 0.0225
0 0.41615 0.5175 0.025 0.0225
