0 0.16625 0.15 0.025 0.0225
0 0.3025 0.0625 0.02 0.02
0 0.2575 0.305 0.0175 0.0225
0 0.23 0.30375 0.02 0.0225
0 0.38625 0.5825 0.02 0.0175
0 0.22375 0.65375 0.02 0.0225
0 0.28875 0.16375 0.0225 0.015
0 0.22625 0.14375 0.0275 0.02
0 0.3025 0.79625 0.025 0.0225
0 0.42 0.8275 0.0275 0.02
0 0.41625 0.695 0.0225 0.02
0 0.42375 0.55375 0.025 0.0225
0 0.14375 0.12375 0.0225 0.0175
0 0.13377 0.03265 0.0192 0.02385
0 0.25625 0.95 0.0225 0.02
0 0.12 0.1775 0.025 0.0225
0 0.19125 0.16875 0.02 0.02
0 0.405 0.72875 0.025 0.0175
0 0.35625 0.7675 0.0175 0.0175
0 0.33125 0.19625 0.03 0.025
0 0.04125 0.025 0.025 0.0225
0 0.34125 0.03 0.025 0.0225
0 0.06375 0.035 0.015 0.015
0 0.36 0.065 0.025 0.0225
0 0.38125 0.54625 0.0225 0.02
0 0.36875 0.64845 0.02 0.02
0 0.355 0.74375 0.02 0.02
0 0.4775 0.62875 0.02 0.02
0 0.16375 0.40625 0.02 0.02
0 0.1875 0.41125 0.02 0.02
0 0.3675 0.97875 0.0225 0.02
0 0.08625 0.22125 0.02 0.02
0 0.38125 0.95347 0.0225 0.0225
0 0.21875 0.04375 0.0175 0.015
0 0.2178 0.02792 0.01773 0.01657
0 0.36815 0.03092 0.0226 0.02205
0 0.1947 0.1876 0.01953 0.01765
0 0.19573 0.08318 0.02 0.0217
0 0.25143 0.18358 0.02425 0.01535
0 0.38748 0.14153 0.0196 0.01875
0 0.45208 0.15045 0.02025 0.01878
0 0.3645 0.7919 0.01653 0.01597
0 0.39403 0.74915 0.0184 0.01777
0 0.48255 0.71653 0.02223 0.01878
0 0.38795 0.76863 0.0152 0.01585
0 0.29175 0.97555 0.0192 0.01895
0 0.45735 0.64552 0.01827 0.01965
0 0.14918 0.29865 0.01975 0.02055
0 0.12075 0.05365 0.02365 0.0177
0 0.4512 0.2886 0.0238 0.02005
0 0.40555 0.16555 0.01465 0.0168
0 0.41885 0.1777 0.02123 0.0178
0 0.59625 0.47125 0.025 0.0225
0 0.59125 0.65 0.0225 0.0225
0 0.61875 0.52 0.025 0.0175
0 0.52045 0.655 0.02482 0.02322
0 0.96778 0.9225 0.0225 0.0225
0 0.61625 0.56375 0.0225 0.0225
0 0.535 0.72625 0.02 0.02
0 0.56425 0.61687 0.02135 0.01945
0 0.55702 0.58505 0.01762 0.02013
0 0.56792 0.5551 0.018 0.02092
0 0.50937 0.54988 0.01875 0.02348
