0 0.59875 0.93375 0.025 0.0225
0 0.77375 0.8925 0.02 0.02
0 0.82875 0.8275 0.02 0.0175
0 0.9625 0.93125 0.0225 0.0175
0 0.76375 0.62625 0.02 0.0225
0 0.825 0.48625 0.02 0.0175
0 0.35965 0.3848 0.0218 0.021575
0 0.16 0.96375 0.0225 0.0175
0 0.18515 0.28625 0.02265 0.02
0 0.89375 0.1575 0.0275 0.0225
0 0.8440000000000001 0.09380000000000001 0.021349999999999997 0.020575
0 0.88375 0.9125 0.025 0.0225
0 0.8452500000000001 0.917225 0.020499999999999997 0.021949999999999997
0 0.92265 0.595275 0.020274999999999998 0.016975
0 0.8775 0.39625 0.025 0.025
0 0.69375 0.28375 0.02 0.0175
0 0.62885 0.30995 0.025875 0.022400000000000003
0 0.25375 0.0675 0.0225 0.0225
0 0.8318000000000001 0.40085 0.024925000000000003 0.024700000000000003
0 0.86 0.3775 0.025 0.0275
0 0.675 0.08125 0.02 0.0225
0 0.75625 0.09 0.0225 0.0225
0 0.8225 0.17 0.025 0.0225
0 0.0305 0.839025 0.02205 0.021225
0 0.976175 0.788025 0.024300000000000002 0.024900000000000002
0 0.92 0.03625 0.02 0.0175
0 0.92625 0.06625 0.015 0.0175
0 0.965 0.15625 0.0175 0.0125
0 0.61 0.02875 0.015 0.015
0 0.5775 0.06 0.015 0.015
0 0.7675 0.59 0.0225 0.0175
0 0.91 0.8975 0.015 0.0175
0 0.3225 0.8 0.015 0.02
0 0.11125 0.58 0.0175 0.02
0 0.125 0.52125 0.0175 0.0175
0 0.84375 0.3275 0.0175 0.0175
0 0.9 0.40875 0.025 0.02
0 0.77 0.65125 0.02 0.0225
0 0.00625 0.8225 0.0125 0.02
0 0.2075 0.47625 0.0175 0.0175
0 0.175 0.48875 0.0175 0.0175
0 0.20625 0.18125 0.0175 0.02
0 0.29 0.15375 0.02 0.015
0 0.67375 0.3375 0.015 0.015
0 0.8175 0.85125 0.0175 0.0175
0 0.49875 0.16125 0.0225 0.02
0 0.7825 0.44875 0.0225 0.02
0 0.97625 0.135 0.02 0.02
0 0.4975 0.075 0.025 0.025
0 0.5625 0.2325 0.0225 0.0225
0 0.72125 0.5125 0.0225 0.0225
0 0.51125 0.9325 0.0175 0.0175
0 0.16625 0.92875 0.02 0.02
0 0.4475 0.69875 0.02 0.02
0 0.66875 0.055 0.02 0.02
0 0.79625 0.5025 0.025 0.025
0 0.665 0.91125 0.0225 0.0225
0 0.69 0.89 0.02 0.0175
0 0.84625 0.43375 0.0225 0.0225
0 0.835 0.3175 0.02 0.02
0 0.60525 0.295 0.0225 0.02
0 0.5475 0.1225 0.02 0.02
0 0.64625 0.815 0.0175 0.0175
0 0.77125 0.4775 0.02 0.02
0 0.4975 0.74875 0.02 0.02
0 0.987875 0.0067 0.020375 0.0134
0 0.5661999999999999 0.133825 0.028300000000000002 0.018075
0 0.2235 0.19162500000000002 0.019074999999999998 0.0203
0 0.352425 0.46027500000000005 0.01915 0.02415
0 0.15785 0.9878 0.017475 0.02125
0 0.3276 0.8269249999999999 0.017725 0.01815
0 0.177375 0.06785000000000001 0.015449999999999998 0.019625
0 0.07047500000000001 0.6026 0.01955 0.0213
0 0.0301 0.889825 0.020925 0.017124999999999998
0 0.517 0.966575 0.016125 0.022425
0 0.9002500000000001 0.9240999999999999 0.0227 0.0143
0 0.93035 0.7957500000000001 0.017825 0.020099999999999996
0 0.68865 0.9085500000000001 0.01915 0.018625
0 0.909225 0.98675 0.022025000000000003 0.016375
0 0.7625749999999999 0.985625 0.021575 0.019475
0 0.351775 0.0603 0.0196 0.02415
0 0.7051999999999999 0.3064 0.01755 0.018175
0 0.775925 0.562575 0.019725 0.018000000000000002
0 0.9121250000000001 0.544675 0.0171 0.017925
0 0.7135250000000001 0.90845 0.017575 0.01525