0 0.26795 0.23365 0.02232 0.01802
0 0.29285 0.15535 0.02215 0.02142
0 0.35135 0.255 0.02482 0.0225
0 0.4517 0.21035 0.0241 0.02465
0 0.47823 0.2275 0.02142 0.0225
0 0.18875 0.17 0.0225 0.0275
0 0.21857 0.15823 0.02215 0.02393
0 0.20125 0.22125 0.02 0.0225
0 0.29 0.3125 0.02 0.0225
0 0.325 0.3525 0.02 0.02
0 0.12 0.15125 0.0225 0.03
0 0.18375 0.23875 0.01823 0.02393
0 0.30448 0.2375 0.02142 0.01965
0 0.08785 0.27715 0.02465 0.02142
0 0.4833 0.3608 0.02303 0.02053
0 0.14545 0.17937 0.0241 0.02125
0 0.42125 0.28625 0.0225 0.0225
0 0.3475 0.3883 0.02215 0.01947
0 0.03035 0.45045 0.025 0.01875
0 0.56625 0.33125 0.02322 0.02393
0 0.57885 0.40295 0.02232 0.02053
0 0.06625 0.94 0.02 0.025
0 0.07875 0.8525 0.0225 0.0275
0 0.09698 0.72455 0.01893 0.0284
0 0.12375 0.6951 0.02142 0.02053
0 0.07142 0.72073 0.02215 0.03072
0 0.05625 0.80875 0.0225 0.0225
0 0.0475 0.83375 0.0275 0.025
0 0.145 0.705 0.02 0.01427
0 0.53125 0.62875 0.0225 0.025
0 0.51 0.585 0.02 0.0225
0 0.5975 0.62375 0.0225 0.0225
0 0.57375 0.6325 0.02 0.025
0 0.64125 0.67 0.025 0.025
0 0.58875 0.5225 0.025 0.0225
