0 0.525 0.2425 0.0225 0.03
0 0.40875 0.63125 0.0225 0.0225
0 0.47125 0.61 0.0225 0.0175
0 0.615 0.53 0.02 0.02
0 0.565 0.63125 0.0175 0.0125
0 0.2925 0.79 0.025 0.02
0 0.59375 0.47375 0.02 0.0175
0 0.63375 0.28375 0.0225 0.0175
0 0.66625 0.48875 0.02 0.02
0 0.64375 0.5 0.0225 0.02
0 0.85875 0.50125 0.0175 0.02
0 0.24375 0.2975 0.0225 0.0175
0 0.61875 0.08125 0.0175 0.0175
0 0.6999500000000001 0.050675 0.0226 0.023849999999999996
0 0.66125 0.08125 0.0275 0.0175
0 0.44625 0.57 0.025 0.02
0 0.40375 0.595 0.0275 0.02
0 0.74625 0.34375 0.0225 0.025
0 0.3425 0.19375 0.0225 0.0275
0 0.3275 0.215 0.0275 0.0225
0 0.4475 0.1925 0.025 0.0225
0 0.425 0.2125 0.0225 0.025
0 0.465 0.2675 0.0275 0.025
0 0.5425 0.28 0.025 0.02
0 0.491675 0.168625 0.023 0.0286
0 0.5825 0.04125 0.0225 0.0225
0 0.4975 0.88125 0.02 0.0225
0 0.1925 0.865 0.0175 0.02
0 0.5125 0.6475 0.0225 0.02
0 0.0435 0.5985499999999999 0.02725 0.022775
0 0.15375 0.5725 0.0225 0.0225
0 0.71375 0.33875 0.02 0.02
0 0.6475 0.5225 0.0175 0.0175
0 0.68875 0.7875 0.02 0.0225
0 0.91625 0.1225 0.0175 0.0225
0 0.21 0.775 0.025 0.0225
0 0.58125 0.24875 0.02 0.02
0 0.5375 0.60375 0.02 0.02
0 0.21375 0.325 0.025 0.0225
0 0.19875 0.13625 0.02 0.02
0 0.69625 0.45375 0.02 0.02
0 0.365 0.46625 0.02 0.02
0 0.66875 0.0725 0.025 0.0225
0 0.62625 0.33125 0.0225 0.0225
0 0.54375 0.925 0.02 0.02
0 0.2725 0.89375 0.02 0.02
0 0.56125 0.8525 0.0225 0.02
0 0.29875 0.61875 0.025 0.0225
0 0.2975 0.23375 0.0225 0.02
0 0.27 0.5875 0.025 0.025
0 0.235 0.89625 0.02 0.02
0 0.70875 0.80625 0.02 0.02
0 0.7 0.50125 0.02 0.02
0 0.4425 0.275 0.02 0.02
0 0.48625 0.05375 0.0275 0.025
0 0.5175 0.48 0.02 0.02
0 0.8625 0.54125 0.0175 0.0175
0 0.81875 0.06 0.0225 0.0225
0 0.7475 0.98625 0.0225 0.02
0 0.3625 0.13875 0.02 0.02
0 0.07875 0.82125 0.02 0.02
0 0.55375 0.3375 0.02 0.02
0 0.61375 0.15 0.0225 0.0225
0 0.49625 0.59125 0.02 0.02
0 0.64 0.45625 0.02 0.02
0 0.7153499999999999 0.00915 0.0325 0.0183
0 0.780675 0.12327500000000001 0.023849999999999996 0.0269
0 0.64985 0.04 0.0265 0.021099999999999997
0 0.76 0.09117499999999999 0.020025 0.023399999999999997
0 0.41775 0.013075000000000002 0.023 0.0208
0 0.769125 0.15109999999999998 0.025750000000000002 0.02185
0 0.467275 0.138575 0.023849999999999996 0.023575
0 0.615675 0.10487500000000001 0.020649999999999998 0.020475
0 0.576425 0.493075 0.018925 0.016475
0 0.523975 0.46527500000000005 0.021150000000000002 0.01805
0 0.533675 0.56505 0.0209 0.022949999999999998
0 0.46582500000000004 0.73985 0.02275 0.017225
0 0.4483 0.68825 0.018025 0.0158
0 0.47314999999999996 0.6883750000000001 0.0213 0.019625
0 0.4921 0.6831999999999999 0.0176 0.0182
0 0.5724750000000001 0.8112 0.019975 0.022425
0 0.7502500000000001 0.9636 0.018375 0.018275
0 0.7903 0.818325 0.0181 0.018775
0 0.813525 0.8009000000000001 0.0217 0.023250000000000003
0 0.841475 0.474325 0.022225 0.018275
0 0.58885 0.064775 0.016925 0.013325
0 0.139675 0.6048250000000001 0.019950000000000002 0.018775
0 0.550925 0.557425 0.016825 0.0163
0 0.563475 0.54315 0.017675 0.020225