0 0.25375 0.16125 0.025 0.025
0 0.325 0.0975 0.0275 0.0175
0 0.5825 0.6725 0.03 0.025
0 0.61125 0.61375 0.0225 0.025
0 0.49125 0.52375 0.025 0.025
0 0.28 0.67875 0.02 0.0225
0 0.30125 0.79625 0.025 0.02
0 0.0725 0.71 0.0175 0.0175
0 0.0925 0.4975 0.0225 0.02
0 0.31125 0.575 0.02 0.0225
0 0.36625 0.565 0.02 0.0225
0 0.25375 0.65 0.0225 0.0175
0 0.775 0.36125 0.03 0.025
0 0.78125 0.4 0.03 0.0225
0 0.715 0.26125 0.0275 0.0225
0 0.725 0.23125 0.0225 0.025
0 0.7575 0.29875 0.02 0.015
0 0.74625 0.26875 0.0225 0.0175
0 0.80125 0.6325 0.0225 0.02
0 0.41875 0.465 0.015 0.0175
0 0.49125 0.52375 0.025 0.025
0 0.6675 0.73875 0.025 0.025
0 0.10375 0.65875 0.02 0.02
0 0.05625 0.985 0.0225 0.0225
0 0.13095 0.7575 0.0225 0.025
0 0.30875 0.55 0.02 0.0175
0 0.44875 0.4375 0.02 0.02
0 0.05125 0.06375 0.0225 0.0225