0 0.7125 0.36625 0.025 0.0225
0 0.97375 0.38625 0.025 0.0225
0 0.9775 0.3625 0.025 0.0225
0 0.91125 0.4375 0.0225 0.02
0 0.96625 0.4925 0.025 0.015
0 0.705 0.255 0.0175 0.0175
0 0.9 0.4725 0.0175 0.02
0 0.98625 0.2425 0.025 0.02
0 0.15375 0.31875 0.02 0.02
0 0.7325 0.89 0.0275 0.035
0 0.8425 0.90375 0.0225 0.0275
0 0.91125 0.84125 0.0225 0.02
0 0.8725 0.77 0.025 0.025
0 0.88625 0.71125 0.02 0.015
0 0.87125 0.68125 0.0225 0.0175
0 0.93125 0.61125 0.0225 0.0225
0 0.7175 0.8325 0.025 0.025
0 0.795 0.9025 0.025 0.0225
0 0.895 0.74125 0.0175 0.0225
0 0.91375 0.61625 0.0225 0.0275
0 0.92 0.57875 0.02 0.0225
0 0.8975 0.58125 0.02 0.02
0 0.905 0.5275 0.0375 0.0275
0 0.8925 0.6225 0.02 0.02
0 0.89375 0.765 0.0175 0.02
0 0.91125 0.74 0.02 0.0175
0 0.9575 0.8375 0.0175 0.0175
0 0.955 0.6275 0.0225 0.0175
0 0.79375 0.86375 0.0225 0.0225
0 0.80875 0.8825 0.0225 0.0225
