0 0.61125 0.1525 0.03 0.025
0 0.71125 0.13625 0.035 0.0275
0 0.6975 0.105 0.0275 0.025
0 0.6 0.04 0.03 0.025
0 0.63625 0.07 0.03 0.025
0 0.63875 0.38625 0.025 0.0275
0 0.715 0.2475 0.025 0.025
0 0.585 0.1075 0.0225 0.0275
0 0.50875 0.065 0.035 0.0275
0 0.65625 0.1325 0.025 0.0275
0 0.61125 0.375 0.025 0.025
0 0.7425 0.225 0.025 0.025
0 0.54943 0.13415 0.0256 0.02205
0 0.6425 0.0275 0.025 0.0225
0 0.60375 0.20545 0.0225 0.0225
0 0.5167 0.18 0.02 0.02
0 0.64 0.35 0.02 0.02
0 0.53925 0.14625 0.02 0.02
0 0.7 0.375 0.02 0.0175
0 0.1727 0.13343 0.02295 0.02295
0 0.60025 0.29745 0.0301 0.02142
0 0.65025 0.0556 0.02705 0.01632
0 0.16 0.9475 0.025 0.0225
0 0.12625 0.9575 0.025 0.02
0 0.975 0.86875 0.0225 0.025
0 0.09625 0.96375 0.0225 0.02
