0 0.80625 0.0275 0.02 0.02
0 0.77375 0.43125 0.0275 0.0275
0 0.37 0.1975 0.0275 0.025
0 0.155 0.3175 0.025 0.0275
0 0.7325 0.0275 0.02 0.0175
0 0.875 0.2025 0.0225 0.03
0 0.9225 0.3925 0.025 0.0225
0 0.89875 0.44 0.025 0.0325
0 0.1925 0.33 0.015 0.0175
0 0.36875 0.3125 0.0225 0.0175
0 0.8425 0.44125 0.0225 0.0225
0 0.66375 0.4425 0.02 0.0175
0 0.91875 0.17 0.025 0.0225
0 0.90375 0.48875 0.0175 0.0175
0 0.9175 0.4725 0.0225 0.0225
0 0.22125 0.34 0.02 0.02
0 0.13953 0.67052 0.02345 0.02355
0 0.25767 0.7929 0.02215 0.02082
0 0.425 0.715 0.02 0.0175
0 0.2575 0.58 0.0175 0.0175
0 0.26008 0.73335 0.02235 0.0255
0 0.135 0.79375 0.02 0.0175
0 0.515 0.80125 0.0225 0.025
0 0.685 0.53125 0.0225 0.03
