0 0.48 0.415 0.0225 0.02
0 0.48625 0.21125 0.02 0.0175
0 0.04 0.735 0.0225 0.0225
0 0.445 0.3675 0.03 0.03
0 0.81125 0.2425 0.0225 0.0225
0 0.61125 0.4925 0.025 0.0175
0 0.67625 0.495 0.0275 0.02
0 0.81625 0.87 0.02 0.02
0 0.73375 0.90375 0.02 0.02
0 0.9725 0.44 0.02 0.02
0 0.8775 0.6275 0.025 0.0225
0 0.7175 0.75375 0.02 0.0225
0 0.835 0.5775 0.0225 0.02
0 0.8975 0.3975 0.02 0.0175
0 0.84125 0.28 0.02 0.015
0 0.9125 0.3675 0.0225 0.02
0 0.6725 0.61625 0.0225 0.02
0 0.64625 0.535 0.0275 0.0225
0 0.66625 0.805 0.0225 0.02
0 0.57 0.8175 0.0175 0.0175
0 0.7025 0.8 0.0225 0.0225
0 0.81625 0.30125 0.02 0.02
0 0.76875 0.10625 0.025 0.025
0 0.8375 0.92625 0.0225 0.0225
0 0.8675 0.57625 0.02 0.02
0 0.87125 0.49 0.0225 0.0225
0 0.60625 0.71125 0.0225 0.02
0 0.67 0.78375 0.0225 0.02
0 0.64625 0.7875 0.02 0.02
0 0.92375 0.195 0.0225 0.0225
0 0.895 0.27125 0.02 0.02
0 0.77875 0.42 0.02 0.02
0 0.55625 0.7825 0.02 0.02
0 0.84687 0.54187 0.0225 0.0225
0 0.86 0.17375 0.0225 0.0225
0 0.8025 0.73125 0.0225 0.0225
0 0.71375 0.8725 0.0225 0.0225
0 0.82125 0.605 0.0225 0.0225
0 0.88875 0.1325 0.0225 0.0225
0 0.83375 0.42625 0.02 0.02
0 0.93625 0.5425 0.0225 0.0225
0 0.7425 0.86125 0.02 0.02
0 0.96313 0.08625 0.025 0.025
0 0.6725 0.8275 0.02 0.02
0 0.64 0.8225 0.0225 0.02
0 0.77 0.2975 0.02 0.02
0 0.72625 0.84625 0.02 0.02
0 0.94 0.0675 0.025 0.025
0 0.62625 0.76 0.0225 0.0225
0 0.7825 0.06625 0.0225 0.0225
0 0.8525 0.44625 0.02 0.02
0 0.83813 0.4725 0.02 0.0175
0 0.7575 0.06 0.0225 0.0225
0 0.95568 0.39375 0.02 0.0175
0 0.5615 0.62615 0.02623 0.02553
0 0.7971 0.67362 0.0224 0.0292
0 0.7015 0.85925 0.02243 0.02545
0 0.89335 0.9027 0.02487 0.02237
0 0.8946 0.9324 0.01988 0.02297
0 0.94958 0.9274 0.02987 0.03673
0 0.93928 0.9727 0.03425 0.0236
0 0.9399 0.57085 0.0255 0.02865
0 0.8871 0.15523 0.0299 0.01992
0 0.6098 0.51417 0.03075 0.02317
0 0.96587 0.67375 0.02545 0.02022
0 0.9438 0.27172 0.01965 0.022
0 0.96502 0.37605 0.03185 0.02022
0 0.9127 0.2714 0.0191 0.02485
0 0.8601 0.4156 0.02317 0.02837
0 0.858 0.13132 0.0222 0.01885
0 0.9715 0.35733 0.0208 0.01675
0 0.8303 0.51643 0.02085 0.02145
0 0.6452 0.4921 0.01955 0.02013
0 0.9438 0.61375 0.02757 0.01745
0 0.9357 0.73403 0.02353 0.0215
0 0.6844 0.71645 0.0209 0.02285
0 0.72155 0.94173 0.01953 0.02072
0 0.59455 0.6465 0.01823 0.02082
0 0.59047 0.61713 0.02092 0.0188
0 0.9134 0.03877 0.02487 0.01885
0 0.74677 0.91963 0.02237 0.01565
0 0.67547 0.93285 0.01727 0.01565
0 0.5554 0.64845 0.02193 0.02362
