0 0.215 0.04625 0.0275 0.0175
0 0.21875 0.105 0.02 0.02
0 0.03375 0.07625 0.025 0.02
0 0.04125 0.26125 0.02 0.0275
0 0.09375 0.28 0.02 0.025
0 0.03 0.18 0.0225 0.025
0 0.1125 0.1425 0.0225 0.02
0 0.19875 0.075 0.02 0.015
0 0.4425 0.88 0.0225 0.0225
0 0.4625 0.8675 0.02 0.02
0 0.11625 0.19625 0.02 0.02
0 0.025 0.04125 0.0175 0.015
0 0.07375 0.04375 0.0175 0.0175
0 0.1575 0.0725 0.0225 0.02
0 0.185 0.05875 0.025 0.02
0 0.045 0.02625 0.0225 0.0175
0 0.13875 0.04125 0.015 0.0225
0 0.16 0.04625 0.025 0.0275
0 0.05 0.12625 0.02 0.02
0 0.07375 0.02 0.0175 0.0175
0 0.045 0.31 0.015 0.0225
0 0.13625 0.1225 0.02 0.0175
0 0.13875 0.16625 0.02 0.025
0 0.055 0.47625 0.025 0.0225
0 0.58 0.24875 0.025 0.0175
0 0.62002 0.21095 0.01242 0.0169
0 0.7 0.95375 0.02 0.0175
0 0.82375 0.95375 0.02 0.0225
0 0.84875 0.9575 0.0175 0.015
0 0.68375 0.91 0.02 0.0225
0 0.615 0.23125 0.0175 0.0125
0 0.75625 0.3775 0.0225 0.0175
0 0.7775 0.91375 0.0225 0.02
0 0.54 0.25 0.0275 0.025
0 0.67 0.96875 0.025 0.03
0 0.86 0.9825 0.02 0.02
0 0.60703 0.21218 0.01577 0.01923
0 0.6025 0.2 0.02 0.02
