0 0.29875 0.20625 0.0225 0.02
0 0.37125 0.28875 0.0175 0.02
0 0.4175 0.35375 0.0175 0.02
0 0.46275 0.31853 0.02078 0.02187
0 0.43 0.23375 0.0175 0.0225
0 0.4075 0.28875 0.02 0.0175
0 0.38625 0.03875 0.015 0.015
0 0.47 0.0925 0.0225 0.0225
0 0.30725 0.05123 0.0205 0.02243
0 0.36243 0.4621 0.02447 0.02665
0 0.3625 0.4025 0.0225 0.02
0 0.35897 0.4305 0.02342 0.02098
0 0.4325 0.1325 0.0175 0.0175
0 0.45375 0.135 0.0175 0.015
0 0.47375 0.20625 0.02 0.02
0 0.49125 0.1575 0.0175 0.025
0 0.37375 0.0475 0.0175 0.015
0 0.43 0.28875 0.0225 0.0225
0 0.34573 0.28028 0.0245 0.02055
0 0.3425 0.31125 0.025 0.025
0 0.41285 0.03853 0.01498 0.01632
0 0.46025 0.08275 0.01873 0.01907
0 0.32647 0.36405 0.01995 0.02632
0 0.3601 0.2332 0.02195 0.02178
0 0.38843 0.1119 0.02152 0.01847
0 0.33963 0.03138 0.02212 0.0181
0 0.36522 0.07007 0.01792 0.02053
0 0.8075 0.14375 0.0175 0.0175
0 0.7575 0.18375 0.015 0.015
0 0.80875 0.21625 0.02 0.0175
0 0.61 0.1 0.02 0.0225
0 0.63625 0.0375 0.025 0.0225
0 0.64 0.07 0.0175 0.02
0 0.76875 0.10875 0.0175 0.015
0 0.785 0.07625 0.0225 0.0175
0 0.86 0.1025 0.02 0.0175
0 0.66 0.3675 0.02 0.025
0 0.68635 0.37625 0.01613 0.01725
0 0.9025 0.01875 0.015 0.0175
0 0.57625 0.14625 0.0175 0.0175
0 0.59875 0.295 0.02 0.0175
0 0.7361 0.12545 0.02 0.02
0 0.565 0.07875 0.0175 0.0225
0 0.52875 0.1575 0.02 0.0225
0 0.5225 0.32875 0.0175 0.02
0 0.745 0.0725 0.02 0.02
0 0.8975 0.105 0.0175 0.0175
0 0.885 0.125 0.02 0.02
0 0.745 0.2775 0.02 0.0175
0 0.66625 0.29625 0.0225 0.0225
0 0.72875 0.29875 0.0225 0.0225
0 0.635 0.2 0.0225 0.0225
0 0.68675 0.3325 0.01635 0.0168
0 0.62995 0.37345 0.01707 0.01655
0 0.64772 0.34908 0.0151 0.0178
0 0.59905 0.1538 0.01617 0.01562
0 0.59613 0.1198 0.01903 0.01457
0 0.72718 0.09867 0.01685 0.0188
0 0.56767 0.04025 0.0175 0.01798
0 0.62047 0.35683 0.01775 0.01903
0 0.89375 0.65625 0.0175 0.0175
0 0.85375 0.77375 0.0225 0.0225
0 0.9475 0.8775 0.02 0.025
0 0.845 0.705 0.0175 0.02
0 0.8553 0.68375 0.0175 0.025
0 0.825 0.9275 0.0225 0.0225
0 0.9425 0.79 0.0225 0.0225
0 0.92 0.85342 0.02 0.02
0 0.815 0.945 0.02 0.02
0 0.82767 0.9784 0.01965 0.01572
0 0.93688 0.77213 0.02018 0.01745
