0 0.69625 0.75875 0.02 0.0225
0 0.815 0.58625 0.02 0.025
0 0.6775 0.72625 0.0175 0.02
0 0.655 0.77 0.0175 0.0225
0 0.5 0.905 0.025 0.02
0 0.70875 0.8225 0.0175 0.0225
0 0.67 0.46125 0.0175 0.02
0 0.74 0.42875 0.0225 0.0225
0 0.75375 0.39875 0.0175 0.02
0 0.71625 0.37125 0.02 0.0175
0 0.22625 0.54625 0.025 0.0225
0 0.2825 0.5425 0.0225 0.02
0 0.34 0.40875 0.0275 0.02
0 0.5275 0.43125 0.025 0.0275
0 0.41625 0.22625 0.025 0.0175
0 0.48 0.33875 0.0175 0.0175
0 0.9775 0.0125 0.025 0.02
0 0.7125 0.575 0.02 0.02
0 0.5675 0.9825 0.025 0.0225
0 0.6925 0.80625 0.0225 0.02
0 0.67 0.495 0.0225 0.0175
0 0.81625 0.425 0.0225 0.02
0 0.98625 0.49375 0.0225 0.0175
0 0.94875 0.49625 0.0225 0.0175
0 0.9325 0.43375 0.025 0.02
0 0.81625 0.19 0.02 0.02
0 0.855 0.0875 0.0175 0.015
0 0.905 0.35625 0.02 0.02
0 0.935 0.8875 0.0225 0.0225
0 0.77 0.75625 0.02 0.02
0 0.74 0.865 0.02 0.02
0 0.7625 0.91625 0.0225 0.0225
0 0.78 0.83 0.02 0.0175
0 0.9725 0.47125 0.02 0.02
0 0.8025 0.82375 0.02 0.02
0 0.85375 0.2625 0.0225 0.0225
0 0.8293 0.9675 0.025 0.0225
0 0.7278749999999999 0.705 0.02 0.02
0 0.27 0.4375 0.0225 0.02
0 0.9071250000000001 0.3075 0.0175 0.0175
0 0.42375 0.27 0.0175 0.0175