0 0.46625 0.3775 0.0225 0.02
0 0.49375 0.36125 0.0175 0.0225
0 0.74625 0.54625 0.025 0.02
0 0.94375 0.58875 0.02 0.02
0 0.92625 0.75 0.02 0.0275
0 0.395 0.85625 0.025 0.0225
0 0.35 0.78375 0.03 0.0225
0 0.28625 0.71375 0.0175 0.0225
0 0.32 0.28375 0.025 0.025
0 0.46 0.42625 0.0175 0.0225
0 0.44375 0.4375 0.0175 0.0175
0 0.4325 0.42125 0.0225 0.02
0 0.4175 0.435 0.0275 0.025
0 0.37375 0.4675 0.0225 0.025
0 0.165 0.7975 0.0275 0.025
0 0.42 0.8025 0.0175 0.0225
0 0.31625 0.70125 0.0175 0.02
0 0.335 0.73125 0.025 0.02
0 0.27875 0.66 0.02 0.0225
0 0.59775 0.668575 0.029500000000000002 0.02035
0 0.70125 0.72875 0.0225 0.0275
0 0.675 0.725 0.0225 0.025
0 0.14625 0.425 0.0225 0.0225
0 0.3575 0.845 0.0175 0.0225
0 0.37375 0.81875 0.0225 0.0225
0 0.77125 0.26625 0.02 0.0225
0 0.77625 0.4325 0.0225 0.0225
0 0.20375 0.6725 0.0225 0.0225
0 0.405 0.4775 0.0225 0.02
0 0.12 0.74875 0.02 0.02
0 0.95875 0.82375 0.0175 0.03
0 0.8275 0.6275 0.0275 0.0275
0 0.57875 0.54625 0.025 0.02
0 0.32875 0.41375 0.0175 0.0175
0 0.27 0.7625 0.0175 0.0175
0 0.5925 0.41125 0.0225 0.0175
0 0.09125 0.63125 0.02 0.0175
0 0.1675 0.19875 0.0275 0.0275
0 0.43875 0.8 0.0125 0.0175
0 0.45875 0.79875 0.02 0.015
0 0.81625 0.08625 0.0225 0.02
0 0.7275 0.8025 0.0175 0.0175
0 0.32125 0.83875 0.025 0.02
0 0.27375 0.27125 0.0175 0.0175
0 0.95125 0.34375 0.025 0.0225
0 0.655 0.76875 0.0275 0.02
0 0.39125 0.08 0.0275 0.0275
0 0.144175 0.2414 0.025875 0.019675
0 0.2575 0.24625 0.0225 0.0225
0 0.73375 0.22625 0.02 0.025
0 0.98125 0.31625 0.0175 0.0275
0 0.97625 0.65 0.025 0.0225
0 0.99125 0.835 0.0175 0.025
0 0.475 0.96625 0.02 0.02
0 0.28125 0.97375 0.0225 0.02
0 0.1475 0.86125 0.0175 0.0175
0 0.37125 0.895 0.02 0.02
0 0.6325 0.66 0.0175 0.0175
0 0.6325 0.5375 0.0175 0.015
0 0.625 0.35125 0.0175 0.015
0 0.37 0.39375 0.0175 0.015
0 0.25875 0.69125 0.0175 0.015
0 0.4475 0.935 0.0175 0.02
0 0.32625 0.65 0.0175 0.0225
0 0.4825 0.43875 0.02 0.0175
0 0.3225 0.46625 0.0175 0.025
0 0.16125 0.62625 0.0225 0.0175
0 0.2425 0.63 0.0225 0.02
0 0.27 0.54625 0.02 0.02
0 0.34625 0.4875 0.02 0.0175
0 0.125 0.43 0.015 0.015
0 0.16 0.44625 0.02 0.0175
0 0.42375 0.61625 0.02 0.0175
0 0.66375 0.16875 0.0175 0.0175
0 0.4625 0.39375 0.0175 0.015
0 0.3375 0.46875 0.015 0.0225
0 0.1925 0.58625 0.0225 0.0175
0 0.97 0.545 0.0175 0.0175
0 0.5 0.86875 0.02 0.02
0 0.2725 0.06375 0.025 0.02
0 0.12 0.74875 0.02 0.02
0 0.9625 0.871375 0.02 0.0175
0 0.32 0.6775 0.02 0.0175