0 0.49625 0.92125 0.0225 0.0225
0 0.626525 0.9616750000000001 0.02445 0.022775
0 0.9335 0.826 0.016825 0.0203
0 0.64625 0.6575 0.02 0.0175
0 0.56875 0.5475 0.0275 0.0225
0 0.5899 0.7232999999999999 0.02375 0.0216
0 0.9210250000000001 0.06265 0.018975 0.02155
0 0.7625 0.2275 0.015 0.0175
0 0.09625 0.47125 0.025 0.0225
0 0.09125 0.65 0.0225 0.0225
0 0.11875 0.52 0.025 0.0175
0 0.02045 0.655 0.024825 0.023225
0 0.46777500000000005 0.9225 0.0225 0.0225
0 0.9775 0.89875 0.02 0.02
0 0.11625 0.56375 0.0225 0.0225
0 0.035 0.72625 0.02 0.02
0 0.83375 0.74875 0.02 0.02
0 0.89625 0.87125 0.0175 0.0175
0 0.53 0.965 0.02 0.0175
0 0.9422499999999999 0.354825 0.0175 0.0175
0 0.79375 0.28 0.02 0.0175
0 0.06425 0.616875 0.021349999999999997 0.019450000000000002
0 0.057025 0.5850500000000001 0.017625 0.020125
0 0.067925 0.5550999999999999 0.018000000000000002 0.020925
0 0.9482250000000001 0.331825 0.0179 0.017225
0 0.9858499999999999 0.37534999999999996 0.01635 0.01855
0 0.5494749999999999 0.611925 0.018625 0.022075
0 0.7880750000000001 0.7547499999999999 0.019025 0.022000000000000002
0 0.7295999999999999 0.7025 0.016325 0.022850000000000002
0 0.009375 0.549875 0.01875 0.023475000000000003
0 0.9858 0.35325 0.014475 0.015449999999999998