0 0.85875 0.0275 0.025 0.0225
0 0.37625 0.44375 0.0225 0.0225
0 0.87097 0.0558 0.01698 0.01698
0 0.91073 0.09062 0.01785 0.01518
0 0.92545 0.1201 0.01875 0.01875
0 0.94465 0.0558 0.01785 0.01875
0 0.75875 0.7125 0.0275 0.0225
0 0.97875 0.79 0.0175 0.0175
0 0.83625 0.77125 0.0175 0.02
0 0.7725 0.56375 0.025 0.0225
0 0.82625 0.5825 0.0225 0.02
0 0.59125 0.62125 0.0225 0.0225
0 0.54035 0.56 0.025 0.025
0 0.7733 0.62928 0.02303 0.02215
0 0.1609 0.71295 0.02393 0.02125
0 0.9509 0.6442 0.01607 0.01518
0 0.99152 0.7067 0.01698 0.01698
