0 0.4475 0.29125 0.0175 0.015
0 0.81 0.34 0.02 0.02
0 0.8725 0.3175 0.02 0.015
0 0.5925 0.3325 0.02 0.02
0 0.82 0.3825 0.025 0.0225
0 0.80375 0.21 0.0225 0.0225
0 0.77375 0.22375 0.02 0.0175
0 0.9325 0.205 0.025 0.0275
0 0.7325 0.045 0.0225 0.0225
0 0.88875 0.27875 0.0175 0.0175
0 0.30875 0.77625 0.0225 0.0275
0 0.73875 0.69375 0.0275 0.0275
0 0.805 0.9275 0.025 0.0225
0 0.7625 0.83375 0.0225 0.0275
0 0.83875 0.7325 0.0225 0.02
0 0.9075 0.8375 0.02 0.025
0 0.8125 0.9575 0.0175 0.02
0 0.76 0.71125 0.02 0.02
0 0.8825 0.68875 0.02 0.02
0 0.78625 0.70625 0.0225 0.0225
0 0.8925 0.58875 0.02 0.02
0 0.5575 0.95875 0.0225 0.0225
0 0.915 0.9175 0.0225 0.0225
0 0.79125 0.635 0.025 0.0225
0 0.87375 0.9225 0.0225 0.0225
0 0.78875 0.6025 0.02 0.0175
0 0.905 0.61375 0.02 0.02
0 0.7575 0.60375 0.02 0.02
