0 0.0575 0.53 0.0275 0.02
0 0.13118 0.41417 0.02268 0.02082
0 0.25875 0.2675 0.0275 0.0225
0 0.32125 0.8825 0.0225 0.02
0 0.2225 0.94125 0.025 0.02
0 0.1975 0.47375 0.0225 0.0175
0 0.22625 0.9775 0.02 0.02
0 0.245 0.24375 0.0225 0.0225
0 0.12 0.49125 0.02 0.0175
0 0.39375 0.2525 0.025 0.025
0 0.8725 0.42875 0.0225 0.0225
0 0.7675 0.32 0.02 0.0175
0 0.715 0.34 0.02 0.0175
0 0.6075 0.4025 0.02 0.02
0 0.72625 0.24 0.0225 0.0175
0 0.65375 0.29625 0.02 0.0225
0 0.51125 0.7375 0.02 0.02
0 0.8775 0.8525 0.025 0.02
0 0.905 0.32717 0.0175 0.0175
0 0.56375 0.32875 0.02 0.02
0 0.73625 0.3375 0.0225 0.0225
0 0.745 0.4275 0.02 0.02
