0 0.1945 0.59747 0.019 0.02322
0 0.2675 0.725 0.0225 0.02
0 0.41182 0.68625 0.02115 0.0239
0 0.44063 0.71142 0.02332 0.01895
0 0.34375 0.56375 0.02 0.0175
0 0.22403 0.6261 0.02533 0.02697
0 0.20625 0.43 0.0175 0.02
0 0.18375 0.42455 0.02 0.02092
0 0.455 0.2225 0.02 0.0175
0 0.44748 0.19445 0.02227 0.0231
0 0.395 0.9375 0.0175 0.015
0 0.35088 0.74487 0.02227 0.01525
0 0.44625 0.6225 0.0175 0.015
0 0.23375 0.515 0.0175 0.0125
0 0.25 0.52875 0.02 0.0175
0 0.4275 0.24247 0.02055 0.02453
0 0.23125 0.5525 0.02 0.02
0 0.2275 0.4125 0.0225 0.02
0 0.4875 0.42125 0.02 0.0275
0 0.48375 0.44 0.0175 0.0225
0 0.485 0.4575 0.02 0.02
0 0.44303 0.68915 0.0206 0.01862
0 0.2425 0.3525 0.025 0.025
0 0.455 0.65625 0.02 0.0175
0 0.455 0.26625 0.02 0.02
0 0.3125 0.67375 0.02 0.02
0 0.47465 0.78287 0.01893 0.0193
0 0.30297 0.52608 0.01485 0.0182
0 0.3332 0.52163 0.01462 0.02183
0 0.24687 0.44282 0.01337 0.01423
0 0.24943 0.4688 0.0149 0.01972
0 0.365 0.53365 0.01392 0.01553
0 0.37297 0.51438 0.01562 0.01622
0 0.47282 0.1739 0.0171 0.01923
0 0.27085 0.21835 0.0167 0.01525
0 0.21723 0.3526 0.0184 0.01415
0 0.19127 0.27735 0.01825 0.01542
0 0.20173 0.28587 0.01617 0.01752
0 0.36298 0.54833 0.0169 0.01405
0 0.29075 0.66255 0.0172 0.0251
0 0.46122 0.4859 0.0153 0.02
0 0.6363 0.40263 0.01862 0.01808
0 0.555 0.41125 0.0225 0.02
0 0.6194 0.29765 0.02368 0.02055
0 0.725 0.18875 0.025 0.025
0 0.67915 0.06613 0.0267 0.02135
0 0.55125 0.03893 0.02813 0.02772
0 0.5948 0.29413 0.01963 0.0207
0 0.55625 0.09 0.02 0.0175
0 0.68375 0.2775 0.025 0.02
0 0.7175 0.29875 0.025 0.02
0 0.59055 0.76293 0.02092 0.02227
0 0.55 0.34 0.0225 0.02
0 0.575 0.31375 0.02 0.0225
0 0.56592 0.48167 0.02337 0.0192
0 0.5075 0.79625 0.015 0.02
0 0.5075 0.85125 0.015 0.0225
0 0.53125 0.525 0.02 0.0225
0 0.67125 0.245 0.0175 0.0175
0 0.525 0.82625 0.0225 0.0225
0 0.79125 0.0975 0.025 0.025
0 0.8975 0.85125 0.02 0.02
0 0.57875 0.44875 0.02 0.0175
0 0.72625 0.13125 0.02 0.02
0 0.95125 0.78625 0.025 0.0225
0 0.51315 0.3594 0.02372 0.02235
0 0.51165 0.42028 0.01435 0.01912
0 0.65598 0.31328 0.01733 0.023
0 0.66095 0.28595 0.0219 0.0201
0 0.71775 0.31065 0.01585 0.01442
0 0.55813 0.42972 0.0145 0.01558
0 0.87393 0.22265 0.01748 0.01675
0 0.87298 0.20913 0.01377 0.01468
0 0.54192 0.85073 0.01792 0.0164
0 0.54482 0.822 0.02285 0.0185
0 0.59715 0.73257 0.01933 0.01698
0 0.541 0.7725 0.01953 0.01823
0 0.61807 0.75493 0.01745 0.01692
0 0.64825 0.71228 0.0179 0.0192
0 0.96307 0.83567 0.02078 0.02312
0 0.95908 0.48847 0.01638 0.01802
0 0.97592 0.28547 0.01613 0.02272
0 0.9351 0.4747 0.01663 0.01905
0 0.64145 0.1488 0.01862 0.01903
0 0.53375 0.96503 0.02107 0.0229
