0 0.62625 0.9025 0.025 0.025
0 0.87625 0.85625 0.02 0.0175
0 0.78625 0.8975 0.0175 0.015
0 0.73625 0.9125 0.02 0.015
0 0.66375 0.7625 0.02 0.015
0 0.9275 0.5775 0.0225 0.0175
0 0.9925 0.62125 0.015 0.0175
0 0.5325 0.34625 0.0225 0.0275
0 0.58875 0.8725 0.02 0.02
0 0.5275 0.3325 0.025 0.025
0 0.70875 0.7525 0.0225 0.0225
0 0.51125 0.28375 0.02 0.02
0 0.58 0.68625 0.02 0.02
0 0.3975 0.29375 0.025 0.025
0 0.67625 0.7875 0.025 0.025
0 0.89875 0.89875 0.025 0.025
0 0.85875 0.1225 0.025 0.0225
0 0.895 0.35 0.02 0.02
0 0.3775 0.1575 0.0275 0.0275
0 0.835 0.93125 0.025 0.025
0 0.55625 0.69 0.0225 0.0225
0 0.68875 0.68875 0.0225 0.02