0 0.39375 0.1625 0.0275 0.0225
0 0.3564 0.25032499999999996 0.0203 0.02315
0 0.65295 0.626275 0.023375 0.020025
0 0.7294499999999999 0.43475 0.0239 0.019475
0 0.05125 0.28 0.0275 0.02
0 0.0875 0.10375 0.02 0.02
0 0.22747499999999998 0.076375 0.02255 0.022775
0 0.04375 0.07 0.025 0.02
0 0.04 0.20375 0.02 0.0175
0 0.05875 0.14875 0.02 0.015
0 0.075 0.1375 0.02 0.0175
0 0.16 0.1525 0.0175 0.0175
0 0.35125 0.26375 0.025 0.02
0 0.65625 0.27125 0.0175 0.02
0 0.59375 0.39625 0.025 0.02
0 0.46 0.27125 0.0175 0.02
0 0.47375 0.235 0.02 0.02
0 0.54125 0.15375 0.02 0.0175
0 0.7104 0.0647 0.02005 0.016675
0 0.73875 0.58625 0.02 0.015
0 0.4575 0.44625 0.025 0.02
0 0.32125 0.58875 0.0225 0.0225
0 0.08375 0.20375 0.0175 0.02
0 0.5475 0.41875 0.0175 0.015
0 0.8075 0.94875 0.0175 0.02
0 0.6 0.3 0.025 0.0275
0 0.52375 0.245 0.025 0.0225
0 0.38 0.62875 0.0175 0.0125
0 0.5652750000000001 0.58725 0.01805 0.017
0 0.13625 0.08 0.025 0.0175
0 0.4125 0.51 0.02 0.0175
0 0.0175 0.15 0.025 0.02
0 0.845 0.91125 0.02 0.0225
0 0.82125 0.87375 0.0175 0.0225
0 0.03125 0.33125 0.0225 0.02
0 0.04625 0.31375 0.0225 0.02
0 0.015 0.06875 0.0275 0.025
0 0.04375 0.04625 0.02 0.0175
0 0.2175 0.15625 0.0225 0.02
0 0.59125 0.21 0.02 0.025
0 0.14875 0.035 0.02 0.0175
0 0.36875 0.12875 0.02 0.0175
0 0.63 0.32 0.015 0.0175
0 0.4325 0.49375 0.02 0.0175
0 0.2075 0.3625 0.015 0.0225
0 0.22375 0.36125 0.0175 0.02
0 0.96 0.505 0.0225 0.0225
0 0.6675 0.3125 0.0175 0.0175
0 0.1775 0.41875 0.0225 0.0225
0 0.055 0.25125 0.025 0.025
0 0.41375 0.1975 0.02 0.02
0 0.56125 0.68125 0.02 0.02
0 0.315 0.325 0.0175 0.0175
0 0.59125 0.35625 0.0175 0.0175
0 0.4575 0.37375 0.02 0.02
0 0.37875 0.21125 0.02 0.0175
0 0.44375 0.115 0.02 0.02
0 0.67875 0.375 0.02 0.02
0 0.975 0.46625 0.0225 0.02
0 0.64875 0.40625 0.0175 0.0175
0 0.53 0.495 0.02 0.0175
0 0.74625 0.8825 0.02 0.0175
0 0.6596500000000001 0.68 0.02 0.02
0 0.250075 0.00625 0.015925 0.0125
0 0.282475 0.0058 0.01675 0.0116
0 0.114325 0.037225 0.016175 0.0173
0 0.161475 0.125225 0.019375 0.016525
0 0.13390000000000002 0.1124 0.014199999999999999 0.015875
0 0.19125 0.032625 0.016399999999999998 0.015275
0 0.20837499999999998 0.24892499999999998 0.01675 0.017475
0 0.117325 0.294325 0.018600000000000002 0.017225
0 0.36365000000000003 0.19024999999999997 0.018349999999999998 0.017975
0 0.46954999999999997 0.126575 0.015875 0.01565
0 0.48212499999999997 0.265475 0.02145 0.018425
0 0.536825 0.181025 0.01295 0.013825
0 0.528375 0.19747499999999998 0.015674999999999998 0.01755
0 0.562025 0.265425 0.0169 0.018375
0 0.4075 0.7161 0.018574999999999998 0.0197
0 0.37195 0.724075 0.013525 0.017775
0 0.537325 0.609775 0.017525 0.01775
0 0.6486750000000001 0.474275 0.017 0.02
0 0.6457999999999999 0.45539999999999997 0.016625 0.016175
0 0.6601 0.41832500000000006 0.019074999999999998 0.0169
0 0.6233 0.33625 0.014450000000000001 0.015349999999999999
0 0.623525 0.354825 0.015425 0.015349999999999999
0 0.6573 0.23815 0.014575 0.019125
0 0.6695 0.250625 0.012199999999999999 0.019125
0 0.6919 0.266775 0.014150000000000001 0.01745
0 0.725 0.296325 0.017849999999999998 0.019424999999999998
0 0.803875 0.22105 0.018500000000000003 0.0189
0 0.44630000000000003 0.08814999999999999 0.0176 0.01735
0 0.46564999999999995 0.082775 0.0187 0.0148
0 0.3091 0.30855 0.018225 0.0189
0 0.604975 0.23864999999999997 0.011725000000000001 0.016575
0 0.617675 0.237075 0.011075 0.020575
0 0.41200000000000003 0.48017499999999996 0.016875 0.019275
0 0.5949 0.3455 0.0166 0.017775
0 0.785975 0.714925 0.0166 0.017325
0 0.773525 0.6825249999999999 0.02205 0.018625
0 0.2101 0.330175 0.0184 0.021075
0 0.2568 0.30055 0.016175 0.01665
0 0.132475 0.332225 0.01855 0.014424999999999999
0 0.7581 0.526575 0.018000000000000002 0.021
0 0.990625 0.98515 0.01875 0.01675