0 0.36 0.9225 0.0225 0.02
0 0.41875 0.8425 0.0175 0.0225
0 0.3825 0.78375 0.0175 0.0175
0 0.3625 0.7675 0.02 0.0175
0 0.36875 0.75125 0.0125 0.0125
0 0.35 0.715 0.0225 0.015
0 0.40875 0.825 0.0175 0.0125
0 0.4725 0.16375 0.0125 0.0225
0 0.44625 0.04 0.0225 0.02
0 0.62875 0.24625 0.0225 0.015
0 0.86625 0.71375 0.0175 0.0175
0 0.51375 0.6625 0.03 0.025
0 0.49 0.9775 0.0225 0.0175
0 0.5225 0.57375 0.025 0.025
0 0.24875 0.975 0.0275 0.03
0 0.5525 0.41875 0.015 0.015
0 0.6275 0.3325 0.02 0.02
0 0.38625 0.77 0.0175 0.015
0 0.3425 0.69875 0.025 0.0175
0 0.27125 0.96625 0.02 0.02
0 0.8375 0.17875 0.0225 0.02
0 0.21875 0.775 0.0275 0.0275
0 0.56125 0.36375 0.02 0.02
0 0.34125 0.77125 0.02 0.02
0 0.61 0.31375 0.0225 0.02
0 0.47375 0.54875 0.02 0.02
0 0.83875 0.06375 0.0225 0.0225
0 0.50375 0.25625 0.0225 0.02
0 0.3275 0.68625 0.02 0.02
0 0.325 0.74 0.0175 0.0175