0 0.26677 0.31207 0.02428 0.02278
0 0.19407 0.42205 0.0221 0.0191
0 0.48885 0.04463 0.02057 0.02317
0 0.965 0.48625 0.025 0.0225
0 0.61875 0.395 0.0225 0.025
0 0.58125 0.47 0.02 0.02
0 0.61875 0.39625 0.0225 0.0225
0 0.53375 0.3797 0.0225 0.0225
0 0.5375 0.46625 0.02 0.02
0 0.8975 0.2875 0.02 0.02
0 0.525 0.43375 0.0225 0.0225
0 0.82635 0.48455 0.017 0.01373
0 0.5271 0.4591 0.01492 0.01643
0 0.64303 0.34728 0.0182 0.01777
0 0.68962 0.2932 0.01852 0.02035
0 0.61625 0.37482 0.01963 0.02195
0 0.52033 0.03 0.0183 0.0186
0 0.26782 0.72532 0.02167 0.02235
0 0.1665 0.81345 0.0175 0.02
0 0.0875 0.86125 0.025 0.0175
0 0.35125 0.59 0.02 0.0225
0 0.48875 0.5475 0.02 0.0225
0 0.04973 0.71543 0.0173 0.01655
0 0.07388 0.69625 0.01738 0.01395
0 0.05532 0.7291 0.0185 0.015
0 0.0777 0.74073 0.01783 0.01717
0 0.10685 0.6872 0.0155 0.01727
0 0.16772 0.8802 0.0176 0.01933
0 0.5425 0.79625 0.0225 0.02
0 0.55125 0.82375 0.02 0.02
0 0.93375 0.89625 0.02 0.02
0 0.93292 0.5475 0.01762 0.01643
0 0.9334 0.581 0.0186 0.01377
0 0.92897 0.5965 0.01883 0.0195
0 0.81465 0.9355 0.0186 0.02098
