0 0.26 0.55375 0.0175 0.015
0 0.31875 0.615 0.0175 0.02
0 0.36875 0.565 0.015 0.015
0 0.31 0.52 0.0175 0.015
0 0.2975 0.50875 0.015 0.0125
0 0.33125 0.7425 0.015 0.02
0 0.22625 0.44625 0.015 0.0125
0 0.09 0.435 0.02 0.02
0 0.3725 0.68125 0.0225 0.0175
0 0.41625 0.64875 0.025 0.0175
0 0.2125 0.46125 0.0175 0.0175
0 0.29 0.7375 0.02 0.02
0 0.33875 0.5325 0.0225 0.0225
0 0.48375 0.70375 0.02 0.02
0 0.22875 0.42375 0.0225 0.0225
0 0.4651 0.68272 0.0213 0.01903
0 0.29752 0.65757 0.01825 0.02053
0 0.25808 0.6891 0.01972 0.02105
0 0.24805 0.54363 0.01572 0.01585
0 0.1697 0.49645 0.01795 0.0179
0 0.3225 0.48657 0.0182 0.016
0 0.68 0.3025 0.0275 0.0225
0 0.7225 0.1025 0.02 0.0225
0 0.6825 0.07125 0.0225 0.0175
0 0.74 0.12 0.0175 0.0175
0 0.76625 0.13625 0.02 0.0175
0 0.755 0.0875 0.02 0.015
0 0.8225 0.1075 0.02 0.0175
0 0.78625 0.175 0.0175 0.015
0 0.68625 0.245 0.0175 0.0175
0 0.71 0.25375 0.015 0.0125
0 0.64875 0.1575 0.0225 0.02
0 0.73 0.02375 0.025 0.0225
0 0.7741 0.02857 0.01785 0.02322
