0 0.55875 0.25625 0.02 0.02
0 0.06613 0.80488 0.01978 0.01972
0 0.065 0.87375 0.02 0.02
0 0.11017 0.67988 0.02035 0.01975
0 0.165 0.63875 0.02 0.02
0 0.08125 0.61357 0.01915 0.02072
0 0.03322 0.61052 0.01857 0.02103
0 0.14388 0.77692 0.02278 0.02138
0 0.0873 0.8725 0.01698 0.0188
0 0.0515 0.83968 0.01865 0.01857
0 0.14375 0.9525 0.02 0.0225
0 0.39275 0.72887 0.0242 0.01947
0 0.505 0.6675 0.0175 0.0175
0 0.065 0.7225 0.02 0.0175
0 0.11625 0.585 0.02 0.0225
0 0.105 0.8025 0.0175 0.02
0 0.08625 0.785 0.02 0.0275
0 0.07 0.645 0.02 0.0175
0 0.34125 0.595 0.02 0.02
0 0.14625 0.9125 0.02 0.02
0 0.0625 0.96 0.02 0.02
0 0.245 0.59375 0.02 0.0175
0 0.17625 0.9175 0.02 0.02
0 0.28718 0.74527 0.0172 0.01733
0 0.389 0.62092 0.0191 0.0222
0 0.46855 0.6452 0.02283 0.02078
0 0.16192 0.5095 0.0185 0.01903
0 0.05753 0.55142 0.01505 0.01712
0 0.07157 0.5721 0.01397 0.01472
0 0.1442 0.75523 0.01698 0.0158
0 0.18655 0.85443 0.0213 0.01777
0 0.07585 0.91805 0.02138 0.01645
0 0.10012 0.8522 0.01812 0.01868
0 0.14707 0.79433 0.02195 0.02025
