0 0.4925 0.36375 0.0225 0.015
0 0.51875 0.34375 0.0225 0.0175
0 0.62375 0.31625 0.0225 0.02
0 0.40875 0.26625 0.025 0.0175
0 0.38875 0.2425 0.0175 0.0225
0 0.3675 0.2025 0.0175 0.02
0 0.33125 0.2575 0.025 0.02
0 0.3625 0.1375 0.0225 0.015
0 0.38625 0.11625 0.0175 0.0175
0 0.51 0.4 0.0175 0.0175
0 0.42625 0.46625 0.015 0.0125
0 0.445 0.4025 0.0175 0.015
0 0.46125 0.4875 0.03 0.025
0 0.48125 0.34125 0.0225 0.02
0 0.45 0.2925 0.0225 0.02
0 0.51125 0.42875 0.0225 0.015
0 0.65625 0.36 0.025 0.0275
0 0.5825 0.38625 0.02 0.0225
0 0.35 0.5925 0.02 0.0275
0 0.39125 0.7675 0.02 0.0175
0 0.90625 0.97 0.0225 0.0175
