0 0.15295 0.12628 0.02337 0.02003
0 0.23875 0.08625 0.02 0.015
0 0.3075 0.44875 0.0175 0.02
0 0.06528 0.08725 0.01805 0.017
0 0.345 0.41125 0.02 0.0225
0 0.32125 0.37375 0.0175 0.0225
0 0.06125 0.18125 0.02 0.02
0 0.24625 0.3825 0.02 0.0175
0 0.15965 0.18 0.02 0.02
0 0.03733 0.10977 0.01752 0.01775
0 0.28597 0.21493 0.0166 0.01733
0 0.27353 0.18252 0.02205 0.01862
0 0.2581 0.02658 0.018 0.021
0 0.49062 0.48515 0.01875 0.01675
0 0.21875 0.7475 0.0275 0.0225
0 0.22 0.695 0.025 0.0275
0 0.18125 0.5475 0.02 0.0175
0 0.22 0.5447 0.0225 0.0225
0 0.2375 0.71125 0.0225 0.02
0 0.18573 0.625 0.02322 0.02142
0 0.17188 0.8375 0.01875 0.02142
0 0.19198 0.79375 0.01785 0.01965
0 0.19285 0.83125 0.01965 0.02142
0 0.29688 0.76295 0.01875 0.01698
0 0.28573 0.80983 0.01965 0.01607
0 0.22948 0.56965 0.01785 0.02142
0 0.31028 0.71875 0.02053 0.02142
0 0.15535 0.61965 0.01965 0.02322
0 0.18573 0.68215 0.01965 0.02142
0 0.85682 0.7985 0.02438 0.02022
