0 0.4025 0.1325 0.0275 0.025
0 0.3975 0.1525 0.025 0.025
0 0.415 0.17375 0.0225 0.0225
0 0.33875 0.52125 0.0225 0.015
0 0.44375 0.91 0.0175 0.0175
0 0.425 0.89875 0.0225 0.02
0 0.75125 0.1025 0.02 0.02
0 0.63875 0.2325 0.025 0.0175
0 0.645 0.2925 0.02 0.02
0 0.61 0.3575 0.025 0.0225
0 0.59875 0.62625 0.0275 0.02
0 0.54625 0.7475 0.025 0.025
0 0.5775 0.73875 0.0225 0.02
0 0.52 0.7175 0.025 0.02
0 0.53875 0.70375 0.025 0.0175
0 0.8575 0.315 0.0225 0.0225
0 0.89 0.30625 0.025 0.025
0 0.9025 0.35125 0.025 0.02
