0 0.0425 0.105 0.0225 0.0175
0 0.12625 0.0275 0.0225 0.02
0 0.155 0.06 0.0275 0.02
0 0.2025 0.48375 0.0225 0.02
0 0.2325 0.49625 0.0225 0.0175
0 0.255 0.50875 0.0175 0.0175
0 0.18 0.81875 0.0225 0.02
0 0.26125 0.7225 0.0175 0.0225
0 0.285 0.7675 0.0175 0.0225
0 0.395 0.13625 0.02 0.0275
0 0.255 0.29625 0.02 0.02
0 0.20125 0.76375 0.0225 0.0225
0 0.28625 0.2825 0.02 0.02
0 0.22875 0.62 0.02 0.02
0 0.21625 0.7975 0.0225 0.0225
0 0.15 0.45 0.0225 0.0225
0 0.355 0.7475 0.0225 0.0225
0 0.2775 0.7325 0.0225 0.0225
0 0.3275 0.275 0.0225 0.02
0 0.31375 0.76 0.0225 0.0225
0 0.33375 0.76375 0.0225 0.02
0 0.24 0.7975 0.0225 0.02
0 0.35 0.18375 0.02 0.02
0 0.335 0.68 0.0225 0.0225
0 0.1623 0.61075 0.02788 0.02892
0 0.61125 0.1775 0.0225 0.02
0 0.62 0.12875 0.02 0.02
0 0.51125 0.18875 0.02 0.0225
0 0.51875 0.17125 0.015 0.0175
0 0.64125 0.14375 0.025 0.025
0 0.55125 0.1975 0.0225 0.0225
0 0.55875 0.14 0.0225 0.02
0 0.53855 0.16927 0.01895 0.02053
0 0.53182 0.1861 0.01907 0.0179
0 0.72253 0.13305 0.02095 0.02638
0 0.6889 0.15557 0.01808 0.01957
0 0.56657 0.17337 0.02795 0.02335
