0 0.71125 0.04125 0.0225 0.0175
0 0.72625 0.18375 0.025 0.02
0 0.53558 0.13428 0.02705 0.021
0 0.05375 0.17125 0.0225 0.02
0 0.07125 0.24875 0.02 0.025
0 0.0275 0.33 0.02 0.0175
0 0.055 0.30125 0.0175 0.0225
0 0.27 0.2175 0.0225 0.0175
0 0.3075 0.47875 0.02 0.0225
0 0.56125 0.1775 0.0175 0.0175
0 0.50875 0.2775 0.0175 0.02
0 0.47125 0.4225 0.0225 0.025
0 0.50375 0.4525 0.02 0.02
0 0.5225 0.32 0.02 0.0175
0 0.49125 0.29875 0.0225 0.0175
0 0.48875 0.3775 0.02 0.0175
0 0.285 0.265 0.025 0.0225
0 0.18875 0.0625 0.0175 0.0175
0 0.75625 0.49375 0.03 0.0125
0 0.5525 0.1175 0.0225 0.0225
0 0.53375 0.4 0.02 0.02
0 0.5475 0.30875 0.02 0.02
0 0.54875 0.41375 0.0225 0.02
0 0.46875 0.35875 0.02 0.02
0 0.475 0.3175 0.02 0.02
0 0.49625 0.33125 0.02 0.02
0 0.07875 0.3225 0.0225 0.0225
0 0.2325 0.0775 0.0225 0.0225
0 0.245 0.33 0.025 0.0225
0 0.31375 0.44375 0.0225 0.0225
0 0.9025 0.41375 0.025 0.0225
0 0.0925 0.6675 0.02 0.02
0 0.25875 0.71375 0.0275 0.0225
0 0.21375 0.80875 0.02 0.0225
0 0.09875 0.80625 0.0225 0.02
0 0.15375 0.9575 0.0275 0.025
0 0.46375 0.96 0.025 0.025
0 0.17375 0.68125 0.03 0.0225
0 0.52125 0.92375 0.02 0.02
0 0.4625 0.91125 0.0225 0.02
0 0.56125 0.67 0.0225 0.02
0 0.04125 0.87625 0.03 0.0275
0 0.06875 0.85057 0.025 0.025
0 0.12 0.67625 0.025 0.025
0 0.52125 0.92375 0.02 0.02
0 0.895 0.545 0.02 0.02
0 0.25875 0.7725 0.0225 0.0225
0 0.395 0.85 0.025 0.025
0 0.5425 0.93125 0.0225 0.02
0 0.18625 0.52625 0.0225 0.0225
0 0.2125 0.75875 0.02 0.02
0 0.14875 0.5575 0.025 0.025
0 0.11125 0.90625 0.0225 0.02
0 0.38 0.5525 0.0225 0.0225
0 0.78375 0.53 0.02 0.02
0 0.53875 0.9275 0.025 0.0225
0 0.115 0.765 0.025 0.0225
0 0.87375 0.57125 0.02 0.02
0 0.66125 0.655 0.02 0.02
0 0.08875 0.58375 0.0225 0.0225
0 0.69875 0.66125 0.0225 0.02
0 0.26125 0.7425 0.0225 0.0225
0 0.5425 0.65625 0.0225 0.0225
0 0.68783 0.59573 0.02683 0.02598
0 0.5191 0.69778 0.0248 0.03632
0 0.04 0.97428 0.03327 0.02475
