0 0.05375 0.67125 0.0325 0.03
0 0.2275 0.9125 0.025 0.025
0 0.07375 0.98375 0.025 0.025
0 0.34 0.51125 0.02 0.0225
0 0.1475 0.21625 0.025 0.02
0 0.4875 0.09125 0.02 0.02
0 0.2075 0.1975 0.025 0.015
0 0.1625 0.14375 0.02 0.0175
0 0.4075 0.9675 0.025 0.02
0 0.075 0.65125 0.0275 0.025
0 0.42875 0.39 0.0225 0.0225
0 0.06375 0.61875 0.0225 0.0225
0 0.08597 0.67278 0.0225 0.0225
0 0.71875 0.055 0.025 0.0275
0 0.69875 0.0375 0.02 0.0225
0 0.68375 0.02375 0.02 0.02
0 0.815 0.09625 0.025 0.0275
0 0.8125 0.0625 0.0225 0.0225
0 0.86625 0.11625 0.0225 0.025
0 0.90625 0.105 0.02 0.025
0 0.94625 0.14375 0.0225 0.025
0 0.73 0.17125 0.02 0.0225
0 0.6725 0.23125 0.02 0.0275
0 0.62 0.23375 0.025 0.0225
0 0.56995 0.22985 0.0249 0.0278
0 0.71 0.25375 0.0225 0.0225
0 0.62375 0.2 0.0225 0.0225
0 0.7475 0.3225 0.0225 0.02
0 0.92875 0.2025 0.0225 0.0225
0 0.64125 0.33375 0.015 0.0175
0 0.7425 0.41875 0.0225 0.02
0 0.84875 0.45625 0.025 0.0175
0 0.8775 0.49 0.02 0.02
0 0.8625 0.4275 0.02 0.0175
0 0.79 0.3925 0.02 0.0175
0 0.8225 0.325 0.0175 0.0175
0 0.9025 0.48625 0.0175 0.025
0 0.925 0.49 0.0225 0.0225
0 0.95125 0.5575 0.02 0.025
0 0.9025 0.32875 0.02 0.025
0 0.82875 0.11625 0.0225 0.0225
0 0.7925 0.26375 0.0225 0.02
0 0.63125 0.095 0.0225 0.0225
