0 0.94875 0.49875 0.0225 0.0225
0 0.91625 0.51 0.02 0.0225
0 0.725 0.52625 0.02 0.0275
0 0.05 0.65125 0.0225 0.0225
0 0.77125 0.06625 0.02 0.02
0 0.7075 0.07125 0.025 0.0225
0 0.7425 0.0825 0.0225 0.0225
0 0.64625 0.09375 0.025 0.0225
0 0.61 0.09875 0.025 0.0225
0 0.65875 0.12375 0.025 0.02
0 0.69 0.1575 0.025 0.02
0 0.6175 0.22375 0.03 0.0275
0 0.66375 0.2475 0.02 0.0175
0 0.57 0.29 0.025 0.02
0 0.82125 0.37125 0.0225 0.02
0 0.88 0.44625 0.02 0.0225
0 0.61375 0.265 0.025 0.0225
0 0.755 0.36625 0.015 0.0175
0 0.95875 0.47875 0.0225 0.025
0 0.59875 0.34125 0.0225 0.02
0 0.2025 0.545 0.025 0.0375
0 0.06 0.5525 0.02 0.02
0 0.08 0.55125 0.0175 0.0175
0 0.095 0.56625 0.0225 0.0175
0 0.02125 0.61625 0.0225 0.0175
0 0.765 0.44625 0.0175 0.0225
0 0.78375 0.4 0.02 0.025
0 0.8025 0.34625 0.0175 0.0225
0 0.97875 0.435 0.0275 0.025
0 0.9775 0.53375 0.0175 0.0225
0 0.8875 0.50625 0.0175 0.0175
0 0.9 0.465 0.0175 0.02
0 0.78125 0.085 0.0175 0.0225
0 0.05 0.65 0.0225 0.0225
0 0.075 0.8125 0.0225 0.0225
0 0.193425 0.755 0.0275 0.0275
0 0.62875 0.03375 0.0175 0.0175
0 0.51375 0.035 0.0275 0.0275
0 0.09375 0.83875 0.025 0.025