0 0.1125 0.55125 0.02 0.0225
0 0.09 0.54125 0.0225 0.02
0 0.0925 0.58375 0.0225 0.02
0 0.0775 0.615 0.0225 0.025
0 0.06625 0.65375 0.0175 0.0175
0 0.23625 0.70375 0.025 0.02
0 0.38 0.53 0.02 0.02
0 0.62 0.48375 0.0225 0.02
0 0.635 0.43625 0.02 0.02
0 0.6525 0.26375 0.0225 0.0225
0 0.50625 0.215 0.02 0.0175
0 0.58875 0.21875 0.0225 0.02
0 0.1175 0.88125 0.025 0.0225
0 0.1 0.78625 0.015 0.0225
0 0.16625 0.74375 0.02 0.02
0 0.1325 0.7425 0.025 0.02
0 0.155 0.6525 0.025 0.0225
0 0.1675 0.685 0.025 0.0225
0 0.11625 0.625 0.0225 0.0275
0 0.06375 0.56 0.015 0.025
0 0.2475 0.495 0.0275 0.0225
0 0.18125 0.82 0.02 0.0225
0 0.1575 0.80875 0.0275 0.02
0 0.6375 0.17125 0.0225 0.0175
0 0.60875 0.15375 0.015 0.02
0 0.34125 0.93 0.0225 0.02
0 0.58 0.34125 0.02 0.02
0 0.62 0.37625 0.0175 0.0225
0 0.5575 0.41625 0.0175 0.015
0 0.0275 0.63125 0.025 0.025
0 0.047 0.778 0.0225 0.02
0 0.03125 0.5075 0.0225 0.0225
0 0.49125 0.16875 0.02 0.02
0 0.36625 0.6 0.0225 0.02
0 0.04625 0.56375 0.02 0.02
0 0.18125 0.76875 0.02 0.02
0 0.67125 0.0325 0.02 0.02
0 0.47 0.287 0.02 0.02
0 0.54125 0.68375 0.0175 0.0175
0 0.17375 0.94 0.02 0.02
0 0.46 0.70825 0.02 0.0175
0 0.5125 0.81 0.02 0.02
0 0.3075 0.59125 0.02 0.02
0 0.04125 0.67875 0.0225 0.02
0 0.86375 0.6475 0.02 0.02
0 0.9155 0.7055 0.0225 0.02
0 0.09949999999999999 0.45649999999999996 0.02 0.02
0 0.1032 0.14825 0.0285 0.02675
0 0.5078499999999999 0.18982500000000002 0.0285 0.025
0 0.586325 0.191275 0.026175 0.018600000000000002
0 0.57675 0.2032 0.030225 0.018025
0 0.476175 0.228775 0.022099999999999998 0.023825
0 0.5311 0.21539999999999998 0.026175 0.018025
0 0.522975 0.230825 0.026175 0.019775
0 0.8255750000000001 0.8247 0.032549999999999996 0.023825
0 0.661925 0.878775 0.023825 0.014525
0 0.9732500000000001 0.9784999999999999 0.024425 0.018600000000000002
0 0.58605 0.46104999999999996 0.030225 0.030225
0 0.57935 0.40814999999999996 0.0285 0.030225
0 0.5997 0.261625 0.030825 0.022099999999999998
0 0.233725 0.9747 0.024425 0.022675
0 0.151175 0.770925 0.022099999999999998 0.022099999999999998
0 0.163375 0.542725 0.022099999999999998 0.02035
0 0.10755 0.48517499999999997 0.022099999999999998 0.018025