0 0.2125 0.36625 0.025 0.0225
0 0.47375 0.38625 0.025 0.0225
0 0.4775 0.3625 0.025 0.0225
0 0.41125 0.4375 0.0225 0.02
0 0.46625 0.4925 0.025 0.015
0 0.205 0.255 0.0175 0.0175
0 0.4 0.4725 0.0175 0.02
0 0.48625 0.2425 0.025 0.02
0 0.55125 0.14375 0.0225 0.02
0 0.65375 0.1275 0.0175 0.0175
0 0.565 0.345 0.0175 0.02
0 0.53 0.3575 0.025 0.0275
0 0.53375 0.0525 0.015 0.0125
0 0.8925 0.18625 0.0225 0.015
0 0.875 0.29625 0.0275 0.0125
0 0.60875 0.07875 0.0275 0.02
0 0.53625 0.0325 0.02 0.0175
0 0.59125 0.2675 0.0225 0.02
0 0.86125 0.0775 0.0225 0.015
0 0.58625 0.17625 0.025 0.025
0 0.2325 0.89 0.0275 0.035
0 0.3425 0.90375 0.0225 0.0275
0 0.41125 0.84125 0.0225 0.02
0 0.3725 0.77 0.025 0.025
0 0.38625 0.71125 0.02 0.015
0 0.37125 0.68125 0.0225 0.0175
0 0.43125 0.61125 0.0225 0.0225
0 0.2175 0.8325 0.025 0.025
0 0.295 0.9025 0.025 0.0225
0 0.395 0.74125 0.0175 0.0225
0 0.41375 0.61625 0.0225 0.0275
0 0.42 0.57875 0.02 0.0225
0 0.3975 0.58125 0.02 0.02
0 0.405 0.5275 0.0375 0.0275
0 0.3925 0.6225 0.02 0.02
0 0.39375 0.765 0.0175 0.02
0 0.41125 0.74 0.02 0.0175
0 0.4575 0.8375 0.0175 0.0175
0 0.455 0.6275 0.0225 0.0175
0 0.29375 0.86375 0.0225 0.0225
0 0.30875 0.8825 0.0225 0.0225
0 0.82875 0.53625 0.0225 0.0175
