0 0.2875 0.24875 0.0325 0.0225
0 0.2325 0.30375 0.0175 0.0175
0 0.16125 0.315 0.02 0.02
0 0.20625 0.35875 0.02 0.02
0 0.925 0.08625 0.0225 0.0175
0 0.945 0.2 0.02 0.025
0 0.715 0.28375 0.0175 0.02
0 0.80625 0.32 0.0225 0.0225
0 0.78625 0.4425 0.0225 0.0175
0 0.91125 0.1225 0.0225 0.02
0 0.62125 0.335 0.02 0.0175
0 0.9075 0.19125 0.0225 0.0225
0 0.82 0.2725 0.02 0.02
0 0.75625 0.4625 0.02 0.0175
0 0.945 0.2825 0.0175 0.0175
0 0.535 0.38125 0.025 0.025
0 0.76875 0.36125 0.02 0.02
0 0.94 0.24125 0.0175 0.0175
0 0.74125 0.2875 0.02 0.02
0 0.90125 0.415 0.02 0.0175
0 0.94 0.135 0.02 0.02
0 0.89875 0.71875 0.03 0.0275
0 0.92625 0.72125 0.025 0.025
0 0.85 0.73625 0.0275 0.0275
0 0.66125 0.7725 0.025 0.02
0 0.95 0.7075 0.02 0.0175
0 0.92 0.6875 0.02 0.0175
0 0.96375 0.7675 0.0225 0.02
0 0.68375 0.78375 0.0225 0.0225
0 0.7325 0.70625 0.02 0.0175
