0 0.7575 0.56 0.02 0.02
0 0.69125 0.57875 0.0175 0.0175
0 0.0575 0.65125 0.02 0.025
0 0.815 0.3375 0.0175 0.0175
0 0.8025 0.27375 0.0175 0.025
0 0.855 0.3075 0.0175 0.02
0 0.94 0.21125 0.025 0.02
0 0.73125 0.68 0.0225 0.02
0 0.78375 0.55125 0.015 0.0175
0 0.85 0.33375 0.0225 0.02
0 0.62125 0.50625 0.0225 0.015
0 0.9025 0.38625 0.025 0.02
0 0.91625 0.34125 0.0175 0.02
0 0.90875 0.325 0.0175 0.02
0 0.7225 0.22 0.025 0.0225
0 0.9575 0.0625 0.025 0.0175
0 0.70625 0.60875 0.0275 0.0225
0 0.45125 0.7 0.025 0.025
0 0.63375 0.615 0.025 0.0275
0 0.72125 0.3975 0.0225 0.0225
0 0.92625 0.85875 0.0225 0.02
0 0.74375 0.625 0.0225 0.0225
0 0.75875 0.25375 0.0225 0.02
0 0.6125 0.81875 0.0225 0.0225
0 0.30125 0.7125 0.02 0.0175
0 0.26 0.8975 0.025 0.0225
0 0.17625 0.7 0.025 0.025