0 0.81135 0.20105 0.0252 0.022375
0 0.7225 0.0603 0.025 0.024925000000000003
0 0.930125 0.19260000000000002 0.025325 0.022825
0 0.9584999999999999 0.23504999999999998 0.021075 0.022400000000000003
0 0.9231999999999999 0.1566 0.026575 0.023225
0 0.7726500000000001 0.26705 0.025525000000000003 0.024375
0 0.7461249999999999 0.442225 0.01955 0.0196
0 0.038175 0.3197 0.0279 0.02185
0 0.7025 0.1975 0.025 0.02
0 0.7855 0.3031 0.02265 0.0163
0 0.666275 0.264225 0.02375 0.021825
0 0.94 0.57 0.025 0.025
0 0.7044750000000001 0.1025 0.01965 0.021875
0 0.748075 0.459325 0.0199 0.020649999999999998
0 0.97705 0.22615 0.019125 0.02015
0 0.490325 0.01115 0.021150000000000002 0.022324999999999998
0 0.9131999999999999 0.352975 0.02105 0.020225
0 0.9583499999999999 0.047599999999999996 0.020274999999999998 0.0202
0 0.826875 0.305475 0.01805 0.016325
0 0.8272499999999999 0.32382500000000003 0.0187 0.020225
0 0.9451 0.48302500000000004 0.022324999999999998 0.019625
0 0.9668000000000001 0.479375 0.024725 0.02035
0 0.9831 0.46704999999999997 0.019525 0.0252
0 0.8224750000000001 0.41902500000000004 0.02355 0.02375
0 0.935875 0.5061249999999999 0.0253 0.019875