0 0.12875 0.05125 0.02 0.015
0 0.2575 0.48125 0.02 0.0225
0 0.54375 0.35125 0.0225 0.025
0 0.5675 0.3925 0.025 0.0225
0 0.5425 0.38125 0.0225 0.025
0 0.545 0.4825 0.0175 0.0225
0 0.48125 0.48 0.0225 0.025
0 0.45375 0.415 0.0175 0.02
0 0.4975 0.32625 0.0225 0.0225
0 0.485 0.37 0.0175 0.02
0 0.52375 0.28375 0.025 0.0325
0 0.54 0.2 0.025 0.0225
0 0.4025 0.18875 0.0225 0.025
0 0.64875 0.31 0.03 0.0225
0 0.66 0.28875 0.025 0.0225
0 0.57875 0.2425 0.025 0.025
0 0.62375 0.35375 0.02 0.02
0 0.51625 0.455 0.0225 0.0175
0 0.5875 0.13375 0.025 0.0275
0 0.59875 0.16 0.0175 0.025
0 0.64375 0.13125 0.0175 0.015
0 0.67375 0.1625 0.02 0.0225
0 0.65625 0.07375 0.02 0.0225
0 0.535 0.07625 0.03 0.0275
0 0.5725 0.02125 0.0225 0.0175
0 0.6075 0.03 0.0225 0.025
0 0.71625 0.105 0.025 0.025
0 0.8475 0.0275 0.0275 0.02
0 0.95 0.06 0.025 0.0225
0 0.93375 0.28125 0.025 0.02
0 0.88375 0.48375 0.0225 0.0175
0 0.46625 0.27875 0.02 0.0175
0 0.16 0.02375 0.0225 0.02
0 0.5775 0.49 0.02 0.02
0 0.49 0.10125 0.02 0.02
0 0.59625 0.38875 0.02 0.02
0 0.4425 0.46 0.02 0.02
0 0.47375 0.67375 0.0275 0.025
0 0.51875 0.6975 0.0275 0.0225
0 0.43 0.57125 0.025 0.0275
0 0.47625 0.55125 0.025 0.025
0 0.55 0.55 0.0225 0.025
0 0.49 0.69875 0.025 0.02
0 0.73125 0.65375 0.0225 0.0275
0 0.6775 0.68375 0.02 0.0175
0 0.11 0.625 0.0275 0.0225
0 0.11 0.71125 0.0175 0.02
0 0.46375 0.6325 0.0175 0.0175
0 0.47875 0.6375 0.025 0.0175
0 0.59125 0.6025 0.0225 0.0175
0 0.55 0.68375 0.02 0.025
0 0.73875 0.58375 0.0275 0.025
