0 0.75875 0.2125 0.0275 0.0225
0 0.97875 0.29 0.0175 0.0175
0 0.83625 0.27125 0.0175 0.02
0 0.7725 0.06375 0.025 0.0225
0 0.82625 0.0825 0.0225 0.02
0 0.59125 0.12125 0.0225 0.0225
0 0.08375 0.48829999999999996 0.021425 0.022324999999999998
0 0.54035 0.06 0.025 0.025
0 0.7733 0.129275 0.023025000000000004 0.02215
0 0.1609 0.21295000000000003 0.023925000000000002 0.02125
0 0.04865 0.664275 0.01875 0.016075
0 0.06875 0.741975 0.025 0.01965
0 0.9509000000000001 0.1442 0.016075 0.015175000000000001
0 0.991525 0.20670000000000002 0.016975 0.016975