0 0.2025 0.3525 0.0225 0.03
0 0.0975 0.35 0.025 0.025
0 0.16625 0.46125 0.0225 0.025
0 0.84625 0.5675 0.0275 0.025
0 0.805 0.5525 0.025 0.025
0 0.8425 0.47125 0.0175 0.02
0 0.7575 0.47125 0.0225 0.0175
0 0.70875 0.3625 0.015 0.02
0 0.16125 0.225 0.025 0.025
0 0.1475 0.84375 0.0225 0.0175
0 0.04875 0.46625 0.02 0.0225
0 0.72375 0.40875 0.0275 0.0325
0 0.8825 0.59375 0.0175 0.02
0 0.0125 0.38375 0.02 0.025
0 0.13875 0.39125 0.0175 0.0275
0 0.915 0.3725 0.025 0.0225
0 0.292175 0.11737500000000001 0.01935 0.021075
0 0.1175 0.83875 0.02 0.0175
0 0.71875 0.325 0.0175 0.015
0 0.0975 0.350125 0.025 0.025
0 0.277825 0.433025 0.0176 0.021675