0 0.415 0.12125 0.0175 0.02
0 0.4825 0.1425 0.0175 0.0225
0 0.3725 0.14375 0.0225 0.02
0 0.4 0.1575 0.0225 0.0225
0 0.5225 0.1775 0.0275 0.0225
0 0.08125 0.18375 0.0175 0.0225
0 0.21875 0.20875 0.0225 0.02
0 0.6425 0.28625 0.0225 0.0225
0 0.22625 0.34875 0.0275 0.0275
0 0.70875 0.67375 0.0275 0.0275
0 0.5175 0.14875 0.025 0.0225
0 0.21875 0.03375 0.0225 0.02
0 0.5475 0.26 0.03 0.0325
0 0.03875 0.16125 0.02 0.02
0 0.4175 0.31125 0.0225 0.0225
0 0.72875 0.7675 0.0225 0.0225
0 0.12 0.23875 0.02 0.02
0 0.47125 0.12 0.0225 0.0225
0 0.11875 0.1775 0.02 0.02
0 0.11449999999999999 0.26 0.02 0.02