0 0.25 0.03875 0.02 0.0225
0 0.4475 0.085 0.02 0.025
0 0.15702 0.13428 0.02332 0.0227
0 0.09685 0.15588 0.02368 0.02075
0 0.185 0.175 0.0275 0.0225
0 0.10875 0.2325 0.0225 0.025
0 0.1425 0.2575 0.0225 0.025
0 0.34375 0.2725 0.0175 0.0175
0 0.40125 0.27375 0.0225 0.0225
0 0.1 0.31 0.015 0.015
0 0.1425 0.3125 0.02 0.0225
0 0.12375 0.32875 0.0175 0.0175
0 0.19125 0.34375 0.015 0.0175
0 0.37 0.3575 0.02 0.0225
0 0.11125 0.3575 0.025 0.0175
0 0.3645 0.38625 0.02353 0.02
0 0.17625 0.405 0.02 0.0225
0 0.12 0.42875 0.0225 0.0225
0 0.03625 0.41625 0.0225 0.0175
0 0.15125 0.40125 0.0175 0.0175
0 0.12 0.28 0.0175 0.0175
0 0.22625 0.175 0.02 0.0225
0 0.365 0.15 0.025 0.025
0 0.4075 0.17125 0.02 0.0225
0 0.12 0.42875 0.0225 0.0225
0 0.0825 0.29125 0.02 0.02
0 0.0675 0.3775 0.0225 0.02
0 0.205 0.15375 0.0225 0.0225
0 0.21 0.03375 0.0225 0.0225
0 0.11 0.39375 0.02 0.0175
0 0.33875 0.24125 0.02 0.02
0 0.39625 0.22875 0.0175 0.0175
0 0.225 0.3475 0.02 0.02
0 0.35108 0.22192 0.0218 0.01705
0 0.4488 0.16063 0.01758 0.02098
0 0.3736 0.10955 0.02042 0.01907
0 0.67 0.11375 0.0175 0.015
0 0.64875 0.14 0.02 0.03
0 0.85125 0.17125 0.0225 0.0225
0 0.94125 0.23125 0.025 0.025
0 0.87 0.25125 0.025 0.03
0 0.84375 0.2525 0.0225 0.025
0 0.7375 0.2775 0.02 0.02
0 0.805 0.32 0.0225 0.02
0 0.92125 0.32875 0.015 0.0175
0 0.77375 0.3375 0.025 0.02
0 0.86375 0.3375 0.0175 0.02
0 0.6879 0.35175 0.0233 0.0215
0 0.9125 0.365 0.02 0.02
0 0.85625 0.40875 0.02 0.0175
0 0.71 0.1075 0.02 0.02
0 0.97 0.23875 0.0175 0.0225
0 0.6875 0.35125 0.0225 0.0225
0 0.75625 0.42 0.025 0.025
0 0.89085 0.3275 0.0225 0.0225
0 0.54625 0.2925 0.02 0.02
0 0.93875 0.1975 0.02 0.02
0 0.6175 0.1525 0.02 0.02
0 0.69473 0.13085 0.01802 0.02065
0 0.78018 0.1842 0.02105 0.02018
0 0.91428 0.29583 0.02142 0.022
0 0.8702 0.21287 0.02078 0.02217
0 0.67535 0.16755 0.01677 0.01903
0 0.69837 0.17158 0.01997 0.01995
0 0.62085 0.2867 0.01673 0.01627
0 0.73035 0.29698 0.0161 0.01675
0 0.69788 0.33287 0.01717 0.0211
0 0.67918 0.12462 0.0155 0.0186
0 0.8102 0.40493 0.02042 0.02057
0 0.89845 0.22725 0.01833 0.01702
0 0.93115 0.3614 0.01805 0.01745
0 0.10125 0.5475 0.0225 0.0225
0 0.40875 0.585 0.0225 0.02
0 0.08163 0.5215 0.0168 0.02158
0 0.10357 0.51025 0.01968 0.0205
0 0.25392 0.722 0.02215 0.01897
0 0.1174 0.5648 0.01518 0.01145
0 0.1261 0.54723 0.01292 0.01413
0 0.1461 0.55225 0.01137 0.01698
0 0.1324 0.56798 0.021 0.01717
0 0.25088 0.5435 0.0196 0.01915
