0 0.92875 0.1 0.0175 0.0225
0 0.7375 0.7275 0.0175 0.02
0 0.7125 0.695 0.02 0.025
0 0.6975 0.7075 0.02 0.025
0 0.97375 0.4425 0.025 0.0275
0 0.97875 0.252025 0.025 0.026525
0 0.93625 0.28125 0.02 0.0225
0 0.51125 0.93625 0.0225 0.02
0 0.74925 0.686675 0.0215 0.020825
0 0.0125 0.4825 0.02 0.0175
0 0.86125 0.51125 0.0225 0.0225
0 0.1325 0.04875 0.025 0.025
0 0.89 0.32375 0.02 0.02
0 0.9125 0.75625 0.0225 0.0225
0 0.93625 0.860175 0.0225 0.0225
0 0.92875 0.49375 0.0175 0.0175
0 0.76875 0.94875 0.02 0.02
0 0.785 0.63 0.0225 0.02