0 0.49625 0.03375 0.0275 0.025
0 0.565 0.45625 0.0225 0.0225
0 0.68375 0.0725 0.025 0.0225
0 0.58875 0.45125 0.025 0.025
0 0.85625 0.42375 0.0225 0.0225
0 0.54125 0.3575 0.02 0.02
0 0.87375 0.4825 0.02 0.0175
0 0.51 0.4625 0.02 0.02
0 0.515 0.40625 0.0225 0.02
0 0.54455 0.4494 0.01862 0.02142
0 0.51238 0.42865 0.02795 0.02553
0 0.54658 0.37925 0.02502 0.02263
0 0.40395 0.14802 0.02505 0.02328
0 0.43055 0.14978 0.02562 0.03263
0 0.21628 0.24625 0.0239 0.02795
0 0.25953 0.26787 0.0204 0.02792
0 0.83062 0.45897 0.0261 0.02805
0 0.80463 0.43078 0.0198 0.02515
0 0.93012 0.25405 0.0184 0.02217
0 0.91368 0.29495 0.0216 0.02112
0 0.53705 0.33772 0.0249 0.02167
0 0.93625 0.59625 0.02 0.02
0 0.97 0.54625 0.0175 0.02
0 0.715 0.62 0.02 0.02
0 0.64 0.945 0.02 0.0175
0 0.61375 0.97625 0.02 0.0175
0 0.56375 0.87125 0.0225 0.0225
0 0.155 0.955 0.02 0.0225
0 0.7325 0.66875 0.0225 0.0175
0 0.55 0.5475 0.0225 0.0175
0 0.9675 0.52625 0.0225 0.0175
0 0.78875 0.70125 0.025 0.025
0 0.73875 0.6325 0.0225 0.0225
0 0.58875 0.9525 0.0225 0.0225
0 0.7925 0.525 0.025 0.0225
0 0.61375 0.9375 0.02 0.02
0 0.19 0.9425 0.0225 0.0225
0 0.39095 0.86515 0.02493 0.01677
0 0.3532 0.83715 0.02658 0.02278
0 0.43172 0.79152 0.02165 0.02605
0 0.33825 0.86215 0.02385 0.02057
0 0.52355 0.92735 0.02163 0.02272
0 0.72272 0.7146 0.02432 0.02112
