0 0.47409999999999997 0.02635 0.020724999999999997 0.019825
0 0.17 0.29375 0.0225 0.0225
0 0.92125 0.865 0.025 0.0225
0 0.41125 0.15125 0.0225 0.0225
0 0.40659999999999996 0.1859 0.025 0.025
0 0.96625 0.7775 0.02 0.02
0 0.9383 0.8957250000000001 0.02875 0.023575
0 0.985275 0.7625 0.015175000000000001 0.01965
0 0.9826 0.7852750000000001 0.01875 0.020525
0 0.8558 0.909825 0.0259 0.01965
0 0.11875 0.3549 0.01965 0.016975
0 0.479475 0.13572499999999998 0.021425 0.01965
0 0.164725 0.40045000000000003 0.015175000000000001 0.01875
0 0.1875 0.395525 0.01965 0.021425
0 0.20535 0.4058 0.017849999999999998 0.022324999999999998