0 0.7991 0.0968 0.02183 0.02545
0 0.6575 0.32125 0.02 0.0175
0 0.61375 0.10375 0.02 0.0225
0 0.28875 0.36 0.0225 0.0175
0 0.50125 0.04125 0.02 0.0175
0 0.75 0.11125 0.025 0.0225
0 0.64132 0.404 0.02155 0.02372
0 0.84375 0.075 0.0175 0.015
0 0.85078 0.1496 0.0225 0.02127
0 0.7875 0.14625 0.02 0.02
0 0.76875 0.21875 0.02 0.02
0 0.50125 0.04125 0.02 0.0175
0 0.36625 0.2275 0.0225 0.0225
0 0.76125 0.0925 0.02 0.02
0 0.6519 0.49108 0.01808 0.01785
0 0.9307 0.37218 0.01675 0.01937
0 0.93578 0.35593 0.018 0.01723
0 0.769 0.10635 0.01558 0.01945
0 0.42125 0.815 0.0225 0.0225
0 0.78625 0.8075 0.02 0.02
0 0.57875 0.78125 0.02 0.02
0 0.82125 0.765 0.02 0.015
0 0.80875 0.87625 0.0225 0.02
0 0.77625 0.9225 0.0175 0.0175
0 0.1225 0.785 0.0175 0.0175
0 0.4167 0.68848 0.02592 0.02558
0 0.44625 0.74875 0.0225 0.0225
0 0.45125 0.61125 0.0225 0.02
0 0.5675 0.7275 0.02 0.02
0 0.5 0.75625 0.0225 0.02
0 0.3 0.53875 0.0225 0.0225
0 0.78 0.72375 0.0225 0.0225
0 0.44993 0.80995 0.02158 0.02115
0 0.8231 0.92795 0.01762 0.02018
0 0.80927 0.85313 0.01675 0.02053
0 0.85637 0.89908 0.0181 0.01955
0 0.79695 0.76472 0.01812 0.01727
0 0.8517 0.95623 0.01947 0.01783
0 0.45045 0.78767 0.01698 0.01643
0 0.5145 0.901 0.01653 0.01452
0 0.5294 0.897 0.01442 0.01903
0 0.49 0.8678 0.0157 0.01597
0 0.47002 0.88025 0.01685 0.01765
0 0.54478 0.87865 0.02167 0.01625
0 0.47695 0.77155 0.02355 0.01988
0 0.5766 0.64488 0.0157 0.0183
0 0.5625 0.63885 0.01607 0.01878
0 0.58413 0.61485 0.01745 0.0185
0 0.29907 0.64172 0.0196 0.02095
0 0.5526 0.71673 0.0141 0.0156
