0 0.12652 0.46168 0.02445 0.02278
0 0.4335 0.326 0.01682 0.0203
0 0.14625 0.1575 0.02 0.0175
0 0.06875 0.0475 0.0275 0.0225
0 0.0899 0.2233 0.02375 0.0216
0 0.4775 0.39875 0.02 0.02
0 0.33375 0.24875 0.02 0.02
0 0.39625 0.37125 0.0175 0.0175
0 0.03 0.465 0.02 0.0175
0 0.04947 0.11193 0.01862 0.02208
0 0.28808 0.25475 0.01903 0.022
0 0.2296 0.2025 0.01632 0.02285
0 0.5425 0.41625 0.0225 0.02
0 0.9075 0.045 0.025 0.0225
0 0.61 0.455 0.02 0.02
0 0.52082 0.38 0.01665 0.01715
0 0.52595 0.36033 0.01798 0.01887
0 0.5067 0.43052 0.0134 0.01572
0 0.53478 0.45142 0.01597 0.02067
0 0.52695 0.4885 0.01997 0.02163
0 0.5715 0.4486 0.01622 0.01862
0 0.56838 0.46865 0.01325 0.01627
0 0.1325 0.88375 0.025 0.0225
0 0.14132 0.78137 0.02245 0.017
0 0.07875 0.78875 0.0175 0.0175
0 0.11 0.7725 0.0175 0.02
0 0.3175 0.63625 0.0175 0.0175
0 0.1925 0.82625 0.025 0.0175
0 0.34875 0.97125 0.015 0.0175
0 0.37375 0.70625 0.02 0.02
0 0.28375 0.96375 0.02 0.015
0 0.31375 0.9775 0.02 0.02
0 0.0325 0.8675 0.02 0.02
0 0.22625 0.8925 0.0225 0.0175
0 0.27375 0.53 0.0225 0.0225
0 0.09375 0.89375 0.02 0.02
0 0.2225 0.84375 0.02 0.02
0 0.4525 0.84625 0.02 0.02
0 0.22625 0.91875 0.02 0.02
0 0.31875 0.61375 0.025 0.025
0 0.27927 0.60412 0.0175 0.01717
0 0.038 0.65423 0.01887 0.02453
0 0.3808 0.80173 0.01698 0.0195
0 0.40382 0.80795 0.01655 0.01947
0 0.43063 0.79945 0.0148 0.01857
0 0.77337 0.85505 0.02225 0.02142
0 0.6625 0.82875 0.0225 0.0175
0 0.74655 0.85037 0.02057 0.01827
0 0.5925 0.75375 0.025 0.0175
0 0.5675 0.775 0.0225 0.0175
0 0.53875 0.66875 0.0175 0.0175
0 0.595 0.6475 0.0225 0.015
0 0.59555 0.71095 0.02112 0.0219
0 0.71375 0.62875 0.02 0.0225
0 0.74625 0.61625 0.0225 0.02
0 0.74672 0.77855 0.02072 0.0213
0 0.64802 0.9312 0.01827 0.01837
0 0.6575 0.9 0.0175 0.015
0 0.7225 0.8975 0.025 0.02
0 0.67652 0.96077 0.01942 0.02152
0 0.54375 0.8075 0.0175 0.0175
0 0.86737 0.90127 0.02 0.0175
0 0.81912 0.89053 0.01717 0.0172
0 0.81402 0.9101 0.01857 0.01795
0 0.6 0.79125 0.0175 0.015
0 0.62 0.7975 0.02 0.015
0 0.56692 0.549 0.01885 0.0195
0 0.7075 0.51125 0.025 0.0225
0 0.7117 0.74887 0.0209 0.01978
0 0.77375 0.81375 0.025 0.0225
0 0.79407 0.93 0.0225 0.0225
0 0.6025 0.57 0.02 0.02
0 0.53625 0.89125 0.0225 0.0225
0 0.57625 0.665 0.02 0.02
0 0.9675 0.66625 0.025 0.025
0 0.59125 0.81375 0.02 0.02
0 0.565 0.755 0.02 0.02
0 0.94855 0.6034 0.01798 0.0193
0 0.51535 0.76543 0.01643 0.01835
0 0.50847 0.72515 0.01698 0.02353
0 0.61707 0.85345 0.02342 0.02118
0 0.84002 0.90618 0.02353 0.0159
0 0.86712 0.9227 0.0193 0.01707
0 0.8589 0.84547 0.01957 0.02308
0 0.60065 0.82422 0.01833 0.01762
0 0.69442 0.6032 0.0174 0.0171
0 0.62903 0.73115 0.02235 0.02123
0 0.54665 0.6542 0.01833 0.01735
0 0.66505 0.92752 0.01632 0.01457
0 0.74185 0.89532 0.01762 0.021
0 0.75642 0.9024 0.01752 0.02197
0 0.67927 0.57573 0.02105 0.01928
0 0.73648 0.70575 0.0194 0.01862
