0 0.24875 0.54625 0.02 0.0225
0 0.40875 0.47 0.02 0.025
0 0.3475 0.54875 0.015 0.02
0 0.37125 0.56 0.0225 0.0175
0 0.355 0.61 0.0175 0.0225
0 0.1975 0.61375 0.0275 0.02
0 0.32625 0.4075 0.015 0.0175
0 0.19125 0.4075 0.0175 0.02
0 0.2275 0.42 0.025 0.0225
0 0.39375 0.415 0.02 0.0175
0 0.4925 0.49 0.015 0.0225
0 0.135 0.4325 0.02 0.0175
0 0.81875 0.95125 0.0175 0.02
0 0.815 0.785 0.0225 0.025
0 0.69625 0.6425 0.015 0.0225
0 0.72125 0.64125 0.0175 0.02
0 0.76625 0.68875 0.025 0.0175
0 0.8975 0.91 0.0175 0.02
0 0.935 0.90625 0.025 0.0275
0 0.9 0.88875 0.0225 0.0225
0 0.97125 0.935 0.0225 0.02
0 0.55 0.51875 0.02 0.02
0 0.83375 0.72125 0.0225 0.025
0 0.515 0.42875 0.02 0.025
0 0.7375 0.5775 0.025 0.0275
0 0.5175 0.66 0.0225 0.02
0 0.53 0.59375 0.0175 0.0175
0 0.695 0.61125 0.0175 0.02
0 0.62625 0.92625 0.02 0.0175
0 0.62125 0.94125 0.0225 0.0175
0 0.62625 0.85125 0.0175 0.0175
0 0.59625 0.55375 0.0225 0.02
0 0.5125 0.35 0.0175 0.0225
