0 0.15 0.3675 0.0225 0.0225
0 0.2225 0.34625 0.0175 0.0175
0 0.2375 0.39875 0.02 0.0175
0 0.18664999999999998 0.4175 0.02 0.0225
0 0.75875 0.09875 0.02 0.02
0 0.8028 0.053125 0.02 0.0225
0 0.75625 0.05125 0.02 0.0175
0 0.665 0.12 0.0175 0.0175
0 0.285 0.37 0.0175 0.015
0 0.54125 0.0875 0.0175 0.0175
0 0.59 0.0575 0.0225 0.02
0 0.16375 0.42 0.0225 0.025
0 0.095 0.34 0.02 0.02
0 0.351275 0.5736 0.01745 0.017775
0 0.21515 0.40325000000000005 0.019725 0.024675
0 0.2175 0.36875 0.0175 0.02
0 0.37125 0.41625 0.0175 0.0175
0 0.39625 0.4175 0.02 0.0225
0 0.71 0.0125 0.025 0.025
0 0.75 0.005 0.01 0.01
0 0.76385 0.00605 0.0176 0.0121
0 0.7875 0.025 0.0225 0.025
0 0.744075 0.038599999999999995 0.02315 0.017775
0 0.481225 0.401825 0.024275 0.02085
0 0.20989999999999998 0.5083 0.019225000000000003 0.019125
0 0.25 0.46125 0.02 0.02
0 0.30875 0.38 0.0175 0.02
0 0.465 0.20625 0.0225 0.02
0 0.15032500000000001 0.506975 0.02315 0.021425
0 0.5225 0.4725 0.02 0.02
0 0.38375 0.58125 0.0225 0.0225
0 0.80105 0.02165 0.017925 0.015825
0 0.54 0.16375 0.02 0.02
0 0.695 0.06375 0.02 0.02
0 0.18875 0.27375 0.0175 0.0175
0 0.4625 0.0425 0.02 0.02
0 0.35875 0.4425 0.0175 0.0175
0 0.204225 0.34635 0.01735 0.017675
0 0.23572500000000002 0.27025 0.0197 0.017275
0 0.235125 0.25265 0.016675 0.017775
0 0.5848 0.120825 0.021400000000000002 0.020225
0 0.1604 0.557175 0.022574999999999998 0.021475
0 0.69035 0.031075 0.0182 0.0175
0 0.9499500000000001 0.0694 0.01825 0.019225000000000003
0 0.777975 0.072925 0.020225 0.017275
0 0.6466 0.143925 0.016399999999999998 0.018175
0 0.48107500000000003 0.16475 0.013925 0.017
0 0.514825 0.14550000000000002 0.020575 0.0182
0 0.5365 0.144975 0.012725 0.016725
0 0.6962 0.14827500000000002 0.01565 0.01795
0 0.72225 0.09185 0.019475 0.017625
0 0.10797499999999999 0.31055 0.0195 0.019325000000000002
0 0.11137499999999999 0.3488 0.01655 0.016675
0 0.24567499999999998 0.320625 0.01455 0.018025
0 0.255625 0.331875 0.01375 0.013025
0 0.2683 0.39862499999999995 0.01695 0.0169
0 0.19079999999999997 0.519225 0.0173 0.017025
0 0.30774999999999997 0.35914999999999997 0.019074999999999998 0.02185
0 0.49262500000000004 0.480125 0.015600000000000001 0.0174
0 0.513425 0.44795 0.016125 0.0191
0 0.5897249999999999 0.39655 0.01695 0.02165
0 0.637325 0.42705 0.017525 0.020175000000000002
0 0.6627 0.42667499999999997 0.018225 0.0194
0 0.640475 0.45385 0.019074999999999998 0.0191
0 0.23315000000000002 0.5047 0.0176 0.018349999999999998