0 0.48 0.06875 0.0275 0.02
0 0.56625 0.035 0.025 0.0175
0 0.65 0.02875 0.025 0.0225
0 0.6 0.02625 0.0225 0.0225
0 0.59 0.0325 0.02 0.02
0 0.58875 0.1575 0.025 0.0175
0 0.42 0.14625 0.0275 0.02
0 0.57875 0.29625 0.0225 0.0225
0 0.4775 0.17625 0.02 0.0175
0 0.6875 0.02875 0.02 0.02
0 0.1575 0.0775 0.02 0.015
0 0.3825 0.45875 0.0225 0.02
0 0.3 0.4875 0.0225 0.02
0 0.15 0.68375 0.025 0.015
0 0.26375 0.96875 0.0225 0.0175
0 0.3975 0.36625 0.0175 0.0175
0 0.50875 0.3125 0.02 0.0225
0 0.59875 0.26875 0.0225 0.025
0 0.48 0.49875 0.0225 0.025
0 0.455 0.46625 0.03 0.02