0 0.1925 0.05125 0.0225 0.02
0 0.12125 0.245 0.0225 0.0175
0 0.1525 0.25625 0.03 0.02
0 0.08625 0.345 0.02 0.0275
0 0.12875 0.315 0.0275 0.0275
0 0.05125 0.3375 0.02 0.0275
0 0.295 0.4175 0.025 0.025
0 0.2725 0.47375 0.025 0.025
0 0.325 0.415 0.0175 0.0175
0 0.5225 0.40875 0.0175 0.0175
0 0.9575 0.4375 0.025 0.0225
0 0.78375 0.24375 0.0225 0.025
0 0.815 0.25875 0.025 0.02
0 0.92 0.15625 0.015 0.0175
0 0.93125 0.155 0.02 0.02
0 0.95375 0.1075 0.0175 0.0225
0 0.915 0.21625 0.0175 0.025
0 0.71125 0.0575 0.0225 0.0225
0 0.69125 0.10375 0.025 0.015
0 0.6875 0.16 0.0175 0.0175
0 0.73625 0.185 0.0175 0.02
0 0.86625 0.15375 0.0175 0.02
0 0.13625 0.8275 0.02 0.0225
0 0.23 0.835 0.0225 0.02
0 0.49375 0.9675 0.02 0.0225
0 0.6475 0.71625 0.025 0.02
0 0.9875 0.59125 0.02 0.02
0 0.7075 0.6975 0.025 0.015
0 0.6625 0.64375 0.02 0.0175
0 0.92875 0.89 0.0225 0.0225
