0 0.39875 0.34625 0.025 0.02
0 0.4375 0.24 0.0275 0.02
0 0.25875 0.03 0.0275 0.0225
0 0.055 0.305 0.0175 0.0225
0 0.05875 0.15875 0.02 0.0175
0 0.24875 0.135 0.0175 0.0175
0 0.36875 0.41 0.025 0.02
0 0.09625 0.16625 0.025 0.02
0 0.41375 0.27125 0.02 0.02
0 0.30875 0.05375 0.0225 0.0225
0 0.09125 0.065 0.0225 0.0225
0 0.42 0.3 0.02 0.02
0 0.4875 0.87 0.0175 0.0175
0 0.0625 0.7925 0.0225 0.0175
0 0.97 0.787 0.02 0.02
0 0.5995 0.9565 0.02 0.02
0 0.6032 0.64825 0.0285 0.02675
0 0.97618 0.72878 0.0221 0.02382
