0 0.3275 0.11375 0.02 0.02
0 0.36625 0.12125 0.025 0.0275
0 0.77 0.9875 0.0225 0.0225
0 0.9075 0.925 0.0275 0.0225
0 0.85625 0.93375 0.02 0.0225
0 0.75 0.3725 0.03 0.025
0 0.78 0.29875 0.0275 0.0275
0 0.57625 0.3275 0.025 0.025
0 0.60625 0.2925 0.02 0.02
0 0.5275 0.42 0.02 0.025
0 0.66125 0.3525 0.0225 0.025
0 0.565 0.46375 0.02 0.025
0 0.55875 0.41375 0.02 0.0175
0 0.05375 0.87375 0.02 0.02
0 0.11875 0.93875 0.0225 0.0225
0 0.08 0.89 0.02 0.0175
0 0.15875 0.885 0.0175 0.02
0 0.37125 0.21875 0.02 0.02
0 0.2775 0.1975 0.025 0.02
0 0.2675 0.96875 0.025 0.025
0 0.80625 0.41125 0.025 0.0225
0 0.615 0.3725 0.02 0.02
0 0.0525 0.4375 0.025 0.0225
0 0.48 0.4725 0.0225 0.0225
0 0.88125 0.82125 0.0225 0.0225
0 0.4775 0.6725 0.02 0.02
0 0.2925 0.89625 0.0225 0.02
0 0.555 0.39625 0.02 0.02
0 0.91875 0.8475 0.02 0.02
0 0.5075 0.50125 0.0225 0.0225
0 0.7475 0.32625 0.0225 0.02
0 0.545 0.445 0.02 0.02
0 0.785 0.6375 0.025 0.025
0 0.35 0.92125 0.02 0.02
0 0.87875 0.84125 0.0225 0.0225
0 0.90875 0.05 0.025 0.0225
0 0.94875 0.855 0.02 0.02
0 0.8775 0.91125 0.02 0.02
0 0.36625 0.705 0.02 0.02
0 0.69625 0.4025 0.02 0.02
0 0.7475 0.597075 0.0225 0.0225