0 0.15125 0.5075 0.025 0.025
0 0.20375 0.52875 0.02 0.02
0 0.21985 0.57248 0.02587 0.02417
0 0.1775 0.57625 0.02 0.02
0 0.19332 0.59795 0.0225 0.02
0 0.155 0.6475 0.0175 0.025
0 0.195 0.7225 0.025 0.015
0 0.30125 0.725 0.0275 0.025
0 0.12 0.73 0.02 0.015
0 0.16125 0.73125 0.0225 0.02
0 0.215 0.78125 0.0225 0.0175
0 0.1675 0.485 0.025 0.0175
0 0.055 0.49125 0.0225 0.0175
0 0.21567 0.46818 0.02308 0.02092
0 0.24555 0.159 0.02197 0.02172
0 0.22875 0.2175 0.02 0.02
0 0.2579 0.36885 0.02278 0.02227
0 0.25625 0.045 0.0225 0.02
0 0.25125 0.70125 0.0175 0.0175
0 0.1375 0.93 0.02 0.02
0 0.22963 0.837 0.01815 0.01688
0 0.13458 0.91088 0.01558 0.0164
0 0.19015 0.7082 0.016 0.0146
0 0.19945 0.7473 0.0154 0.01792
0 0.1998 0.81858 0.02103 0.0175
0 0.16248 0.68058 0.016 0.02185
0 0.13307 0.5482 0.01972 0.02142
0 0.32722 0.0224 0.01698 0.018
0 0.2249 0.34305 0.01765 0.01823
0 0.20188 0.44743 0.0234 0.02163
0 0.16795 0.64125 0.02123 0.01285
0 0.18793 0.66045 0.0206 0.01565
0 0.243 0.82965 0.0176 0.01392
0 0.23135 0.8047 0.01627 0.01477
0 0.03743 0.91013 0.0195 0.01845
0 0.0593 0.9065 0.01893 0.0166
0 0.07377 0.91578 0.01315 0.01667
0 0.1683 0.90363 0.01873 0.01972
0 0.32552 0.72392 0.02038 0.0182
0 0.44082 0.72278 0.01738 0.01695
0 0.675 0.48375 0.02 0.02
0 0.67667 0.6424 0.02118 0.01875
