0 0.6675 0.84375 0.0275 0.0275
0 0.66625 0.82125 0.025 0.025
0 0.14375 0.74 0.03 0.025
0 0.21625 0.86 0.0225 0.025
0 0.6 0.86875 0.025 0.025
0 0.514375 0.334525 0.02105 0.022099999999999998
0 0.112175 0.614725 0.019 0.020499999999999997
0 0.746575 0.9511750000000001 0.02175 0.020225
0 0.7888249999999999 0.9763 0.018725000000000002 0.022250000000000002
0 0.890575 0.92305 0.024024999999999998 0.019325000000000002
0 0.8776 0.8818 0.017675 0.020724999999999997
0 0.732725 0.9843500000000001 0.01725 0.022275
0 0.186975 0.7368250000000001 0.022174999999999997 0.02365
0 0.14665 0.70485 0.0183 0.018625
0 0.620175 0.739575 0.024275 0.027374999999999997
0 0.9331 0.8740000000000001 0.018000000000000002 0.021225
0 0.865625 0.8949750000000001 0.017124999999999998 0.01955
0 0.744225 0.671825 0.027725 0.022225
0 0.7863249999999999 0.73 0.0173 0.017150000000000002
0 0.784075 0.702825 0.0199 0.018175