0 0.5 0.16375 0.0325 0.0225
0 0.955 0.07625 0.0225 0.0325
0 0.2775 0.09125 0.0325 0.03
0 0.27 0.0575 0.0275 0.025
0 0.44125 0.105 0.0225 0.03
0 0.45625 0.0425 0.03 0.025
0 0.445 0.32125 0.0375 0.0275
0 0.475 0.24 0.025 0.03
0 0.485 0.215 0.03 0.025
0 0.4175 0.1375 0.0275 0.025
0 0.3475 0.165 0.025 0.0225
0 0.385 0.25125 0.025 0.025
0 0.42375 0.24 0.0275 0.0225
0 0.46125 0.16375 0.025 0.03
0 0.49 0.0775 0.0375 0.0325
0 0.4725 0.41625 0.0325 0.03
0 0.41875 0.35 0.0225 0.0225
0 0.8 0.17625 0.0275 0.0275
0 0.67125 0.03125 0.0225 0.0225
0 0.37375 0.03875 0.0225 0.02
0 0.7475 0.28875 0.025 0.0225
0 0.4525 0.19125 0.02 0.025
0 0.48688 0.44935 0.0275 0.0225
0 0.40875 0.2875 0.0225 0.0325
0 0.295 0.1774 0.025 0.0225
0 0.64625 0.02375 0.0225 0.02
0 0.2025 0.8525 0.0225 0.03
0 0.0975 0.85 0.025 0.025
0 0.16625 0.96125 0.0225 0.025
0 0.8425 0.97125 0.0175 0.02
0 0.7575 0.97125 0.0225 0.0175
0 0.70875 0.8625 0.015 0.02
0 0.16125 0.725 0.025 0.025
0 0.04875 0.96625 0.02 0.0225
0 0.72375 0.90875 0.0275 0.0325
0 0.0125 0.88375 0.02 0.025
0 0.13875 0.89125 0.0175 0.0275
0 0.915 0.8725 0.025 0.0225
0 0.29218 0.61738 0.01935 0.02107
0 0.71875 0.825 0.0175 0.015
0 0.0975 0.85013 0.025 0.025
0 0.27782 0.93302 0.0176 0.02167
