0 0.5575 0.51625 0.02 0.0275
0 0.585 0.5025 0.0275 0.0225
0 0.80625 0.5275 0.02 0.02
0 0.77375 0.93125 0.0275 0.0275
0 0.37 0.6975 0.0275 0.025
0 0.155 0.8175 0.025 0.0275
0 0.7325 0.5275 0.02 0.0175
0 0.78 0.51 0.025 0.02
0 0.745 0.50125 0.02 0.0275
0 0.875 0.7025 0.0225 0.03
0 0.9225 0.8925 0.025 0.0225
0 0.0975 0.16375 0.025 0.02
0 0.89875 0.94 0.025 0.0325
0 0.033725 0.111075 0.025075 0.02465
0 0.1925 0.83 0.015 0.0175
0 0.36875 0.8125 0.0225 0.0175
0 0.8425 0.94125 0.0225 0.0225
0 0.66375 0.9425 0.02 0.0175
0 0.91875 0.67 0.025 0.0225
0 0.3075 0.02125 0.0225 0.02
0 0.51375 0.045 0.02 0.02
0 0.8775 0.0875 0.0225 0.03
0 0.90375 0.98875 0.0175 0.0175
0 0.9175 0.9725 0.0225 0.0225
0 0.22125 0.84 0.02 0.02
0 0.6025 0.01375 0.0225 0.0225