0 0.35875 0.0275 0.025 0.0225
0 0.37097 0.0558 0.01698 0.01698
0 0.41073 0.09062 0.01785 0.01518
0 0.42545 0.1201 0.01875 0.01875
0 0.44465 0.0558 0.01785 0.01875
0 0.68 0.11375 0.025 0.0225
0 0.795 0.34 0.025 0.025
0 0.79063 0.37233 0.02053 0.01607
0 0.25875 0.7125 0.0275 0.0225
0 0.47875 0.79 0.0175 0.0175
0 0.33625 0.77125 0.0175 0.02
0 0.2725 0.56375 0.025 0.0225
0 0.32625 0.5825 0.0225 0.02
0 0.09125 0.62125 0.0225 0.0225
0 0.04035 0.56 0.025 0.025
0 0.2733 0.62928 0.02303 0.02215
0 0.4509 0.6442 0.01607 0.01518
0 0.49152 0.7067 0.01698 0.01698
0 0.67045 0.62875 0.02303 0.02
0 0.66625 0.95465 0.02142 0.02142
