0 0.58625 0.06625 0.025 0.0225
0 0.275 0.23 0.0175 0.015
0 0.19375 0.3825 0.02 0.0225
0 0.33625 0.44875 0.025 0.025
0 0.72875 0.3325 0.0275 0.0275
0 0.53875 0.39625 0.025 0.0225
0 0.13 0.42875 0.03 0.02
0 0.47 0.14125 0.02 0.0225
0 0.5625 0.10875 0.0175 0.025
0 0.07625 0.4475 0.025 0.0225
0 0.2325 0.16125 0.0325 0.02
0 0.49875 0.2875 0.015 0.0175
0 0.50875 0.29375 0.0175 0.0175
0 0.2475 0.47125 0.0225 0.0225
0 0.23125 0.4025 0.0225 0.0225
0 0.45125 0.32125 0.02 0.02
0 0.9375 0.26125 0.02 0.0175
0 0.8775 0.28125 0.0225 0.02
0 0.63875 0.085 0.02 0.0175
0 0.47875 0.3075 0.02 0.02
0 0.6425 0.57625 0.02 0.02
0 0.6575 0.55625 0.015 0.015
0 0.875 0.60625 0.0175 0.02
0 0.855 0.52125 0.0275 0.0275
0 0.84625 0.60125 0.0225 0.0225
0 0.76625 0.59375 0.0175 0.0175
0 0.35375 0.5475 0.025 0.025
0 0.29625 0.63125 0.025 0.025
0 0.10125 0.7625 0.02 0.02
