0 0.27 0.9875 0.0225 0.0225
0 0.4075 0.925 0.0275 0.0225
0 0.35625 0.93375 0.02 0.0225
0 0.25 0.3725 0.03 0.025
0 0.28 0.29875 0.0275 0.0275
0 0.07625 0.3275 0.025 0.025
0 0.10625 0.2925 0.02 0.02
0 0.0275 0.42 0.02 0.025
0 0.16125 0.3525 0.0225 0.025
0 0.065 0.46375 0.02 0.025
0 0.05875 0.41375 0.02 0.0175
0 0.30625 0.41125 0.025 0.0225
0 0.115 0.3725 0.02 0.02
0 0.38125 0.82125 0.0225 0.0225
0 0.055 0.39625 0.02 0.02
0 0.41875 0.8475 0.02 0.02
0 0.2475 0.32625 0.0225 0.02
0 0.045 0.445 0.02 0.02
0 0.285 0.6375 0.025 0.025
0 0.37875 0.84125 0.0225 0.0225
0 0.40875 0.05 0.025 0.0225
0 0.44875 0.855 0.02 0.02
0 0.3775 0.91125 0.02 0.02
0 0.19625 0.4025 0.02 0.02
0 0.2475 0.59708 0.0225 0.0225
0 0.625 0.4 0.025 0.02
0 0.62625 0.295 0.0225 0.0225
0 0.52125 0.59 0.0175 0.02
0 0.56625 0.6175 0.02 0.0225
0 0.71125 0.94375 0.025 0.0225
0 0.77875 0.85875 0.025 0.0275
0 0.89 0.78875 0.0225 0.0225
0 0.665 0.345 0.0225 0.0225
0 0.825 0.86625 0.02 0.02
0 0.54625 0.81375 0.0225 0.0225
0 0.6975 0.33375 0.0225 0.02
0 0.645 0.47875 0.0225 0.0225
