0 0.76795 0.23365 0.02232 0.01802
0 0.79285 0.15535 0.02215 0.02142
0 0.85135 0.255 0.02482 0.0225
0 0.9517 0.21035 0.0241 0.02465
0 0.97823 0.2275 0.02142 0.0225
0 0.68875 0.17 0.0225 0.0275
0 0.71857 0.15823 0.02215 0.02393
0 0.70125 0.22125 0.02 0.0225
0 0.79 0.3125 0.02 0.0225
0 0.825 0.3525 0.02 0.02
0 0.62 0.15125 0.0225 0.03
0 0.68375 0.23875 0.01823 0.02393
0 0.80448 0.2375 0.02142 0.01965
0 0.58785 0.27715 0.02465 0.02142
0 0.9833 0.3608 0.02303 0.02053
0 0.64545 0.17937 0.0241 0.02125
0 0.92125 0.28625 0.0225 0.0225
0 0.8475 0.3883 0.02215 0.01947
0 0.53035 0.45045 0.025 0.01875
0 0.56625 0.94 0.02 0.025
0 0.57875 0.8525 0.0225 0.0275
0 0.505 0.78 0.0325 0.03
0 0.59698 0.72455 0.01893 0.0284
0 0.62375 0.6951 0.02142 0.02053
0 0.50535 0.70955 0.02535 0.02517
0 0.57142 0.72073 0.02215 0.03072
0 0.55625 0.80875 0.0225 0.0225
0 0.5475 0.83375 0.0275 0.025
0 0.4925 0.5475 0.0275 0.025
0 0.48 0.6275 0.025 0.025
0 0.50875 0.915 0.0225 0.02
0 0.645 0.705 0.02 0.01427
0 0.5116 0.51607 0.01785 0.02142
