0 0.185 0.2475 0.02 0.02
0 0.12125 0.24625 0.0225 0.02
0 0.12125 0.26875 0.025 0.02
0 0.20375 0.35 0.0225 0.0175
0 0.59875 0.11625 0.02 0.0225
0 0.34375 0.1825 0.025 0.02
0 0.60625 0.14 0.0225 0.02
0 0.365 0.25625 0.02 0.02
0 0.41875 0.2325 0.0225 0.0225
0 0.05125 0.305 0.0225 0.0225
0 0.51625 0.1325 0.0175 0.0175
0 0.18125 0.2075 0.02 0.02
0 0.78 0.3125 0.0175 0.0175
0 0.66375 0.23 0.02 0.02
0 0.64375 0.28 0.0175 0.0175
0 0.49125 0.3175 0.0225 0.0225
0 0.525 0.24875 0.02 0.02
0 0.2933 0.1701 0.01698 0.01875
0 0.54107 0.2134 0.02142 0.01965
0 0.4134 0.36205 0.02322 0.02053
0 0.38392 0.19955 0.01785 0.01518
0 0.57098 0.1826 0.0241 0.02232
0 0.1625 0.29017 0.01785 0.01965
0 0.09822 0.32858 0.01607 0.01965
0 0.695 0.88875 0.0225 0.02
