0 0.93625 0.795 0.02 0.02
0 0.90625 0.7825 0.0225 0.025
0 0.83875 0.72875 0.0225 0.02
0 0.835 0.31875 0.0225 0.0225
0 0.0275 0.95375 0.0225 0.0225
0 0.9175 0.72375 0.0225 0.02
0 0.77 0.33125 0.025 0.0225
0 0.88 0.0525 0.025 0.025
0 0.85375 0.78875 0.02 0.02
0 0.8225 0.7625 0.0175 0.02
0 0.71375 0.055 0.025 0.025
0 0.1875 0.84875 0.0275 0.0275
0 0.87 0.7175 0.0225 0.0225
0 0.2225 0.67375 0.025 0.0225
0 0.6825 0.035 0.0225 0.0225
0 0.88875 0.0925 0.0275 0.0275
0 0.81 0.06375 0.0225 0.0225
0 0.93375 0.9225 0.0225 0.02
0 0.80375 0.832225 0.025 0.025
0 0.92625 0.95625 0.025 0.025
0 0.82875 0.66375 0.025 0.025
0 0.08375 0.5275 0.0225 0.02
0 0.7775 0.1 0.0225 0.02
0 0.77875 0.63875 0.0225 0.0225
0 0.9475 0.77375 0.0225 0.0225
0 0.975 0.75875 0.0225 0.0225
0 0.055 0.3875 0.02 0.02
0 0.9175 0.35 0.0225 0.0225
0 0.895 0.83875 0.02 0.0175
0 0.9675 0.73875 0.02 0.02
0 0.774675 0.67 0.025 0.025
0 0.82125 0.71 0.0225 0.0225
0 0.31875 0.35375 0.02 0.02
0 0.08375 0.2775 0.02 0.02
0 0.7725 0.68125 0.025 0.0275
0 0.0375 0.35625 0.02 0.0175
0 0.91125 0.67875 0.0225 0.0225
0 0.86625 0.91125 0.025 0.025
0 0.205 0.83375 0.0225 0.0225
0 0.18875 0.37875 0.02 0.02