0 0.12875 0.88125 0.02 0.0225
0 0.13125 0.945 0.025 0.02
0 0.3725 0.785 0.0175 0.0225
0 0.67625 0.77625 0.02 0.0175
0 0.32 0.81375 0.02 0.0175
0 0.37012500000000004 0.81825 0.018825 0.018675
0 0.7226250000000001 0.7630750000000001 0.02205 0.0208
0 0.49055 0.826675 0.0222 0.0212
0 0.47340000000000004 0.7702249999999999 0.020025 0.0208
0 0.43895 0.752875 0.0279 0.018225
0 0.649475 0.739325 0.018574999999999998 0.017925
0 0.499175 0.94655 0.019775 0.028825
0 0.23875 0.884525 0.018799999999999997 0.02005
0 0.287425 0.826875 0.019475 0.019799999999999998
0 0.154475 0.9243250000000001 0.021475 0.02185