0 0.15625 0.72375 0.025 0.02
0 0.045 0.09375 0.0275 0.03
0 0.26625 0.05125 0.02 0.02
0 0.36875 0.25875 0.0275 0.03
0 0.33125 0.33125 0.0225 0.0325
0 0.31875 0.03375 0.0175 0.0175
0 0.33798 0.14875 0.025 0.025
0 0.39375 0.04673 0.02 0.02
0 0.93 0.175 0.03 0.0175
0 0.95 0.2025 0.0225 0.0175
0 0.925 0.2175 0.02 0.0175
0 0.7025 0.31125 0.0225 0.025
0 0.67125 0.225 0.02 0.0225
0 0.7325 0.15375 0.02 0.0275
0 0.6 0.14875 0.025 0.0275
0 0.91125 0.245 0.0175 0.02
0 0.6675 0.0825 0.0175 0.02
0 0.71625 0.1 0.02 0.0225
0 0.73 0.065 0.02 0.02
0 0.88 0.07625 0.0175 0.025
0 0.86375 0.08125 0.015 0.0225
0 0.6075 0.19125 0.025 0.0225
0 0.9675 0.17375 0.02 0.0175
0 0.91875 0.155 0.015 0.02
0 0.57375 0.17625 0.0225 0.02
0 0.95 0.335 0.0175 0.0175
