0 0.31125 0.715 0.02 0.02
0 0.3025 0.82 0.015 0.015
0 0.37375 0.61875 0.0175 0.0225
0 0.385 0.75375 0.02 0.02
0 0.39058 0.72505 0.0222 0.02155
0 0.31642 0.83475 0.01535 0.01442
0 0.26112 0.8762 0.0187 0.01847
0 0.2938 0.9314 0.01798 0.01995
0 0.47978 0.29113 0.02025 0.01978
0 0.32775 0.64013 0.02158 0.01597
0 0.35585 0.67317 0.0206 0.01775
0 0.42427 0.69198 0.01462 0.01785
0 0.4134 0.6991 0.01607 0.01965
0 0.3926 0.64213 0.01733 0.01638
0 0.34125 0.78065 0.02 0.01843
0 0.22578 0.98463 0.01942 0.02285
0 0.57408 0.45305 0.02493 0.02395
0 0.61158 0.45568 0.01957 0.02027
0 0.62665 0.62235 0.01937 0.0197
0 0.60088 0.57393 0.01957 0.02105
0 0.54093 0.53007 0.01758 0.02085
0 0.85447 0.67748 0.01788 0.02283
0 0.76988 0.9924 0.01833 0.01518
0 0.80105 0.73128 0.02353 0.02148
0 0.83292 0.6689 0.01405 0.0146
0 0.95112 0.55535 0.01655 0.01963
0 0.76282 0.83877 0.01673 0.01685
0 0.77827 0.85487 0.01845 0.01702
0 0.82178 0.81927 0.01857 0.02072
0 0.8237 0.87075 0.0203 0.01837
0 0.94362 0.62628 0.01582 0.01862
0 0.60773 0.64263 0.01367 0.01385
0 0.61163 0.66305 0.01603 0.01317
0 0.75152 0.76335 0.0189 0.02342
