0 0.16875 0.775 0.0225 0.025
0 0.33875 0.04625 0.03 0.02
0 0.24375 0.13 0.02 0.02
0 0.1825 0.135 0.0175 0.02
0 0.1725 0.1775 0.02 0.02
0 0.225 0.20375 0.02 0.0175
0 0.24375 0.13 0.02 0.02
0 0.1 0.10375 0.0225 0.0225
0 0.295 0.215 0.02 0.02
0 0.14875 0.5025 0.0225 0.02
0 0.07 0.34125 0.02 0.02
0 0.15 0.3 0.0225 0.0225
0 0.28875 0.1425 0.025 0.025
0 0.1575 0.14625 0.0225 0.02
0 0.1175 0.4425 0.0225 0.02
0 0.2625 0.17843 0.02 0.0175
0 0.09375 0.03625 0.0225 0.0225
0 0.13875 0.47 0.02 0.02
0 0.1375 0.80625 0.0225 0.0225
0 0.64125 0.64875 0.0275 0.03
0 0.57125 0.65625 0.0225 0.02
0 0.67375 0.72 0.02 0.0225
0 0.6975 0.39875 0.0325 0.03
0 0.63 0.45 0.0225 0.0225
0 0.70875 0.45375 0.0225 0.0275
0 0.59625 0.63625 0.02 0.0175
0 0.685 0.4575 0.02 0.0175
0 0.605 0.8125 0.0225 0.0225
0 0.6525 0.6875 0.025 0.025
0 0.70435 0.35875 0.025 0.0225
0 0.595 0.57875 0.0225 0.0225
