0 0.19125 0.77625 0.0275 0.0275
0 0.275 0.7575 0.0225 0.0225
0 0.47125 0.7375 0.025 0.025
0 0.7725 0.835 0.0275 0.0275
0 0.48875 0.6775 0.025 0.025
0 0.09875 0.79375 0.02 0.02
0 0.2709 0.02625 0.0225 0.0225
0 0.52625 0.6825 0.0225 0.0225
0 0.914725 0.773225 0.020525 0.021425
0 0.133925 0.148225 0.014275 0.01965
0 0.177225 0.15 0.016975 0.023225
0 0.14955 0.1174 0.015175000000000001 0.020525
0 0.24285 0.065175 0.01965 0.017849999999999998
0 0.24864999999999998 0.097325 0.020525 0.016075
0 0.285725 0.0799 0.01965 0.01875
0 0.3549 0.060725 0.0134 0.014275
0 0.685725 0.046875 0.023225 0.022324999999999998
0 0.340175 0.9125 0.01965 0.017849999999999998
0 0.664275 0.9701000000000001 0.01965 0.01875