0 0.28115 0.1666 0.01982 0.02215
0 0.33135 0.16045 0.0241 0.02303
0 0.30785 0.18295 0.02322 0.02553
0 0.27312 0.1292 0.02053 0.0234
0 0.2292 0.1142 0.02732 0.0234
0 0.27785 0.20965 0.02322 0.02465
0 0.2841 0.2459 0.02322 0.02322
0 0.48455 0.07358 0.02303 0.02465
0 0.45705 0.10795 0.02125 0.02482
0 0.26187 0.06723 0.02125 0.02553
0 0.37875 0.1925 0.0225 0.0225
0 0.28615 0.06813 0.0291 0.02375
0 0.39705 0.19635 0.0266 0.01982
0 0.39875 0.2975 0.02 0.02
0 0.2933 0.29642 0.02053 0.02142
0 0.27097 0.31427 0.0259 0.01785
0 0.23215 0.97545 0.01785 0.0241
0 0.19823 0.02278 0.02142 0.02053
0 0.79483 0.42625 0.02393 0.02715
0 0.7866 0.24517 0.025 0.02608
0 0.8149 0.21115 0.02232 0.02232
0 0.84625 0.32178 0.02643 0.02215
0 0.8875 0.33375 0.0225 0.02
0 0.67625 0.62625 0.025 0.0275
0 0.68375 0.74 0.0225 0.025
0 0.96858 0.43072 0.02215 0.02142
0 0.87 0.96125 0.025 0.0275
0 0.97215 0.8825 0.02393 0.02393
0 0.94125 0.87052 0.0275 0.0275
0 0.6309 0.87778 0.02393 0.02625
0 0.59285 0.8483 0.02892 0.02553
0 0.535 0.9825 0.025 0.025
0 0.58375 0.97125 0.0225 0.025
0 0.6125 0.93375 0.0225 0.0275
0 0.58375 0.6975 0.0275 0.025
0 0.62205 0.25233 0.02125 0.02357
0 0.565 0.31125 0.025 0.025
0 0.97125 0.72125 0.0225 0.0225
0 0.93125 0.37375 0.025 0.0225
0 0.5675 0.90125 0.0225 0.0225
0 0.66302 0.83885 0.01965 0.02232
0 0.64777 0.8376 0.02232 0.0241
0 0.85965 0.2925 0.025 0.025
0 0.555 0.7125 0.0225 0.0225
0 0.59375 0.82535 0.0225 0.0225
0 0.5225 0.0984 0.0225 0.0225
0 0.54285 0.3009 0.01965 0.01785
