0 0.32625 0.06125 0.02 0.0225
0 0.57125 0.05 0.02 0.0225
0 0.55375 0.0625 0.0225 0.03
0 0.9025 0.30125 0.0175 0.0175
0 0.13118 0.91417 0.02268 0.02082
0 0.25875 0.7675 0.0275 0.0225
0 0.1975 0.97375 0.0225 0.0175
0 0.245 0.74375 0.0225 0.0225
0 0.39375 0.7525 0.025 0.025
0 0.8725 0.92875 0.0225 0.0225
0 0.7675 0.82 0.02 0.0175
0 0.715 0.84 0.02 0.0175
0 0.6075 0.9025 0.02 0.02
0 0.72625 0.74 0.0225 0.0175
0 0.65375 0.79625 0.02 0.0225
0 0.905 0.82717 0.0175 0.0175
0 0.56375 0.82875 0.02 0.02
0 0.73625 0.8375 0.0225 0.0225
0 0.745 0.9275 0.02 0.02
