0 0.43625 0.66625 0.02 0.0175
0 0.47875 0.59 0.0225 0.0175
0 0.27625 0.7325 0.0225 0.0175
0 0.3425 0.825 0.02 0.02
0 0.3325 0.79125 0.02 0.0175
0 0.34625 0.935 0.015 0.02
0 0.425 0.93 0.02 0.015
0 0.35875 0.905 0.02 0.0175
0 0.33625 0.90625 0.02 0.0175
0 0.29625 0.9475 0.025 0.0225
0 0.49875 0.5975 0.015 0.0175
0 0.72625 0.64875 0.02 0.0175
0 0.50375 0.555 0.02 0.015
0 0.395 0.81625 0.02 0.0125
0 0.365 0.84375 0.015 0.0125
0 0.29625 0.795 0.025 0.0225
0 0.2925 0.58625 0.0225 0.0225
0 0.30625 0.90875 0.0225 0.02
0 0.57875 0.6225 0.02 0.02
0 0.0275 0.04875 0.02 0.02
0 0.46 0.57 0.02 0.0175
0 0.5225 0.50375 0.02 0.02
0 0.4525 0.95375 0.02 0.02
0 0.525 0.5821500000000001 0.0175 0.0175
0 0.54375 0.51 0.0175 0.0175