0 0.3975 0.4575 0.03 0.0275
0 0.3025 0.9575 0.0275 0.025
0 0.4192 0.79963 0.0273 0.02558
0 0.8075 0.1275 0.0225 0.0225
0 0.89 0.135 0.0225 0.0225
0 0.74625 0.305 0.0275 0.02
0 0.80875 0.5575 0.02 0.0225
0 0.87 0.5675 0.0225 0.02
0 0.74 0.63125 0.0275 0.02
0 0.6725 0.875 0.02 0.02
0 0.7925 0.935 0.0175 0.0225
0 0.9675 0.91125 0.0275 0.0275
0 0.63125 0.13625 0.0275 0.02
0 0.6325 0.56375 0.02 0.015
0 0.8125 0.87625 0.0225 0.02
0 0.78375 0.50625 0.025 0.025
0 0.93375 0.2625 0.0225 0.0225
0 0.75875 0.235 0.0225 0.0225
0 0.8175 0.4275 0.0175 0.0175
0 0.88125 0.0725 0.025 0.0225
0 0.8375 0.5225 0.02 0.02
0 0.71625 0.5075 0.0225 0.02
0 0.68375 0.02875 0.025 0.0225
0 0.80625 0.3325 0.025 0.025
0 0.72125 0.10125 0.0225 0.0225
0 0.62375 0.93625 0.0225 0.0225
0 0.85185 0.44715 0.03583 0.03268
0 0.85392 0.60905 0.02178 0.02555
0 0.76817 0.6543 0.02665 0.0239
0 0.7655 0.06552 0.0231 0.02672
0 0.92888 0.07938 0.0266 0.0276
