0 0.24875 0.04625 0.02 0.0225
0 0.3475 0.04875 0.015 0.02
0 0.37125 0.06 0.0225 0.0175
0 0.355 0.11 0.0175 0.0225
0 0.1975 0.11375 0.0275 0.02
0 0.81875 0.45125 0.0175 0.02
0 0.815 0.285 0.0225 0.025
0 0.69625 0.1425 0.015 0.0225
0 0.72125 0.14125 0.0175 0.02
0 0.76625 0.18875 0.025 0.0175
0 0.8975 0.41 0.0175 0.02
0 0.935 0.40625 0.025 0.0275
0 0.9 0.38875 0.0225 0.0225
0 0.97125 0.435 0.0225 0.02
0 0.83375 0.22125 0.0225 0.025
0 0.7375 0.0775 0.025 0.0275
0 0.5175 0.16 0.0225 0.02
0 0.53 0.09375 0.0175 0.0175
0 0.695 0.11125 0.0175 0.02
0 0.62625 0.42625 0.02 0.0175
0 0.62125 0.44125 0.0225 0.0175
0 0.62625 0.35125 0.0175 0.0175
0 0.59625 0.05375 0.0225 0.02
0 0.18375 0.71125 0.0225 0.015
0 0.96125 0.65625 0.0225 0.025
0 0.96375 0.57 0.025 0.02
0 0.8125 0.59375 0.0275 0.0275
0 0.58625 0.92875 0.02 0.02
0 0.6 0.9125 0.0225 0.0225
0 0.5825 0.7525 0.02 0.0225
0 0.80875 0.6825 0.025 0.0175
