0 0.36625 0.91625 0.0225 0.025
0 0.392375 0.857975 0.025025 0.029575
0 0.32625 0.875 0.0225 0.0175
0 0.21032499999999998 0.76795 0.023125 0.023424999999999998
0 0.1968 0.7474 0.020099999999999996 0.0239
0 0.43375 0.9275 0.0225 0.0275
0 0.4075 0.80125 0.0225 0.0225
0 0.575 0.795 0.0175 0.015
0 0.13625 0.54375 0.02 0.0225
0 0.38875 0.895 0.02 0.0175
0 0.7887000000000001 0.28985 0.019925 0.024725
0 0.5 0.93 0.0175 0.015
0 0.1325 0.45375 0.025 0.0225
0 0.62 0.9725 0.0225 0.0225
0 0.08012499999999999 0.042199999999999994 0.024 0.025150000000000002
0 0.112675 0.08539999999999999 0.017925 0.021349999999999997
0 0.1588 0.046675 0.016325 0.019799999999999998
0 0.14 0.6225 0.015 0.0175
0 0.39 0.9725 0.0175 0.02
0 0.52125 0.84625 0.015 0.015
0 0.82875 0.9925 0.0225 0.015
0 0.34625 0.6225 0.0175 0.025
0 0.56125 0.775 0.0225 0.025
0 0.50875 0.82375 0.0175 0.025
0 0.4114 0.76875 0.017225 0.019975
0 0.35375 0.8675 0.0175 0.0225
0 0.4675 0.98 0.02 0.0225
0 0.33125 0.99375 0.02 0.0125
0 0.555 0.82 0.0175 0.02
0 0.45625 0.70625 0.0175 0.02
0 0.035 0.66 0.02 0.02
0 0.3 0.70125 0.0225 0.02
0 0.6375 0.89 0.0175 0.0175
0 0.04 0.61375 0.02 0.02
0 0.97375 0.20125 0.02 0.02
0 0.48375 0.85015 0.019275 0.018175
0 0.4644 0.876625 0.01275 0.017525
0 0.474775 0.88685 0.018275 0.018349999999999998
0 0.515725 0.7758750000000001 0.015375000000000002 0.021375
0 0.35564999999999997 0.802475 0.018425 0.021
0 0.5047999999999999 0.8747750000000001 0.015425 0.019175
0 0.5777 0.8521500000000001 0.017875000000000002 0.018600000000000002
0 0.301425 0.6796 0.018925 0.021675
0 0.0499 0.4825 0.019450000000000002 0.02215
0 0.526625 0.8314499999999999 0.016175 0.018349999999999998