0 0.25765 0.0247 0.01533 0.0169
0 0.24625 0.03625 0.02 0.015
0 0.84375 0.15375 0.0225 0.015
0 0.8325 0.125 0.02 0.015
0 0.38 0.4175 0.0325 0.0275
0 0.915 0.3225 0.0225 0.02
0 0.8675 0.185 0.0175 0.02
0 0.34125 0.42125 0.0225 0.0225
0 0.81375 0.07 0.025 0.025
0 0.045 0.42125 0.02 0.02
0 0.73375 0.1425 0.02 0.02
0 0.545 0.31375 0.02 0.02
0 0.18 0.43125 0.02 0.02
0 0.0375 0.94 0.02 0.0275
0 0.39875 0.7925 0.03 0.0275
0 0.4375 0.7625 0.025 0.02
0 0.3225 0.765 0.02 0.0225
0 0.245 0.81 0.0175 0.0175
0 0.19875 0.63 0.0175 0.02
0 0.335 0.85875 0.02 0.02
0 0.74 0.955 0.02 0.02
0 0.2825 0.65043 0.02 0.02
0 0.2825 0.84125 0.02 0.02
0 0.71875 0.555 0.02 0.02
