0 0.10875 0.15375 0.025 0.0275
0 0.10875 0.0775 0.0225 0.0225
0 0.17625 0.3025 0.0325 0.0275
0 0.09125 0.43375 0.0225 0.0225
0 0.07 0.4775 0.025 0.025
0 0.1525 0.0225 0.0275 0.02
0 0.195 0.045 0.0225 0.0175
0 0.25125 0.0625 0.0225 0.025
0 0.20125 0.13875 0.025 0.0225
0 0.23875 0.27125 0.0275 0.025
0 0.34375 0.225 0.025 0.0225
0 0.30875 0.03625 0.025 0.0275
0 0.30625 0.0625 0.025 0.0175
0 0.45625 0.31 0.0275 0.0225
0 0.41625 0.23875 0.025 0.02
0 0.3925 0.24625 0.03 0.0325
0 0.42 0.25375 0.025 0.0225
0 0.2825 0.28 0.025 0.025
0 0.37125 0.40875 0.0225 0.02
0 0.37875 0.4725 0.0225 0.0275
0 0.47875 0.4025 0.0225 0.03
0 0.40375 0.35375 0.0225 0.02
0 0.2475 0.59125 0.0225 0.025
0 0.2025 0.56625 0.02 0.02
0 0.29625 0.83125 0.02 0.0225
0 0.3175 0.83875 0.025 0.0225
0 0.3525 0.95125 0.0175 0.0225
0 0.3675 0.9475 0.025 0.03
0 0.3525 0.975 0.02 0.02
0 0.30875 0.97375 0.025 0.0225
0 0.22375 0.94 0.0275 0.0225
0 0.43875 0.74125 0.02 0.02
0 0.4725 0.745 0.02 0.025
0 0.48375 0.7275 0.0225 0.02
0 0.33 0.58125 0.0225 0.02
0 0.31125 0.5875 0.02 0.0175
0 0.2775 0.5625 0.0225 0.02
0 0.24125 0.8225 0.0275 0.02
0 0.4 0.9475 0.0225 0.02
0 0.25375 0.34875 0.0275 0.02
0 0.3075 0.355 0.02 0.0225
0 0.3 0.18125 0.025 0.02
0 0.45375 0.965 0.015 0.02
0 0.35125 0.9025 0.0225 0.02
0 0.10125 0.495 0.025 0.02
0 0.46125 0.25375 0.0225 0.0225
0 0.195 0.15875 0.0225 0.02
0 0.245 0.9075 0.02 0.02
0 0.26875 0.0625 0.0225 0.0225
0 0.60875 0.61 0.03 0.0225
0 0.70875 0.6725 0.0225 0.0225
0 0.6725 0.6525 0.025 0.0275
0 0.64 0.66375 0.0225 0.0325
0 0.6025 0.55625 0.02 0.02
0 0.60375 0.57875 0.02 0.0175
0 0.64125 0.52625 0.015 0.0175
0 0.7175 0.75 0.03 0.03
0 0.55125 0.78625 0.025 0.0175
0 0.66625 0.74375 0.02 0.0225
0 0.6075 0.98625 0.0225 0.02
0 0.6475 0.97875 0.0225 0.0175
0 0.67125 0.98625 0.02 0.02
0 0.745 0.94625 0.0275 0.02
0 0.84875 0.92875 0.0275 0.02
0 0.9325 0.9625 0.02 0.0225
0 0.54625 0.39625 0.0325 0.0275
0 0.6 0.11375 0.02 0.02
0 0.60875 0.7125 0.0225 0.02
0 0.7425 0.70375 0.02 0.02
0 0.74262 0.0875 0.02 0.02
0 0.66375 0.0225 0.02 0.02
