0 0.04875 0.91875 0.0275 0.025
0 0.13 0.93248 0.0275 0.02248
0 0.04568 0.9376 0.02295 0.01945
0 0.12313 0.97515 0.01593 0.01992
0 0.6383 0.26965 0.02482 0.025
0 0.65375 0.3133 0.02072 0.01982
0 0.80375 0.51125 0.025 0.0225
0 0.70045 0.35313 0.02232 0.02232
0 0.8 0.5625 0.0225 0.0175
0 0.65875 0.94125 0.0225 0.0225
0 0.66625 0.91 0.02 0.02
0 0.69 0.52625 0.0225 0.02
0 0.63375 0.9641 0.02215 0.02215
0 0.62885 0.9509 0.02553 0.02285
0 0.5942 0.93885 0.01698 0.01698
0 0.90937 0.02678 0.01518 0.01607
