0 0.41875 0.3675 0.025 0.025
0 0.45 0.295 0.0225 0.02
0 0.4675 0.2725 0.025 0.0225
0 0.4375 0.265 0.0225 0.02
0 0.5320750000000001 0.233925 0.021124999999999998 0.021974999999999998
0 0.2975 0.04625 0.0225 0.0175
0 0.3209 0.068525 0.02335 0.022250000000000002
0 0.3175 0.09 0.025 0.0225
0 0.23875 0.36375 0.0275 0.0225
0 0.4675 0.08375 0.0175 0.0175
0 0.42795 0.144725 0.0245 0.020274999999999998
0 0.5875 0.27 0.0175 0.0175
0 0.5895750000000001 0.134 0.022825 0.022250000000000002
0 0.09875 0.20875 0.0225 0.0225
0 0.38625 0.0825 0.0225 0.0175
0 0.345 0.15375 0.0175 0.02
0 0.3865 0.37127499999999997 0.023 0.022475000000000002
0 0.24 0.34375 0.0275 0.0175
0 0.2425 0.275 0.0175 0.015
0 0.40835 0.033225 0.020825 0.018574999999999998
0 0.45875 0.04625 0.02 0.0175
0 0.2815 0.1225 0.0225 0.02
0 0.29375 0.09 0.02 0.02
0 0.26625 0.185 0.02 0.02
0 0.6114 0.030575 0.022799999999999997 0.023624999999999997
0 0.4708 0.25655 0.020874999999999998 0.020225
0 0.5636 0.201175 0.01825 0.018425
0 0.582425 0.17037500000000003 0.0202 0.021124999999999998
0 0.32915 0.4142 0.0226 0.017675
0 0.3119 0.23102499999999998 0.020225 0.020975
0 0.24072500000000002 0.10339999999999999 0.018975 0.021075
0 0.26565 0.02335 0.017025 0.016325
0 0.356475 0.120075 0.018325 0.016925
0 0.383325 0.1058 0.016625 0.016925
0 0.392575 0.151225 0.015525 0.01675
0 0.39807499999999996 0.126 0.015774999999999997 0.012725
0 0.22010000000000002 0.138625 0.017 0.016525
0 0.114225 0.400425 0.01595 0.015149999999999999
0 0.139825 0.43945 0.018925 0.0182
0 0.041475 0.32895 0.01865 0.01685
0 0.46807499999999996 0.032850000000000004 0.020075 0.0175
0 0.371575 0.088725 0.01815 0.018525
0 0.248275 0.015925 0.0173 0.0182
0 0.218825 0.1961 0.018000000000000002 0.019
0 0.412425 0.156225 0.019475 0.017875000000000002
0 0.5128499999999999 0.228125 0.018525 0.0241
0 0.4168 0.31434999999999996 0.016425000000000002 0.017725
0 0.68825 0.067925 0.021150000000000002 0.017975