0 0.305 0.24125 0.0225 0.0275
0 0.32875 0.165 0.0225 0.02
0 0.18642 0.36705 0.02285 0.0241
0 0.16125 0.38875 0.0225 0.0225
0 0.36 0.48125 0.025 0.025
0 0.39625 0.4475 0.02 0.0225
0 0.31017 0.3816 0.02465 0.0225
0 0.03125 0.42375 0.02 0.02
0 0.04 0.40125 0.025 0.02
0 0.36615 0.35073 0.01982 0.01965
0 0.33608 0.3992 0.01893 0.01875
0 0.16778 0.48448 0.02053 0.02393
0 0.1075 0.4575 0.015 0.02
0 0.1075 0.47125 0.015 0.015
0 0.12 0.465 0.0175 0.02
0 0.2142 0.42177 0.0191 0.02215
0 0.1575 0.41125 0.0175 0.025
0 0.4525 0.05125 0.02 0.0225
0 0.44427 0.165 0.02285 0.02072
0 0.47625 0.1825 0.0175 0.02
0 0.245 0.125 0.025 0.025
0 0.25687 0.415 0.02125 0.0225
0 0.1875 0.4325 0.0225 0.015
0 0.355 0.18125 0.02 0.0175
0 0.4175 0.37875 0.0225 0.0225
0 0.45215 0.375 0.025 0.025
0 0.3 0.4166 0.0225 0.0225
0 0.46125 0.06625 0.01857 0.01857
0 0.46625 0.15375 0.0225 0.0225
0 0.40625 0.18 0.0225 0.0225
0 0.48347 0.20983 0.02232 0.02142
0 0.47767 0.4433 0.02322 0.02053
0 0.29017 0.2567 0.02142 0.02053
0 0.51295 0.14597 0.01698 0.02232
0 0.52142 0.1692 0.01607 0.01875
0 0.6366 0.42858 0.01785 0.01607
0 0.14823 0.59955 0.02967 0.02655
0 0.32657 0.79902 0.0215 0.02315
0 0.29468 0.7507 0.02728 0.02845
0 0.32125 0.71875 0.025 0.025
0 0.33177 0.52917 0.0191 0.02127
0 0.17548 0.67242 0.02205 0.02315
0 0.25125 0.64625 0.0225 0.0225
0 0.14685 0.637 0.02232 0.02075
0 0.3775 0.6975 0.02 0.02
0 0.31125 0.79 0.0175 0.0225
0 0.35185 0.59305 0.01843 0.0285
0 0.23125 0.68375 0.0225 0.0275
0 0.20625 0.68625 0.0175 0.02
0 0.27063 0.52178 0.02027 0.0256
0 0.42 0.585 0.025 0.025
0 0.24875 0.73 0.0225 0.0225
0 0.33088 0.51085 0.02245 0.01798
