0 0.07408 0.44373 0.02315 0.02502
0 0.17127 0.28735 0.02502 0.02717
0 0.03 0.1825 0.0225 0.02
0 0.18125 0.245 0.025 0.025
0 0.42125 0.26375 0.02 0.0225
0 0.12125 0.45125 0.0275 0.02
0 0.24375 0.2375 0.0275 0.025
0 0.38375 0.28 0.0225 0.02
0 0.43 0.15875 0.0275 0.0275
0 0.34125 0.32 0.02 0.02
0 0.56125 0.3425 0.0175 0.0225
0 0.87375 0.375 0.02 0.0225
0 0.90375 0.475 0.0225 0.0225
0 0.91625 0.41 0.0225 0.0225
0 0.10625 0.88625 0.025 0.0275
0 0.0675 0.81125 0.02 0.025
0 0.32625 0.66125 0.02 0.02
0 0.17125 0.5375 0.02 0.02
0 0.4825 0.63125 0.0225 0.02
0 0.21875 0.66 0.02 0.0175
0 0.46375 0.66125 0.0175 0.0175
0 0.44625 0.6175 0.02 0.02
0 0.14545 0.87 0.025 0.025
0 0.72625 0.9 0.025 0.0175
0 0.74625 0.89625 0.015 0.0225
0 0.56875 0.96375 0.0225 0.0175
0 0.6475 0.88125 0.015 0.015
0 0.8825 0.92375 0.0225 0.0175
0 0.7575 0.91875 0.02 0.0225
0 0.70875 0.62875 0.0225 0.0175
0 0.90625 0.5625 0.0275 0.02
0 0.5975 0.56125 0.02 0.0125
0 0.93125 0.72875 0.02 0.02
0 0.96375 0.83625 0.02 0.0225
0 0.8525 0.64 0.0225 0.0225
0 0.675 0.61125 0.025 0.025
0 0.67375 0.91 0.0225 0.0225
0 0.72 0.5575 0.025 0.0225
0 0.70625 0.545 0.025 0.0225
0 0.6 0.5375 0.0225 0.02
0 0.7975 0.605 0.0225 0.0225
