0 0.3675 0.05875 0.02 0.0175
0 0.39 0.0525 0.0225 0.025
0 0.25875 0.45 0.0225 0.025
0 0.48875 0.13875 0.025 0.0225
0 0.3175 0.285 0.02 0.015
0 0.91 0.0325 0.0175 0.0175
0 0.34125 0.13625 0.0175 0.02
0 0.8825 0.37 0.0175 0.0225
0 0.70375 0.44375 0.02 0.02
0 0.395 0.41625 0.02 0.0175
0 0.26472 0.41778 0.0259 0.0159
0 0.03305 0.20937 0.0197 0.02053
0 0.00892 0.42217 0.01785 0.01818
0 0.6772 0.376 0.0169 0.02163
0 0.87125 0.9375 0.0175 0.0225
0 0.94375 0.93 0.0175 0.02
0 0.9 0.96125 0.0175 0.0125
0 0.92375 0.61875 0.025 0.0175
0 0.19125 0.65125 0.0175 0.0175
0 0.1475 0.67375 0.0225 0.0225
0 0.94 0.74625 0.02 0.02
0 0.91345 0.69712 0.01978 0.01923
0 0.9222 0.72317 0.01762 0.016
0 0.94965 0.9811 0.01535 0.01755
