0 0.2475 0.0625 0.0175 0.015
0 0.23625 0.07625 0.0175 0.02
0 0.3575 0.0825 0.02 0.02
0 0.23375 0.14 0.02 0.0225
0 0.32125 0.205 0.0175 0.0225
0 0.2575 0.27375 0.0275 0.02
0 0.16987 0.29578 0.0234 0.0177
0 0.14375 0.33125 0.0175 0.0225
0 0.1225 0.34875 0.015 0.015
0 0.17625 0.36875 0.02 0.0225
0 0.45625 0.11625 0.0225 0.0225
0 0.27875 0.2525 0.0225 0.02
0 0.27125 0.1125 0.0225 0.0225
0 0.15675 0.3062 0.0147 0.01585
0 0.2228 0.23798 0.01883 0.017
0 0.4231 0.09247 0.02118 0.0171
0 0.1025 0.70875 0.02 0.015
0 0.55625 0.96875 0.0225 0.0175
0 0.52815 0.584 0.0262 0.027
0 0.50998 0.6117 0.01758 0.0159
