0 0.68125 0.18625 0.0275 0.025
0 0.715 0.3875 0.025 0.02
0 0.9275 0.44625 0.02 0.025
0 0.19625 0.165 0.025 0.02
0 0.2325 0.0425 0.025 0.02
0 0.87375 0.11125 0.025 0.0175
0 0.34 0.125 0.0225 0.0225
0 0.4175 0.135 0.025 0.0175
0 0.955 0.35875 0.02 0.025
0 0.905 0.4375 0.0225 0.02
0 0.1275 0.3375 0.0175 0.02
0 0.72625 0.33875 0.02 0.02
0 0.96125 0.0925 0.0275 0.0275
0 0.91875 0.10125 0.0175 0.02
0 0.92 0.125 0.01 0.02
0 0.935 0.13375 0.015 0.0175
0 0.87125 0.16125 0.0275 0.0275
0 0.02375 0.39875 0.025 0.0275
0 0.6925 0.15 0.0175 0.0175
0 0.87375 0.21125 0.0175 0.0225
0 0.925 0.1675 0.0175 0.0175
0 0.27625 0.2025 0.0225 0.0225
0 0.82625 0.1725 0.02 0.02
0 0.72625 0.33875 0.02 0.02
0 0.68 0.34125 0.0225 0.02
0 0.6875 0.29875 0.02 0.02
0 0.6975 0.395 0.02 0.02
0 0.70875 0.3875 0.03 0.0225
0 0.65875 0.27375 0.02 0.02
0 0.96875 0.60125 0.02 0.0175
0 0.9225 0.605 0.0225 0.0175
0 0.92125 0.62125 0.0225 0.015
0 0.11625 0.52875 0.0175 0.02
0 0.41875 0.7375 0.025 0.025
