0 0.09875 0.11625 0.02 0.0225
0 0.10625 0.14 0.0225 0.02
0 0.28 0.3125 0.0175 0.0175
0 0.16375 0.23 0.02 0.02
0 0.14375 0.28 0.0175 0.0175
0 0.025 0.24875 0.02 0.02
0 0.04107 0.2134 0.02142 0.01965
0 0.07098 0.1826 0.0241 0.02232
0 0.8875 0.22875 0.0225 0.0225
0 0.9025 0.2625 0.0225 0.0225
0 0.705 0.14 0.0225 0.02
0 0.9709 0.0646 0.0186 0.02203
0 0.195 0.88875 0.0225 0.02
0 0.97125 0.74875 0.0225 0.02
0 0.89625 0.5575 0.025 0.0275
0 0.67875 0.87125 0.02 0.025
0 0.70125 0.91875 0.0175 0.015
0 0.71125 0.945 0.0175 0.0175
0 0.62125 0.85625 0.0225 0.0175
0 0.92625 0.75 0.015 0.0125
0 0.93125 0.57125 0.0225 0.02
0 0.73625 0.83875 0.0275 0.0225
0 0.74875 0.7525 0.0225 0.02
0 0.67863 0.9338 0.01798 0.0194
