0 0.69 0.1775 0.0225 0.015
0 0.685 0.13875 0.02 0.0175
0 0.70375 0.1425 0.0225 0.0175
0 0.6 0.17 0.025 0.02
0 0.625 0.155 0.0225 0.015
0 0.785 0.13875 0.025 0.02
0 0.83625 0.16625 0.02 0.02
0 0.75125 0.27875 0.0225 0.015
0 0.7925 0.3125 0.015 0.02
0 0.695 0.3475 0.025 0.02
0 0.76375 0.35 0.0175 0.02
0 0.73 0.3825 0.0225 0.02
0 0.75625 0.385 0.0225 0.0175
0 0.77125 0.40125 0.02 0.0225
0 0.6975 0.43125 0.0175 0.015
0 0.69625 0.4675 0.025 0.0175
0 0.51625 0.4625 0.02 0.015
0 0.49125 0.39625 0.0175 0.02
0 0.035 0.34125 0.02 0.02
0 0.055 0.28625 0.02 0.0225
0 0.1375 0.0725 0.02 0.0175
0 0.0475 0.2225 0.0225 0.02
0 0.07 0.1925 0.025 0.02
0 0.215 0.295 0.025 0.02
0 0.2325 0.2525 0.02 0.0175
0 0.28125 0.20125 0.025 0.0225
0 0.02625 0.31125 0.02 0.0225
0 0.06125 0.04 0.0225 0.0225
0 0.71625 0.23625 0.02 0.02
0 0.78625 0.46375 0.0225 0.02
0 0.88375 0.18 0.0225 0.02
0 0.4325 0.18 0.0225 0.0225
0 0.8 0.1175 0.0225 0.02
0 0.57458 0.46787 0.02 0.02
0 0.13375 0.045 0.02 0.02
0 0.85375 0.41375 0.0225 0.02
0 0.72875 0.3225 0.02 0.02
0 0.315 0.47625 0.02 0.02
0 0.26125 0.295 0.0175 0.0175
0 0.2125 0.32125 0.02 0.02
0 0.28875 0.45125 0.02 0.02
0 0.73875 0.02625 0.0225 0.0225
0 0.1 0.18 0.0175 0.0175
0 0.8875 0.20625 0.0225 0.02
0 0.37125 0.07375 0.0175 0.0175
0 0.8475 0.43625 0.02 0.02
0 0.11213 0.0225 0.0175 0.0175
0 0.03875 0.18125 0.02 0.02
0 0.835 0.31625 0.02 0.02
0 0.5125 0.4325 0.0175 0.0175
0 0.1125 0.15 0.0225 0.0225
0 0.49 0.4775 0.02 0.02
0 0.055 0.75125 0.0275 0.0225
0 0.025 0.77875 0.0325 0.03
0 0.0425 0.85125 0.025 0.03
0 0.01125 0.86625 0.02 0.025
0 0.11625 0.82375 0.0225 0.025
0 0.09875 0.7975 0.0175 0.0225
0 0.115 0.78 0.0225 0.0225
0 0.21625 0.93125 0.03 0.0275
0 0.33 0.93 0.0275 0.0225
0 0.27 0.88 0.025 0.02
0 0.18 0.86625 0.025 0.02
0 0.345 0.66625 0.0275 0.0275
0 0.63 0.64625 0.0275 0.0275
0 0.65 0.58125 0.0225 0.0225
0 0.645 0.5975 0.0275 0.0225
0 0.63375 0.545 0.0275 0.0225
0 0.8175 0.74125 0.025 0.0225
0 0.785 0.70875 0.0225 0.0175
0 0.82375 0.6725 0.0275 0.025
0 0.66875 0.58 0.0175 0.0275
0 0.725 0.595 0.02 0.02
0 0.8375 0.5425 0.0375 0.0275
0 0.8475 0.5125 0.0225 0.02
0 0.8425 0.6025 0.0225 0.02
0 0.80125 0.58875 0.0225 0.0175
0 0.16 0.82125 0.0225 0.0225
0 0.2975 0.78208 0.025 0.0225
0 0.22375 0.85 0.0275 0.025
0 0.19125 0.79375 0.0225 0.02
0 0.8 0.6425 0.02 0.02
0 0.20625 0.7675 0.02 0.02
0 0.6725 0.6275 0.02 0.02
0 0.44625 0.545 0.02 0.02
0 0.60125 0.52 0.02 0.02
0 0.21 0.8175 0.025 0.025
0 0.76043 0.54625 0.0225 0.0225
0 0.705 0.515 0.0225 0.0225
