0 0.92955 0.22875 0.019475 0.021425
0 0.33909999999999996 0.24385 0.020724999999999997 0.023399999999999997
0 0.3125 0.25375 0.0175 0.0225
0 0.37045 0.26170000000000004 0.023025000000000004 0.019825
0 0.17170000000000002 0.18705 0.023025000000000004 0.019825
0 0.20875 0.51125 0.0175 0.0175
0 0.06375 0.51625 0.02 0.02
0 0.2425 0.4816 0.0225 0.02
0 0.05875 0.4375 0.0225 0.0225
0 0.0575 0.41125 0.0225 0.0225
0 0.1175 0.47125 0.0225 0.0225
0 0.14125 0.4825 0.0225 0.0225
0 0.78875 0.65875 0.0275 0.03
0 0.0433 0.066525 0.016975 0.016975
0 0.0183 0.6053499999999999 0.01875 0.016075
0 0.015625 0.7071500000000001 0.016975 0.016075
0 0.7299 0.665625 0.022324999999999998 0.022324999999999998
0 0.8259000000000001 0.6576000000000001 0.017849999999999998 0.020525
0 0.729025 0.60625 0.022324999999999998 0.021425