0 0.5125 0.6625 0.0275 0.0225
0 0.47625 0.70875 0.0275 0.0275
0 0.53375 0.7725 0.03 0.03
0 0.37 0.71625 0.0225 0.02
0 0.52375 0.895 0.02 0.025
0 0.53875 0.56125 0.025 0.015
0 0.54125 0.60875 0.0325 0.0275
0 0.5375 0.58125 0.02 0.02
0 0.50625 0.72625 0.0225 0.02
0 0.90625 0.81125 0.0175 0.0175
0 0.4675 0.229625 0.02 0.02
0 0.4675 0.765 0.02 0.02
0 0.5075 0.76875 0.0225 0.0225
0 0.06125 0.87125 0.025 0.025
0 0.30875 0.84375 0.02 0.02
0 0.98 0.8475 0.02 0.02
0 0.70125 0.73 0.02 0.02
0 0.56125 0.85375 0.025 0.025
0 0.445 0.8725 0.02 0.02
0 0.46125 0.41875 0.0225 0.0225
0 0.4675 0.29 0.025 0.0225
0 0.39875 0.63125 0.025 0.0225
0 0.625 0.6575 0.0175 0.0175
0 0.50125 0.74 0.0225 0.0225
0 0.325 0.61625 0.025 0.025
0 0.63875 0.6775 0.0175 0.0175