0 0.39625 0.525 0.0225 0.0175
0 0.2825 0.5425 0.0175 0.0175
0 0.3675 0.56 0.02 0.0175
0 0.45 0.5625 0.0225 0.0175
0 0.355 0.57625 0.02 0.0225
0 0.37375 0.6 0.02 0.02
0 0.42375 0.63875 0.0175 0.02
0 0.05375 0.65625 0.0175 0.015
0 0.42125 0.68 0.02 0.015
0 0.16375 0.68625 0.02 0.0175
0 0.385 0.7075 0.025 0.02
0 0.07875 0.7125 0.0175 0.02
0 0.29125 0.71875 0.0175 0.02
0 0.43375 0.72875 0.02 0.015
0 0.4075 0.73875 0.02 0.02
0 0.435 0.795 0.0225 0.0175
0 0.3775 0.93375 0.0175 0.02
0 0.29017 0.08392 0.02415 0.02285
0 0.2675 0.175 0.0175 0.02
0 0.2725 0.195 0.0225 0.0175
0 0.3392 0.28905 0.02478 0.02372
0 0.4225 0.38625 0.0225 0.02
0 0.4125 0.42625 0.025 0.0225
0 0.335 0.4625 0.0225 0.0175
0 0.4775 0.79625 0.0275 0.0275
0 0.3575 0.37 0.02 0.02
0 0.34375 0.975 0.02 0.0175
0 0.42125 0.70875 0.0175 0.0175
0 0.09 0.85625 0.0225 0.0225
0 0.335 0.71218 0.02 0.02
0 0.2975 0.03625 0.02 0.02
0 0.41407 0.25375 0.0225 0.025
0 0.19125 0.1475 0.02 0.02
0 0.46375 0.62625 0.02 0.02
0 0.07875 0.68375 0.02 0.0175
0 0.44375 0.77625 0.0225 0.0225
0 0.27 0.2925 0.02 0.02
0 0.47625 0.59125 0.02 0.02
0 0.32625 0.535 0.0225 0.0225
0 0.4325 0.45625 0.02 0.02
0 0.36125 0.52 0.02 0.0175
0 0.3749 0.17733 0.0203 0.01593
0 0.4175 0.76875 0.0175 0.02
0 0.36302 0.9845 0.01503 0.01673
0 0.05835 0.74427 0.01667 0.01712
0 0.22302 0.13977 0.01925 0.01883
0 0.24518 0.17538 0.02252 0.02038
0 0.37365 0.1893 0.01522 0.01427
0 0.39478 0.1717 0.0217 0.02378
0 0.36967 0.2525 0.01795 0.0175
0 0.25953 0.2371 0.02085 0.01885
0 0.31347 0.57737 0.01982 0.02082
0 0.38767 0.58935 0.01928 0.01798
0 0.4437 0.57725 0.0144 0.01335
0 0.46185 0.53328 0.02015 0.01657
0 0.4654 0.51953 0.01833 0.01225
0 0.34415 0.54635 0.02063 0.01767
0 0.38385 0.688 0.01947 0.01707
0 0.3239 0.68835 0.01923 0.01777
0 0.46113 0.72442 0.01155 0.01495
0 0.47103 0.70395 0.01528 0.01685
0 0.47195 0.72892 0.0186 0.01855
0 0.46772 0.84657 0.0158 0.01992
0 0.48547 0.84782 0.02013 0.01505
0 0.38877 0.60857 0.02248 0.02572
0 0.46782 0.54712 0.0197 0.01645
0 0.44463 0.44998 0.0197 0.01968
0 0.46835 0.36602 0.01883 0.01597
0 0.42385 0.3137 0.02092 0.02205
0 0.05737 0.72662 0.0165 0.01752
0 0.08693 0.73295 0.0149 0.0159
0 0.1122 0.7658 0.02085 0.02087
0 0.5785 0.53648 0.02175 0.02372
0 0.71875 0.5675 0.02 0.025
0 0.6575 0.605 0.0175 0.0175
0 0.71 0.79375 0.0225 0.0225
0 0.745 0.81625 0.02 0.0175
0 0.8875 0.14125 0.0225 0.02
0 0.835 0.2025 0.0225 0.0225
0 0.8625 0.33375 0.02 0.02
0 0.84375 0.35125 0.0225 0.02
0 0.895 0.35125 0.0175 0.0225
0 0.64875 0.44375 0.0175 0.015
0 0.70625 0.60625 0.0175 0.015
0 0.74875 0.75875 0.02 0.02
0 0.90875 0.32 0.015 0.02
0 0.67375 0.14875 0.025 0.0175
0 0.74 0.45 0.02 0.02
0 0.70125 0.59125 0.02 0.0175
0 0.84875 0.24 0.02 0.02
0 0.5375 0.53625 0.0225 0.02
0 0.85597 0.61772 0.02087 0.02115
0 0.74625 0.57773 0.01572 0.01795
0 0.88678 0.2253 0.02178 0.02022
0 0.92718 0.10805 0.02042 0.01968
0 0.8671 0.20755 0.0217 0.02045
