0 0.715 0.82625 0.02 0.0225
0 0.745 0.81125 0.0175 0.0275
0 0.79625 0.8025 0.0175 0.0225
0 0.81375 0.78875 0.015 0.0225
0 0.83 0.77625 0.0175 0.0175
0 0.6675 0.72 0.0225 0.015
0 0.625 0.715 0.0175 0.02
0 0.60375 0.73875 0.0175 0.0175
0 0.705 0.90625 0.0175 0.0175
0 0.5875 0.69375 0.015 0.015
0 0.62375 0.6225 0.0175 0.0125
0 0.61375 0.585 0.02 0.0175
0 0.57875 0.675 0.0175 0.0175
0 0.44125 0.52125 0.0275 0.02
0 0.49375 0.52 0.025 0.025
0 0.40375 0.52125 0.0175 0.025
0 0.54125 0.5325 0.0175 0.02
0 0.52875 0.6875 0.0175 0.02
0 0.855 0.945 0.0175 0.02
0 0.77375 0.955 0.0175 0.0175
0 0.69125 0.8625 0.015 0.015
0 0.825 0.83625 0.0175 0.0175
0 0.4575 0.4 0.02 0.02
0 0.5875 0.49 0.0175 0.0225
0 0.56375 0.4925 0.0175 0.02
0 0.5525 0.4225 0.0175 0.0175
0 0.83125 0.88375 0.02 0.0175
0 0.45875 0.20125 0.0175 0.02
0 0.6575 0.56125 0.0175 0.02
0 0.735 0.65625 0.0175 0.02
0 0.7175 0.63625 0.02 0.015
0 0.825 0.4625 0.0225 0.02
0 0.7775 0.45 0.0175 0.0225
0 0.86375 0.36125 0.0225 0.025
0 0.50625 0.48125 0.02 0.0175
0 0.48125 0.43375 0.0175 0.0225
0 0.44125 0.33125 0.02 0.02
0 0.52125 0.365 0.02 0.02
0 0.6992 0.0697 0.0225 0.025
0 0.88 0.96125 0.0225 0.02
0 0.71625 0.8025 0.02 0.02
0 0.8075 0.87875 0.0225 0.015
0 0.86875 0.8475 0.015 0.0175
0 0.46125 0.6125 0.0225 0.0225
0 0.4325 0.43625 0.0175 0.0225
0 0.53875 0.4075 0.02 0.0175
0 0.95625 0.87875 0.025 0.03
0 0.535 0.61 0.0175 0.0125
0 0.52 0.665 0.02 0.015
0 0.78875 0.935 0.02 0.0175
0 0.765 0.89625 0.015 0.0125
0 0.915 0.89625 0.0175 0.02
0 0.6125 0.6025 0.015 0.0175
0 0.7125 0.14125 0.02 0.02
0 0.98125 0.82125 0.0225 0.0225
0 0.88875 0.785 0.02 0.02
0 0.6375 0.2875 0.02 0.02
0 0.85125 0.735 0.025 0.0225
0 0.52 0.1475 0.0225 0.0225
0 0.5412250000000001 0.6895749999999999 0.0175 0.0175
0 0.8675 0.87625 0.02 0.0175
0 0.59875 0.46 0.02 0.02
0 0.545 0.35875 0.0175 0.02