0 0.679025 0.1026 0.0291 0.028025
0 0.8613500000000001 0.113025 0.024825 0.022850000000000002
0 0.229475 0.0908 0.014275 0.016975
0 0.27535 0.46659999999999996 0.02215 0.023225
0 0.49017499999999997 0.039474999999999996 0.023225 0.01965
0 0.596875 0.099825 0.026975 0.026075
0 0.55375 0.66125 0.025 0.0225
0 0.43955 0.7030249999999999 0.0241 0.021075
0 0.57 0.21125 0.0225 0.025
0 0.38965000000000005 0.16972500000000001 0.020724999999999997 0.021974999999999998
0 0.20579999999999998 0.0675 0.025525000000000003 0.021425
0 0.17079999999999998 0.2075 0.0241 0.02
0 0.24035 0.27802499999999997 0.025724999999999998 0.023925000000000002
0 0.27847500000000003 0.49955 0.024474999999999997 0.0241
0 0.375 0.485 0.0225 0.0225
0 0.39375 0.4875 0.02 0.02
0 0.6409 0.115 0.02215 0.023925000000000002
0 0.1675 0.29 0.025 0.025
0 0.44134999999999996 0.1525 0.02125 0.018225
0 0.17572500000000002 0.32545 0.022850000000000002 0.027325
0 0.6583 0.306425 0.022324999999999998 0.023925000000000002
0 0.40159999999999996 0.550975 0.025724999999999998 0.023025000000000004
0 0.240275 0.086875 0.015175000000000001 0.015175000000000001
0 0.77625 0.11375 0.0225 0.0225
0 0.445 0.43 0.025 0.025
0 0.24 0.455 0.025 0.025
0 0.62965 0.92035 0.0225 0.0225
0 0.395 0.6525 0.025 0.0225
0 0.6510750000000001 0.68635 0.01965 0.02125
0 0.6875 0.9799 0.025 0.0241
0 0.3759 0.9048999999999999 0.021425 0.022324999999999998
0 0.035725 0.247775 0.021425 0.020525
0 0.16965 0.08615 0.016075 0.01875
0 0.3299 0.40045000000000003 0.015175000000000001 0.016975
0 0.30760000000000004 0.5464249999999999 0.016975 0.025
0 0.252225 0.553575 0.022324999999999998 0.025