0 0.465 0.05625 0.02 0.02
0 0.67 0.96125 0.0175 0.02
0 0.74 0.92875 0.0225 0.0225
0 0.75375 0.89875 0.0175 0.02
0 0.71625 0.87125 0.02 0.0175
0 0.34 0.90875 0.0275 0.02
0 0.5275 0.93125 0.025 0.0275
0 0.41625 0.72625 0.025 0.0175
0 0.48 0.83875 0.0175 0.0175
0 0.9775 0.5125 0.025 0.02
0 0.81625 0.925 0.0225 0.02
0 0.9325 0.93375 0.025 0.02
0 0.81625 0.69 0.02 0.02
0 0.855 0.5875 0.0175 0.015
0 0.905 0.85625 0.02 0.02
0 0.9725 0.97125 0.02 0.02
0 0.85375 0.7625 0.0225 0.0225
0 0.27 0.9375 0.0225 0.02
0 0.90713 0.8075 0.0175 0.0175
0 0.42375 0.77 0.0175 0.0175
