0 0.365 0.765 0.0175 0.02
0 0.35375 0.79 0.02 0.02
0 0.27625 0.8425 0.025 0.025
0 0.30875 0.8125 0.0225 0.0225
0 0.1936 0.9 0.022174999999999997 0.017475
0 0.24375 0.30625 0.025 0.025
0 0.205 0.705 0.02 0.0225
0 0.2375 0.71875 0.025 0.02
0 0.2975 0.67875 0.0225 0.0225
0 0.48 0.34125 0.025 0.025
0 0.50375 0.335 0.025 0.0275
0 0.31625 0.73125 0.025 0.0175
0 0.32 0.68875 0.0225 0.0225
0 0.26 0.67 0.02 0.02
0 0.24 0.665 0.02 0.02
0 0.4225 0.81 0.025 0.0225
0 0.59625 0.13625 0.025 0.02
0 0.635 0.14375 0.025 0.025
0 0.3775 0.0575 0.02 0.025
0 0.355 0.04875 0.0225 0.0225
0 0.47875 0.06375 0.02 0.025
0 0.575 0.28 0.02 0.02
0 0.455 0.41125 0.0175 0.015
0 0.64375 0.84125 0.02 0.02
0 0.4475 0.36625 0.0225 0.02
0 0.48875 0.385 0.0125 0.0225
0 0.35125 0.70125 0.02 0.02
0 0.41 0.87875 0.025 0.015
0 0.28 0.77125 0.0225 0.015
0 0.3075 0.78 0.0275 0.0275
0 0.64 0.74375 0.02 0.0175
0 0.34057499999999996 0.8621500000000001 0.023025000000000004 0.019299999999999998
0 0.3697 0.8133499999999999 0.0274 0.024
0 0.82625 0.65875 0.0125 0.0225
0 0.84625 0.66375 0.015 0.02
0 0.7525 0.65875 0.0225 0.0175
0 0.68625 0.76 0.0225 0.0225
0 0.3225 0.01125 0.02 0.0225
0 0.05125 0.02375 0.025 0.025
0 0.80125 0.48125 0.025 0.025
0 0.455 0.83625 0.02 0.0275
0 0.27625 0.8425 0.025 0.025
0 0.29625 0.67875 0.0225 0.0225
0 0.1875 0.87 0.025 0.025
0 0.375 0.31625 0.02 0.02
0 0.5175 0.10375 0.025 0.0225
0 0.26375 0.795 0.0225 0.0225
0 0.50625 0.235 0.02 0.02
0 0.405 0.67375 0.0225 0.0225
0 0.195 0.41 0.0175 0.0175
0 0.90375 0.43 0.0225 0.0225
0 0.535 0.1675 0.025 0.025
0 0.54375 0.2175 0.025 0.025
0 0.31875 0.94 0.0225 0.02
0 0.16125 0.40125 0.02 0.02
0 0.35375 0.91375 0.0175 0.0175
0 0.74 0.611075 0.02 0.0175
0 0.63875 0.81125 0.02 0.02
0 0.23375 0.04 0.0225 0.0225
0 0.411425 0.030275 0.019275 0.024825
0 0.24587499999999998 0.359675 0.014975 0.0158
0 0.60475 0.1932 0.02915 0.018525
0 0.559375 0.268575 0.020550000000000002 0.0175
0 0.6484749999999999 0.755 0.01555 0.015025
0 0.766775 0.630875 0.022825 0.0204
0 0.612825 0.6781 0.018500000000000003 0.020475
0 0.720775 0.6998000000000001 0.021925 0.0246
0 0.37170000000000003 0.6744499999999999 0.020175000000000002 0.01855
0 0.3961 0.69915 0.022574999999999998 0.01795
0 0.3895 0.84075 0.021875 0.0172
0 0.415675 0.859375 0.017075 0.015175000000000001
0 0.410675 0.83315 0.016175 0.0194
0 0.354475 0.8503499999999999 0.017825 0.016774999999999998
0 0.470875 0.796675 0.01855 0.01655
0 0.47637500000000005 0.817625 0.02045 0.014724999999999999
0 0.245525 0.7603 0.021375 0.022400000000000003
0 0.73165 0.7073 0.017075 0.021124999999999998
0 0.3346 0.67755 0.018325 0.017625
0 0.262025 0.029075000000000004 0.0187 0.01885
0 0.32689999999999997 0.051625 0.021675 0.021099999999999997
0 0.529925 0.25815 0.015224999999999999 0.01985
0 0.523775 0.32515 0.022099999999999998 0.01635
0 0.514375 0.345875 0.019475 0.017175
0 0.470375 0.38994999999999996 0.012199999999999999 0.0174
0 0.26942499999999997 0.976725 0.019225000000000003 0.01955