0 0.135 0.4925 0.0175 0.02
0 0.18125 0.45125 0.02 0.0225
0 0.1275 0.44 0.0175 0.015
0 0.13625 0.37125 0.0225 0.02
0 0.1875 0.575 0.0275 0.0175
0 0.2625 0.4675 0.0175 0.02
0 0.025 0.36125 0.02 0.0175
0 0.365 0.3825 0.0175 0.025
0 0.1525 0.58125 0.0175 0.02
0 0.14 0.34 0.0225 0.02
0 0.3275 0.1775 0.0225 0.02
0 0.40125 0.48 0.02 0.02
0 0.10375 0.2475 0.02 0.0175
0 0.19875 0.4325 0.02 0.02
0 0.1725 0.42875 0.02 0.02
0 0.25892 0.06875 0.01785 0.02322
0 0.05937 0.34597 0.01875 0.01875
0 0.13035 0.58705 0.02142 0.02232
0 0.2509 0.69778 0.01607 0.02232
0 0.23035 0.70222 0.01785 0.0241
0 0.7275 0.29125 0.0225 0.025
0 0.9375 0.13875 0.025 0.0225
0 0.88875 0.1475 0.015 0.0175
0 0.5975 0.43625 0.025 0.02
0 0.7825 0.61625 0.02 0.0175
0 0.825 0.9125 0.0225 0.02
0 0.675 0.71 0.0175 0.02
0 0.66 0.575 0.02 0.0225
0 0.56125 0.68625 0.0175 0.0225
0 0.5625 0.55125 0.0175 0.0175
0 0.60625 0.35 0.025 0.02
0 0.74125 0.46625 0.0175 0.02
0 0.8375 0.2125 0.015 0.0175
0 0.85125 0.56875 0.025 0.02
0 0.92375 0.24375 0.02 0.0175
0 0.56625 0.3 0.0225 0.0225
0 0.5875 0.6325 0.0225 0.02
0 0.745 0.2375 0.0175 0.0175
0 0.6548 0.03955 0.01963 0.0191
0 0.965 0.88375 0.0225 0.0225
0 0.66475 0.83955 0.01865 0.02045
0 0.65375 0.81375 0.0225 0.02
0 0.68125 0.61625 0.025 0.0225
0 0.9725 0.1375 0.015 0.025
0 0.93875 0.115 0.015 0.0225
0 0.89125 0.4425 0.0225 0.0175
0 0.77 0.68125 0.02 0.0175
0 0.66875 0.25625 0.0225 0.0225
0 0.95625 0.06375 0.0225 0.02
0 0.95 0.655 0.02 0.02
0 0.82 0.77375 0.0175 0.0175
0 0.895 0.76 0.02 0.02
0 0.9525 0.23875 0.02 0.0175
0 0.93625 0.095 0.02 0.02
0 0.61 0.50375 0.02 0.02
0 0.745 0.75625 0.02 0.02
0 0.65755 0.06168 0.01688 0.01802
0 0.709 0.07107 0.01978 0.01895
0 0.78882 0.2019 0.01695 0.01632
0 0.80578 0.21003 0.01705 0.01468
0 0.81915 0.2097 0.0117 0.01632
0 0.86752 0.22233 0.02255 0.01965
0 0.65258 0.2474 0.01765 0.01625
0 0.656 0.2733 0.0148 0.0141
0 0.51638 0.5943 0.01805 0.02172
0 0.5498 0.76412 0.01745 0.01752
0 0.53795 0.72058 0.01878 0.01792
0 0.96382 0.5247 0.01873 0.02442
0 0.9715 0.54997 0.01798 0.0178
0 0.97565 0.429 0.01738 0.0205
0 0.95353 0.375 0.01777 0.01607
0 0.81198 0.55605 0.02575 0.01748
0 0.8733 0.52205 0.01982 0.02268
0 0.69837 0.66985 0.01815 0.01825
0 0.98068 0.86933 0.01492 0.02078
0 0.97035 0.85395 0.01925 0.0168
0 0.723 0.72923 0.01742 0.0174
0 0.5175 0.53635 0.0168 0.02092
0 0.8506 0.55317 0.02085 0.02243
0 0.9621 0.11902 0.0169 0.0202
0 0.7047 0.2309 0.01655 0.015
