0 0.93875 0.40507 0.02112 0.02063
0 0.99125 0.26375 0.0175 0.0225
0 0.3485 0.26125 0.02 0.02
0 0.33068 0.28745 0.02027 0.016
0 0.78055 0.24982 0.02183 0.0175
0 0.93707 0.35752 0.0206 0.0204
0 0.89175 0.3249 0.02278 0.01942
0 0.91088 0.2127 0.0182 0.01827
0 0.94478 0.42448 0.01632 0.01533
0 0.97302 0.32875 0.01762 0.02355
0 0.9289 0.464 0.0203 0.01907
0 0.9375 0.61875 0.02 0.0225
0 0.8975 0.605 0.0275 0.0225
0 0.99125 0.9575 0.0175 0.0275
0 0.9375 0.59375 0.025 0.0225
0 0.94875 0.555 0.02 0.015
0 0.9475 0.54 0.0175 0.0125
0 0.07375 0.80875 0.0225 0.0225
0 0.90125 0.69375 0.02 0.02
0 0.94798 0.63275 0.01835 0.01667
0 0.93263 0.94977 0.0224 0.02278
0 0.04695 0.90602 0.0189 0.01738
0 0.25562 0.93807 0.0148 0.02078
