0 0.5 0.66375 0.0325 0.0225
0 0.955 0.57625 0.0225 0.0325
0 0.2775 0.59125 0.0325 0.03
0 0.27 0.5575 0.0275 0.025
0 0.44125 0.605 0.0225 0.03
0 0.45625 0.5425 0.03 0.025
0 0.445 0.82125 0.0375 0.0275
0 0.475 0.74 0.025 0.03
0 0.485 0.715 0.03 0.025
0 0.4175 0.6375 0.0275 0.025
0 0.3475 0.665 0.025 0.0225
0 0.385 0.75125 0.025 0.025
0 0.42375 0.74 0.0275 0.0225
0 0.46125 0.66375 0.025 0.03
0 0.49 0.5775 0.0375 0.0325
0 0.42875 0.40375 0.0325 0.0225
0 0.43375 0.38375 0.0325 0.02
0 0.53125 0.36625 0.0225 0.0175
0 0.365 0.3325 0.0225 0.0225
0 0.19625 0.38125 0.0225 0.0225
0 0.15625 0.4225 0.0275 0.0225
0 0.21625 0.51375 0.0225 0.03
0 0.2825 0.405 0.0225 0.0175
0 0.34 0.1675 0.025 0.025
0 0.355 0.20375 0.0225 0.02
0 0.199175 0.0634 0.03 0.025
0 0.16927499999999998 0.06125 0.025 0.025
0 0.4725 0.91625 0.0325 0.03
0 0.41875 0.85 0.0225 0.0225
0 0.8 0.67625 0.0275 0.0275
0 0.67125 0.53125 0.0225 0.0225
0 0.93625 0.47125 0.0225 0.0275
0 0.40625 0.29375 0.0225 0.0225
0 0.37375 0.53875 0.0225 0.02
0 0.3825 0.5075 0.025 0.015
0 0.56875 0.475 0.02 0.02
0 0.46 0.47875 0.0225 0.0225
0 0.61125 0.38 0.0225 0.015
0 0.36625 0.255 0.03 0.0225
0 0.41375 0.23 0.025 0.0175
0 0.43 0.0775 0.0225 0.0275
0 0.37 0.22125 0.02 0.02
0 0.135 0.38125 0.0275 0.0275
0 0.28875 0.52375 0.0325 0.025
0 0.32625 0.4075 0.025 0.0175
0 0.355 0.39375 0.0225 0.0225
0 0.31625 0.33375 0.03 0.0325
0 0.34 0.285 0.025 0.03
0 0.2625 0.36125 0.0225 0.02
0 0.088875 0.0733 0.02435 0.026625
0 0.1225 0.50375 0.02 0.0175
0 0.4925 0.105 0.0275 0.0225
0 0.2975 0.0825 0.02 0.0225
0 0.405 0.13875 0.025 0.0275
0 0.7475 0.78875 0.025 0.0225
0 0.9075 0.45625 0.0225 0.02
0 0.305 0.20625 0.02 0.02
0 0.9825 0.4675 0.02 0.0175
0 0.4525 0.69125 0.02 0.025
0 0.486875 0.94935 0.0275 0.0225
0 0.40875 0.7875 0.0225 0.0325
0 0.26 0.41375 0.0225 0.0225
0 0.295 0.6774 0.025 0.0225
0 0.34375 0.36125 0.02 0.02
0 0.1075 0.26625 0.0225 0.02
0 0.97875 0.4075 0.02 0.02
0 0.64625 0.52375 0.0225 0.02