0 0.31 0.03 0.025 0.0225
0 0.27125 0.17875 0.0225 0.02
0 0.305 0.16375 0.025 0.0225
0 0.3375 0.0425 0.0225 0.0225
0 0.12625 0.3225 0.0225 0.0225
0 0.205 0.46375 0.0225 0.0225
0 0.26625 0.60375 0.0225 0.0225
0 0.265 0.6825 0.02 0.0225
0 0.31375 0.67125 0.0225 0.025
0 0.32125 0.845 0.02 0.025
0 0.25875 0.97375 0.0225 0.0225
0 0.37875 0.71625 0.0225 0.0175
0 0.23625 0.785 0.02 0.02
0 0.29625 0.7075 0.0175 0.0175
0 0.2225 0.665 0.0225 0.02
0 0.4575 0.6325 0.02 0.02
0 0.415 0.14 0.0275 0.02
0 0.06 0.3 0.025 0.0225
0 0.0975 0.275 0.0225 0.02
0 0.23875 0.23875 0.0225 0.0225
0 0.2825 0.11625 0.0225 0.0225
0 0.17 0.16625 0.03 0.0275
0 0.45875 0.06125 0.025 0.02
0 0.2475 0.41125 0.02 0.0175
0 0.29 0.49125 0.0225 0.02
0 0.41125 0.2 0.0175 0.0225
0 0.29375 0.2225 0.0225 0.02
0 0.0975 0.275 0.0225 0.02
0 0.325 0.79125 0.025 0.025
0 0.06 0.3 0.025 0.0225
0 0.16 0.39375 0.0225 0.0225
0 0.26625 0.9325 0.025 0.025
0 0.385 0.75625 0.02 0.02
0 0.3375 0.7475 0.0225 0.0225
0 0.26875 0.4775 0.0225 0.0225
0 0.27375 0.53875 0.0225 0.0225
0 0.14625 0.29 0.0175 0.0175
0 0.30625 0.45875 0.025 0.025
0 0.16375 0.33875 0.0175 0.0175
0 0.45875 0.3875 0.025 0.025
0 0.32125 0.7275 0.0225 0.02
0 0.2275 0.98 0.0225 0.0225
0 0.44625 0.22375 0.0225 0.02
0 0.3625 0.60625 0.0225 0.02
0 0.26 0.2575 0.025 0.025
0 0.23 0.875 0.02 0.02
0 0.47125 0.96875 0.0225 0.0225
0 0.3125 0.76375 0.0225 0.0225
0 0.26375 0.64625 0.02 0.02
0 0.33 0.56875 0.0275 0.0275
0 0.36097 0.95625 0.02045 0.02103
0 0.36972 0.69385 0.01795 0.0224
0 0.33905 0.66382 0.0234 0.0224
0 0.29625 0.92543 0.0209 0.01887
0 0.43248 0.24 0.01695 0.02105
0 0.31842 0.88592 0.0208 0.01988
0 0.46855 0.4322 0.02212 0.02103
0 0.62 0.0425 0.0175 0.0175
0 0.53125 0.45125 0.02 0.0225
0 0.53125 0.5025 0.0175 0.0225
0 0.50625 0.51625 0.01 0.02
0 0.6725 0.505 0.02 0.02
0 0.6475 0.33625 0.0225 0.02
0 0.68875 0.36875 0.0225 0.0175
0 0.84125 0.42 0.0225 0.02
0 0.9775 0.3975 0.02 0.02
0 0.955 0.38875 0.025 0.0225
0 0.8775 0.3275 0.015 0.0175
0 0.80875 0.3825 0.0175 0.0175
0 0.92375 0.38 0.02 0.0225
0 0.78875 0.1425 0.025 0.0275
0 0.5175 0.18625 0.0225 0.0175
0 0.9225 0.63625 0.025 0.0225
0 0.6275 0.735 0.02 0.0225
0 0.59625 0.9825 0.0225 0.02
0 0.94625 0.58 0.0225 0.02
0 0.96 0.565 0.02 0.0175
0 0.625 0.255 0.025 0.025
0 0.56125 0.55 0.025 0.0225
0 0.8525 0.7975 0.0225 0.0225
0 0.59125 0.0475 0.0225 0.0225
0 0.5475 0.06125 0.025 0.0225
0 0.685 0.32 0.0225 0.0225
0 0.64375 0.515 0.02 0.02
0 0.56375 0.51125 0.02 0.02
0 0.7725 0.05625 0.02 0.02
0 0.66 0.15875 0.025 0.025
0 0.73625 0.7875 0.02 0.02
0 0.67 0.18875 0.02 0.02
0 0.66 0.4425 0.02 0.02
0 0.83125 0.33875 0.0225 0.0225
0 0.71 0.45375 0.02 0.0175
0 0.83125 0.3875 0.0175 0.0175
0 0.9575 0.35375 0.02 0.02
0 0.54325 0.17122 0.0197 0.0227
0 0.53703 0.19405 0.02045 0.02567
0 0.82862 0.57987 0.01997 0.01645
0 0.82993 0.5596 0.0191 0.01865
0 0.7435 0.43525 0.01095 0.01795
