0 0.45125 0.0575 0.02 0.025
0 0.81375 0.0325 0.02 0.02
0 0.77 0.08 0.0275 0.0225
0 0.815 0.1025 0.025 0.02
0 0.925 0.18375 0.015 0.0225
0 0.55375 0.2775 0.025 0.0225
0 0.71125 0.29125 0.0225 0.0225
0 0.5375 0.105 0.02 0.0175
0 0.97 0.30625 0.0175 0.0225
0 0.80625 0.05625 0.025 0.0275
0 0.81875 0.075 0.035 0.02
0 0.48875 0.37375 0.02 0.02
0 0.0575 0.84125 0.0225 0.015
0 0.3925 0.6775 0.0225 0.0275
0 0.21875 0.6 0.02 0.02
0 0.5575 0.70375 0.03 0.025
0 0.5925 0.73625 0.0225 0.0225
0 0.615 0.705 0.0225 0.0175
