0 0.0825 0.79625 0.02 0.0225
0 0.09875 0.84 0.02 0.02
0 0.13375 0.84 0.0175 0.02
0 0.02875 0.84375 0.02 0.02
0 0.2625 0.905 0.0225 0.02
0 0.2325 0.90625 0.02 0.02
0 0.25375 0.9375 0.02 0.02
0 0.155 0.97625 0.02 0.0175
0 0.46 0.43875 0.0225 0.0225
0 0.1625 0.82 0.02 0.02
0 0.1525 0.7975 0.02 0.02
0 0.04125 0.88875 0.02 0.02
0 0.665 0.63375 0.03 0.02
0 0.60125 0.15125 0.025 0.025
0 0.72875 0.79 0.0325 0.03
0 0.8693 0.885 0.0225 0.0225
0 0.53125 0.38875 0.0225 0.0225
0 0.8275 0.9075 0.0225 0.02
0 0.5575 0.17875 0.0225 0.02
0 0.58125 0.47375 0.0225 0.02
0 0.7275 0.56 0.025 0.0225
0 0.8343 0.92625 0.0225 0.02
0 0.74 0.76 0.0225 0.0225
0 0.9625 0.81125 0.0275 0.025
