0 0.445 0.83875 0.0175 0.0175
0 0.45875 0.85375 0.0175 0.02
0 0.28125 0.8275 0.015 0.02
0 0.24375 0.86375 0.0175 0.025
0 0.20375 0.90625 0.0325 0.025
0 0.0601 0.87605 0.0209 0.02042
0 0.31125 0.81375 0.0175 0.0225
0 0.3325 0.81125 0.02 0.025
0 0.4475 0.76875 0.0175 0.0175
0 0.2275 0.86625 0.015 0.0175
0 0.24375 0.81625 0.0225 0.02
0 0.295 0.84125 0.0225 0.0175
0 0.43125 0.79 0.02 0.0225
0 0.31375 0.73375 0.0225 0.02
0 0.15625 0.61875 0.0175 0.02
0 0.4425 0.05875 0.0225 0.0175
0 0.40625 0.09625 0.015 0.0175
0 0.4375 0.1 0.0175 0.0175
0 0.43375 0.12 0.025 0.02
0 0.39625 0.12625 0.0175 0.015
0 0.4075 0.04625 0.025 0.02
0 0.365 0.81375 0.02 0.0225
0 0.08875 0.10875 0.0175 0.02
0 0.24125 0.69125 0.015 0.02
0 0.045 0.3275 0.0175 0.015
0 0.1125 0.08625 0.03 0.025
0 0.1 0.12625 0.0225 0.0225
0 0.4875 0.02625 0.025 0.025
0 0.06375 0.32125 0.0175 0.015
0 0.4853 0.7099 0.0144 0.02232
0 0.4925 0.69 0.015 0.0225
0 0.49125 0.66875 0.015 0.0225
0 0.38375 0.83 0.02 0.02
0 0.49125 0.7675 0.015 0.0225
0 0.12375 0.24125 0.025 0.0225
0 0.12375 0.1925 0.0225 0.025
0 0.2175 0.78875 0.02 0.02
0 0.61805 0.83893 0.0264 0.02467
0 0.78 0.95375 0.025 0.025
0 0.91375 0.90375 0.0325 0.02
0 0.795 0.74 0.03 0.02
0 0.62 0.96 0.02 0.015
0 0.69375 0.87875 0.02 0.02
0 0.5475 0.87375 0.015 0.0225
0 0.55125 0.9275 0.025 0.025
0 0.6 0.765 0.0175 0.015
0 0.8975 0.675 0.02 0.015
0 0.90795 0.70503 0.02413 0.01742
0 0.65 0.8325 0.0225 0.0225
0 0.925 0.1225 0.02 0.025
0 0.5425 0.78125 0.0175 0.02
0 0.7475 0.86 0.0225 0.0225
0 0.58 0.78375 0.0225 0.0175
0 0.6525 0.39 0.0175 0.0175
0 0.6675 0.51 0.0175 0.0225
0 0.90625 0.18 0.025 0.025
0 0.9425 0.11375 0.0175 0.0175
0 0.81 0.95 0.02 0.02
0 0.625 0.76875 0.0175 0.0175
0 0.52375 0.85875 0.025 0.0225
0 0.86125 0.98875 0.0225 0.02
0 0.595 0.06375 0.02 0.0175
0 0.6575 0.985 0.0225 0.015
0 0.52375 0.81125 0.02 0.02
