0 0.05875 0.25625 0.02 0.02
0 0.8425 0.11375 0.0225 0.02
0 0.845 0.1325 0.0225 0.0175
0 0.8775 0.1425 0.02 0.015
0 0.75375 0.1806 0.02 0.0175
0 0.73625 0.1225 0.02 0.0225
0 0.65125 0.27375 0.02 0.015
0 0.58375 0.0525 0.025 0.025
0 0.75 0.09125 0.025 0.0275
0 0.67625 0.2675 0.02 0.02
0 0.61375 0.31875 0.0225 0.0175
0 0.86 0.08875 0.0225 0.0225
0 0.8375 0.16375 0.0225 0.02
0 0.7775 0.17375 0.02 0.02
0 0.54473 0.04105 0.01622 0.02315
0 0.62928 0.05132 0.01928 0.01873
0 0.6539 0.33605 0.0203 0.02212
0 0.737 0.17493 0.01685 0.0159
0 0.73613 0.14645 0.01692 0.01788
0 0.7507 0.12508 0.01645 0.018
0 0.74613 0.06215 0.02438 0.0243
0 0.92265 0.04053 0.01852 0.01675
0 0.66358 0.07263 0.02003 0.02025
0 0.844 0.28325 0.01477 0.01648
0 0.9785 0.3484 0.0195 0.01468
0 0.86833 0.30297 0.01878 0.01847
0 0.7639 0.19073 0.024 0.01675
0 0.86 0.9175 0.0225 0.0175
0 0.775 0.81 0.025 0.0225
0 0.58125 0.65 0.025 0.025
0 0.71375 0.89125 0.0175 0.0175
0 0.965 0.6675 0.0225 0.02
0 0.81625 0.82875 0.0175 0.015
0 0.97875 0.85125 0.0175 0.015
0 0.77 0.8775 0.0175 0.02
0 0.87875 0.9725 0.02 0.015
0 0.88625 0.96125 0.0225 0.0125
0 0.95 0.6875 0.02 0.02
0 0.755 0.87625 0.015 0.02
0 0.705 0.8575 0.02 0.0225
0 0.84125 0.84875 0.015 0.0175
0 0.855 0.83875 0.015 0.02
0 0.525 0.83 0.02 0.02
0 0.90375 0.86125 0.02 0.02
0 0.57233 0.74642 0.01965 0.02142
0 0.55178 0.70938 0.01965 0.01875
0 0.57677 0.575 0.025 0.02678
0 0.9759 0.8924 0.01965 0.02232
0 0.83615 0.82903 0.01875 0.01698
