0 0.19 0.58125 0.0225 0.025
0 0.215 0.42375 0.02 0.02
0 0.0325 0.69 0.025 0.02
0 0.17 0.675 0.02 0.025
0 0.18875 0.645 0.0225 0.02
0 0.1675 0.65 0.0225 0.02
0 0.3925 0.27 0.025 0.0225
0 0.2225 0.25625 0.025 0.025
0 0.25018 0.28277 0.01535 0.01802
0 0.03625 0.665 0.025 0.0225
0 0.03375 0.71073 0.02322 0.02215
0 0.03375 0.57 0.0225 0.0225
0 0.30625 0.09375 0.025 0.025
0 0.3025 0.28375 0.02 0.02
0 0.10125 0.67625 0.0225 0.02
0 0.03875 0.78625 0.02 0.02
0 0.02768 0.04465 0.01785 0.01607
0 0.12323 0.02365 0.01607 0.01698
0 0.49062 0.18927 0.01875 0.02142
0 0.21115 0.65135 0.01698 0.01518
0 0.21427 0.62767 0.01607 0.01607
0 0.18573 0.99285 0.01785 0.01427
0 0.26073 0.28615 0.01607 0.01875
0 0.56125 0.20875 0.025 0.025
0 0.51518 0.29285 0.01607 0.02142
