0 0.17125 0.37875 0.0225 0.0275
0 0.40625 0.36625 0.0225 0.025
0 0.3375 0.45375 0.025 0.02
0 0.39 0.515 0.02 0.02
0 0.3925 0.48 0.0125 0.0175
0 0.38 0.455 0.02 0.02
0 0.4075 0.47375 0.0175 0.0175
0 0.45 0.38125 0.02 0.0175
0 0.45375 0.35625 0.025 0.02
0 0.4125 0.43625 0.0175 0.02
0 0.31125 0.34625 0.0225 0.0175
0 0.115 0.39 0.02 0.02
0 0.43375 0.51375 0.0175 0.0225
0 0.065 0.29875 0.025 0.0225
0 0.47125 0.42875 0.0225 0.025
0 0.3725 0.43375 0.02 0.0225
0 0.39125 0.42625 0.0175 0.02
0 0.49 0.44125 0.02 0.025
0 0.4725 0.0575 0.0225 0.0225
0 0.05875 0.75625 0.02 0.02
0 0.31625 0.3575 0.02 0.0175
0 0.3635 0.49015 0.02163 0.01957
0 0.09568 0.02393 0.01635 0.01748
0 0.05742 0.1344 0.01488 0.0224
0 0.1494 0.38795 0.02203 0.02055
0 0.77125 0.44 0.0225 0.0225
0 0.55625 0.43125 0.02 0.02
0 0.56 0.405 0.02 0.0125
0 0.6 0.3625 0.0225 0.02
0 0.83875 0.48375 0.02 0.02
0 0.8425 0.61375 0.0225 0.02
0 0.845 0.6325 0.0225 0.0175
0 0.8775 0.6425 0.02 0.015
0 0.75375 0.6806 0.02 0.0175
0 0.69125 0.45375 0.0225 0.02
0 0.6625 0.44375 0.0225 0.0225
0 0.6375 0.4225 0.02 0.025
0 0.63875 0.3275 0.0175 0.02
0 0.66125 0.335 0.02 0.0175
0 0.6025 0.32125 0.0225 0.02
0 0.73625 0.6225 0.02 0.0225
0 0.65125 0.77375 0.02 0.015
0 0.58375 0.5525 0.025 0.025
0 0.955 0.4975 0.02 0.0175
0 0.92375 0.51375 0.0175 0.0175
0 0.9 0.495 0.0175 0.0175
0 0.90875 0.41875 0.015 0.0175
0 0.96375 0.31375 0.0175 0.015
0 0.96125 0.29125 0.0125 0.015
0 0.75 0.59125 0.025 0.0275
0 0.8 0.5075 0.015 0.0175
0 0.67625 0.7675 0.02 0.02
0 0.61375 0.81875 0.0225 0.0175
0 0.57625 0.43 0.0175 0.0225
0 0.50875 0.34875 0.015 0.025
0 0.61125 0.29125 0.02 0.025
0 0.93875 0.29 0.02 0.0225
0 0.86 0.58875 0.0225 0.0225
0 0.8375 0.66375 0.0225 0.02
0 0.7775 0.67375 0.02 0.02
0 0.80343 0.4925 0.0175 0.0175
0 0.78125 0.38625 0.02 0.02
0 0.9575 0.44125 0.02 0.02
0 0.89292 0.42362 0.0162 0.0151
0 0.51515 0.38093 0.01957 0.019
0 0.50907 0.48328 0.01815 0.02453
0 0.54473 0.54105 0.01622 0.02315
0 0.62928 0.55132 0.01928 0.01873
0 0.6539 0.83605 0.0203 0.02212
0 0.737 0.67493 0.01685 0.0159
0 0.73613 0.64645 0.01692 0.01788
0 0.6478 0.3025 0.0188 0.01752
0 0.6402 0.2837 0.0179 0.0174
0 0.52882 0.3337 0.01835 0.0138
0 0.53397 0.36173 0.01795 0.01808
0 0.7507 0.62508 0.01645 0.018
0 0.74613 0.56215 0.02438 0.0243
0 0.92265 0.54053 0.01852 0.01675
0 0.91748 0.47123 0.0153 0.01745
0 0.66358 0.57263 0.02003 0.02025
0 0.8551 0.44315 0.01555 0.0149
0 0.83458 0.30233 0.01738 0.02072
0 0.844 0.78325 0.01477 0.01648
0 0.9785 0.8484 0.0195 0.01468
0 0.86833 0.80297 0.01878 0.01847
0 0.7639 0.69073 0.024 0.01675
