0 0.105 0.1825 0.0275 0.02
0 0.22125 0.2025 0.03 0.0275
0 0.19875 0.1875 0.02 0.0175
0 0.36875 0.14125 0.0325 0.03
0 0.13875 0.04875 0.0225 0.02
0 0.19875 0.03875 0.0225 0.0225
0 0.15625 0.07875 0.0275 0.0225
0 0.0475 0.16 0.0275 0.02
0 0.05375 0.295 0.0175 0.025
0 0.02625 0.055 0.025 0.0175
0 0.30145 0.6169 0.0263 0.02092
0 0.0925 0.0375 0.0225 0.02
0 0.40375 0.01875 0.0225 0.0175
0 0.38625 0.1 0.025 0.0225
0 0.16125 0.15375 0.02 0.0175
0 0.07968 0.15717 0.0225 0.0225
0 0.1925 0.07093 0.02 0.0175
0 0.14625 0.1125 0.02 0.02
0 0.19875 0.18875 0.02 0.02
0 0.11 0.20875 0.0225 0.0225
0 0.34625 0.04875 0.02 0.02
0 0.14855 0.0375 0.01717 0.01788
0 0.18873 0.13805 0.01673 0.01538
0 0.40455 0.10055 0.02303 0.01897
0 0.03995 0.67865 0.02095 0.018
0 0.25705 0.70305 0.01767 0.0186
0 0.8425 0.53625 0.0225 0.025
0 0.875 0.495 0.0225 0.0175
0 0.6125 0.53375 0.02 0.0175
0 0.71625 0.76 0.0175 0.02
0 0.72875 0.68375 0.02 0.0175
0 0.745 0.6875 0.015 0.0175
0 0.75375 0.54625 0.02 0.0175
0 0.76875 0.51375 0.015 0.0175
0 0.796 0.49093 0.015 0.02
0 0.9775 0.46375 0.02 0.0175
0 0.91875 0.53625 0.015 0.0175
0 0.905 0.5275 0.015 0.0125
0 0.9075 0.39875 0.02 0.0175
0 0.78465 0.42615 0.01407 0.0158
0 0.865 0.5675 0.0175 0.02
0 0.7375 0.5875 0.0225 0.0175
0 0.81222 0.67638 0.02135 0.01712
0 0.6375 0.62625 0.02 0.02
0 0.5375 0.76875 0.025 0.025
0 0.5575 0.5891 0.02 0.02
0 0.66625 0.35375 0.02 0.02
0 0.5525 0.51125 0.02 0.02
0 0.86375 0.0225 0.0225 0.02
0 0.96125 0.405 0.02 0.0175
0 0.6633 0.14367 0.01765 0.01415
0 0.66273 0.13148 0.0165 0.01298
0 0.61047 0.7274 0.01738 0.01733
0 0.5467 0.96657 0.0202 0.01707
0 0.81417 0.39065 0.02123 0.0188
0 0.8291 0.4173 0.01535 0.01855
0 0.86515 0.39065 0.016 0.01702
0 0.86347 0.41388 0.01802 0.01702
