0 0.45625 0.4875 0.02 0.025
0 0.36625 0.45125 0.015 0.0175
0 0.6175 0.4575 0.025 0.0175
0 0.685 0.58625 0.0225 0.015
0 0.67 0.5525 0.0175 0.0175
0 0.92625 0.875 0.02 0.02
0 0.93875 0.9575 0.0225 0.02
0 0.08625 0.41125 0.0225 0.02
0 0.31125 0.4675 0.02 0.0175
0 0.40875 0.40625 0.02 0.0225
0 0.25 0.31875 0.0225 0.02
0 0.7 0.555 0.0225 0.0225
0 0.62375 0.61625 0.0225 0.015
0 0.0975 0.3525 0.0175 0.0175
0 0.655 0.505 0.0175 0.015
0 0.52375 0.5125 0.0175 0.0175
0 0.50625 0.5125 0.015 0.0175
0 0.50375 0.5425 0.025 0.025
0 0.55 0.3775 0.0175 0.0225
0 0.87125 0.44625 0.015 0.02
0 0.9875 0.4425 0.0225 0.02
0 0.69875 0.60875 0.0225 0.02
0 0.95625 0.76 0.02 0.02
0 0.3775 0.7525 0.02 0.02
0 0.95625 0.45 0.0175 0.02
0 0.35625 0.3925 0.0225 0.02
0 0.6675 0.3225 0.02 0.0175
0 0.0775 0.13125 0.0225 0.02
0 0.98375 0.724925 0.025 0.025
0 0.95625 0.83325 0.02 0.02
0 0.285975 0.1875 0.018425 0.0215
0 0.6881499999999999 0.033125 0.018425 0.019725
0 0.8556999999999999 0.44365000000000004 0.014025000000000001 0.019725
0 0.9787250000000001 0.800875 0.025875 0.022799999999999997
0 0.364475 0.7149 0.022799999999999997 0.02895
0 0.33027500000000004 0.4875 0.020175000000000002 0.0215
0 0.495175 0.627625 0.018425 0.020175000000000002
0 0.551525 0.5954 0.0215 0.019725
0 0.18442499999999998 0.1886 0.024125 0.020175000000000002