0 0.46375 0.87125 0.02 0.02
0 0.66185 0.794975 0.0222 0.023849999999999996
0 0.662625 0.766375 0.02255 0.022775
0 0.77875 0.1725 0.02 0.02
0 0.8272499999999999 0.1747 0.023025000000000004 0.0219
0 0.817625 0.13875 0.0225 0.0225
0 0.7658499999999999 0.697225 0.02 0.02
0 0.8602500000000001 0.1895 0.022275 0.0147
0 0.810775 0.220875 0.014424999999999999 0.016725
0 0.79185 0.23135000000000003 0.015825 0.014475
0 0.833475 0.231925 0.013375 0.013825
0 0.8190000000000001 0.19857500000000003 0.013000000000000001 0.015
0 0.7655249999999999 0.1283 0.01855 0.022675
0 0.72815 0.9077 0.02595 0.018975
0 0.274275 0.557075 0.02 0.0195
0 0.095 0.515475 0.022125 0.016675
0 0.730125 0.94675 0.022775 0.0167
0 0.136125 0.1918 0.022250000000000002 0.01575
0 0.82435 0.9279999999999999 0.016575 0.0167
0 0.6656 0.8758499999999999 0.020499999999999997 0.021324999999999997
0 0.760425 0.838225 0.0137 0.012150000000000001
0 0.7709 0.8409749999999999 0.0189 0.021225