0 0.59875 0.5825 0.03 0.02
0 0.67375 0.635 0.02 0.02
0 0.78 0.7675 0.02 0.0225
0 0.765 0.83875 0.0175 0.0225
0 0.74375 0.84375 0.015 0.015
0 0.685 0.85 0.0225 0.02
0 0.72 0.83625 0.0175 0.02
0 0.83 0.72625 0.02 0.0175
0 0.7 0.625 0.0175 0.015
0 0.68875 0.60125 0.0175 0.0225
0 0.625 0.54875 0.0175 0.0125
0 0.4425 0.5575 0.02 0.0175
0 0.65 0.7275 0.0175 0.015
0 0.84625 0.59875 0.0225 0.02
0 0.73625 0.61 0.0225 0.02
0 0.7125 0.65125 0.0175 0.0175
0 0.78875 0.87375 0.0175 0.02
0 0.7775 0.945 0.0175 0.0225
0 0.7475 0.95125 0.0175 0.0175
0 0.805 0.9425 0.0175 0.0175
0 0.88125 0.595 0.02 0.02
0 0.905 0.59375 0.0175 0.015
0 0.7825 0.25375 0.015 0.015
0 0.81 0.0425 0.025 0.0225
0 0.8525 0.11 0.0225 0.02
0 0.81 0.89125 0.0225 0.025
0 0.78875 0.5975 0.0175 0.02
0 0.66375 0.54875 0.0175 0.0175
0 0.6825 0.56 0.0175 0.0175
0 0.75875 0.6975 0.015 0.0175
0 0.7075 0.90375 0.0125 0.015
0 0.71625 0.8925 0.0175 0.015
0 0.7425 0.6475 0.02 0.0175
0 0.74625 0.68 0.025 0.0175
0 0.77125 0.6425 0.02 0.0125
0 0.485 0.5425 0.015 0.0125
0 0.70125 0.735 0.0175 0.02
0 0.7325 0.82375 0.025 0.02
0 0.6 0.97 0.0175 0.0175
0 0.6375 0.70625 0.02 0.02
0 0.035 0.12375 0.0275 0.025
0 0.23875 0.54375 0.02 0.02
0 0.947575 0.170025 0.016575 0.016875
0 0.75375 0.81125 0.02 0.02
0 0.3425 0.32875 0.02 0.02
0 0.77875 0.5222 0.02 0.02
0 0.6375 0.9625 0.0225 0.0225
0 0.895 0.34125 0.02 0.0175
0 0.8625 0.03 0.0225 0.0225
0 0.89625 0.65375 0.02 0.02
0 0.9725 0.083325 0.02 0.02
0 0.715 0.7325 0.0175 0.0175
0 0.87875 0.68 0.02 0.02
0 0.8425 0.6275 0.0175 0.0175
0 0.98625 0.105 0.02 0.02
0 0.93125 0.8175 0.02 0.0225
0 0.7525 0.925 0.02 0.02
0 0.74675 0.008475 0.022574999999999998 0.016975
0 0.9597 0.168825 0.016325 0.0159
0 0.973275 0.1605 0.015975 0.0147
0 0.881425 0.03955 0.0175 0.013774999999999999
0 0.8941 0.037225 0.018925 0.0184
0 0.250475 0.29595 0.018799999999999997 0.018675
0 0.281875 0.2924 0.020874999999999998 0.01875
0 0.23149999999999998 0.43145000000000006 0.020125 0.01825
0 0.249175 0.562325 0.014150000000000001 0.016425000000000002
0 0.81125 0.2526 0.017124999999999998 0.0195
0 0.61605 0.015925 0.024975 0.01935
0 0.551325 0.3543 0.020499999999999997 0.019325000000000002
0 0.94195 0.8415 0.0197 0.017025
0 0.954225 0.792675 0.019175 0.019299999999999998
0 0.933025 0.888925 0.025 0.02605
0 0.671925 0.78325 0.022425 0.018275
0 0.7284999999999999 0.8482 0.014375 0.0155
0 0.932075 0.8668250000000001 0.0231 0.019375
0 0.7318250000000001 0.5901 0.0195 0.015975
0 0.8121250000000001 0.60695 0.0204 0.01645
0 0.822225 0.53245 0.015875 0.02025
0 0.8179500000000001 0.576325 0.018025 0.015175000000000001
0 0.705625 0.54025 0.0184 0.0144
0 0.6980249999999999 0.572775 0.0173 0.016175
0 0.27315 0.33065 0.015925 0.018425
0 0.6727500000000001 0.028025 0.016925 0.022125
0 0.376475 0.3121 0.01725 0.017075
0 0.716875 0.707925 0.019450000000000002 0.019424999999999998