0 0.39125 0.50375 0.03 0.02
0 0.325 0.565 0.02 0.02
0 0.3325 0.63 0.0225 0.0225
0 0.3175 0.77625 0.02 0.025
0 0.13875 0.8875 0.025 0.0225
0 0.52875 0.44875 0.03 0.025
0 0.82625 0.71375 0.03 0.025
0 0.88125 0.6625 0.025 0.02
0 0.2875 0.72625 0.025 0.025
0 0.28125 0.7875 0.0225 0.0225
0 0.3575 0.9425 0.025 0.0225
0 0.405 0.89875 0.0175 0.02
0 0.5325 0.77625 0.0175 0.0175
0 0.64125 0.645 0.03 0.02
0 0.12125 0.86 0.0225 0.0225
0 0.895 0.57875 0.02 0.02
0 0.70125 0.9057 0.025 0.0275
0 0.48 0.73375 0.0225 0.02
0 0.815 0.5925 0.0225 0.0225
0 0.78125 0.61 0.025 0.0225
0 0.1775 0.59375 0.02 0.02
0 0.4375 0.5825 0.02 0.02
0 0.72625 0.70375 0.0225 0.0225
0 0.11875 0.745 0.02 0.02
0 0.29125 0.68625 0.0225 0.0225
0 0.45 0.805 0.0225 0.02
0 0.2876 0.7641249999999999 0.02 0.02
0 0.76375 0.69875 0.02 0.02
0 0.49245 0.977225 0.02215 0.02275
0 0.7045999999999999 0.41104999999999997 0.02075 0.026924999999999998
0 0.745275 0.6370750000000001 0.01905 0.021150000000000002
0 0.7115 0.61685 0.014074999999999999 0.024900000000000002
0 0.725675 0.631025 0.0174 0.031575
0 0.554125 0.47615 0.0262 0.024550000000000002
0 0.038075 0.81535 0.023250000000000003 0.023975
0 0.135825 0.726425 0.021775000000000003 0.0222
0 0.57065 0.724575 0.017175 0.021625000000000002
0 0.9092749999999999 0.912525 0.0215 0.023675
0 0.4096 0.92715 0.019299999999999998 0.020175000000000002
0 0.1577 0.870475 0.02025 0.02505
0 0.42869999999999997 0.5621 0.025750000000000002 0.023075000000000002
0 0.61615 0.85965 0.021525 0.020425
0 0.572925 0.774525 0.017325 0.019950000000000002
0 0.475675 0.873075 0.02 0.01885
0 0.896525 0.44032499999999997 0.0204 0.01675
0 0.813475 0.9041 0.019074999999999998 0.0216
0 0.5390999999999999 0.958625 0.014575 0.019575
0 0.6718500000000001 0.585025 0.01755 0.0226