0 0.37875 0.80875 0.02 0.02
0 0.40282 0.8183 0.01815 0.0191
0 0.36375 0.855 0.0175 0.0175
0 0.0525 0.85625 0.0225 0.0175
0 0.435 0.89625 0.0225 0.0225
0 0.2756 0.46288 0.02325 0.02413
0 0.27625 0.4375 0.015 0.0125
0 0.19 0.68375 0.0225 0.0225
0 0.43 0.80875 0.015 0.0175
0 0.4825 0.825 0.0225 0.02
0 0.37125 0.8375 0.0175 0.015
0 0.4425 0.37625 0.025 0.0175
0 0.37875 0.80875 0.02 0.02
0 0.40875 0.38 0.0225 0.02
0 0.49047 0.86703 0.01667 0.01975
0 0.4078 0.89812 0.01915 0.0159
0 0.38458 0.86433 0.01555 0.01792
0 0.39982 0.8564 0.02 0.01758
0 0.42668 0.77953 0.02123 0.01795
0 0.4924 0.779 0.01518 0.02585
0 0.08657 0.96285 0.01777 0.02035
0 0.10475 0.96437 0.01905 0.01982
0 0.19188 0.53935 0.02305 0.02513
0 0.22632 0.74608 0.01873 0.01895
0 0.09723 0.92552 0.0248 0.02248
0 0.44162 0.93683 0.0172 0.0183
0 0.49022 0.94515 0.01438 0.01533
0 0.6225 0.55625 0.02 0.0175
0 0.67125 0.56125 0.015 0.015
0 0.64375 0.56625 0.02 0.0175
0 0.69 0.56875 0.0225 0.015
0 0.705 0.5875 0.02 0.015
0 0.63125 0.58875 0.0175 0.015
0 0.57375 0.605 0.0225 0.02
0 0.63375 0.62125 0.0175 0.015
0 0.55375 0.86 0.0225 0.02
0 0.65448 0.70215 0.02393 0.025
0 0.61535 0.60205 0.01465 0.01553
0 0.67052 0.58527 0.01427 0.0134
0 0.52187 0.7808 0.01698 0.01698
0 0.50847 0.62767 0.01518 0.01607
0 0.59285 0.59285 0.01607 0.01427
0 0.7067 0.56563 0.01518 0.01698
0 0.52455 0.62143 0.0134 0.01785
0 0.57233 0.81427 0.01965 0.01427
0 0.6259 0.81427 0.01785 0.01607
