0 0.21375 0.64125 0.0225 0.025
0 0.14515 0.72578 0.02027 0.02155
0 0.0375 0.7575 0.0225 0.02
0 0.33875 0.75625 0.0225 0.02
0 0.355 0.905 0.0325 0.03
0 0.34905 0.80552 0.02297 0.0225
0 0.225 0.77375 0.02 0.02
0 0.1925 0.74125 0.0175 0.02
0 0.1 0.39875 0.0175 0.0275
0 0.185 0.96125 0.0275 0.02
0 0.23375 0.92875 0.0225 0.02
0 0.195 0.91625 0.0225 0.015
0 0.2325 0.83375 0.02 0.0175
0 0.245 0.8175 0.0175 0.015
0 0.185 0.685 0.0225 0.02
0 0.1575 0.4225 0.025 0.02
0 0.13375 0.58875 0.0175 0.0175
0 0.0675 0.57625 0.0175 0.0225
0 0.365 0.82625 0.025 0.025
0 0.3575 0.845 0.0225 0.02
0 0.39625 0.96125 0.025 0.0275
0 0.48183 0.11542 0.02385 0.02337
0 0.12 0.435 0.025 0.025
0 0.3225 0.99125 0.0175 0.0175
0 0.3125 0.9725 0.0175 0.0225
0 0.06625 0.50125 0.02 0.02
0 0.37125 0.935 0.0225 0.0175
0 0.2025 0.945 0.0225 0.0175
0 0.29 0.8125 0.025 0.015
0 0.38375 0.585 0.0225 0.0225
0 0.1825 0.625 0.025 0.025
0 0.34 0.59375 0.0225 0.0225
0 0.2 0.6 0.0225 0.0225
0 0.25 0.8775 0.02 0.02
0 0.18 0.78125 0.0225 0.02
0 0.32625 0.5325 0.02 0.02
0 0.07 0.61 0.0175 0.0175
0 0.2075 0.43125 0.0225 0.0225
0 0.35018 0.98798 0.02 0.01883
0 0.4833 0.98198 0.0148 0.01575
0 0.4707 0.98147 0.01282 0.02007
0 0.21772 0.91725 0.02167 0.01843
0 0.25105 0.85845 0.02355 0.0151
0 0.08295 0.5934 0.0216 0.02212
0 0.47575 0.78642 0.01403 0.01572
0 0.47655 0.808 0.02013 0.0179
0 0.27912 0.59555 0.01495 0.01605
0 0.27572 0.5771 0.01752 0.0185
0 0.09983 0.56583 0.0175 0.02092
0 0.30662 0.57068 0.0168 0.01635
0 0.33525 0.96578 0.017 0.0155
0 0.29368 0.93612 0.0213 0.01688
0 0.3439 0.93155 0.01995 0.0167
0 0.8348 0.61138 0.01712 0.02025
0 0.685 0.5875 0.0225 0.02
0 0.565 0.55 0.0225 0.02
0 0.64125 0.61875 0.0225 0.02
0 0.56875 0.7025 0.0225 0.0225
0 0.87625 0.92 0.0225 0.02
0 0.93552 0.55215 0.02 0.02
0 0.6775 0.75 0.02 0.02
0 0.52393 0.6125 0.0225 0.0225
0 0.61445 0.6077 0.0164 0.019
