0 0.6575 0.37375 0.0275 0.025
0 0.62875 0.18625 0.025 0.025
0 0.63875 0.14125 0.0225 0.025
0 0.69625 0.2925 0.0175 0.0225
0 0.68875 0.0525 0.025 0.0225
0 0.78375 0.41875 0.0225 0.02
0 0.0575 0.2775 0.025 0.02
0 0.6975 0.22 0.0225 0.0175
0 0.7425 0.315 0.02 0.0175
0 0.36375 0.45125 0.02 0.0175
0 0.6725 0.4425 0.02 0.02
0 0.9625 0.3175 0.0175 0.0175
0 0.67125 0.03375 0.02 0.0225
0 0.70125 0.03 0.025 0.0225
0 0.7675 0.3425 0.02 0.02
0 0.66625 0.11625 0.025 0.015
0 0.62875 0.22875 0.0225 0.0175
0 0.4425 0.35125 0.02 0.0125
0 0.7525 0.20125 0.0175 0.025
0 0.84375 0.37125 0.02 0.0275
0 0.495 0.34375 0.02 0.02
0 0.79625 0.68875 0.0275 0.0175
0 0.77875 0.80125 0.0175 0.02
0 0.805 0.8175 0.0225 0.0175
0 0.74875 0.91375 0.0225 0.0175
0 0.77625 0.9475 0.0175 0.0225
0 0.5775 0.85625 0.0175 0.02
0 0.87625 0.865 0.0175 0.015
0 0.6925 0.64375 0.02 0.0175
0 0.88017 0.67255 0.02467 0.0251
0 0.91375 0.68375 0.025 0.02
0 0.6225 0.52625 0.0225 0.0225
0 0.72875 0.615 0.025 0.025
0 0.92 0.775 0.0225 0.0225
0 0.8375 0.79625 0.0225 0.02
0 0.62875 0.55125 0.02 0.02
0 0.86918 0.81912 0.02087 0.0225
0 0.96875 0.89945 0.0225 0.02
0 0.90338 0.64838 0.025 0.025
0 0.685 0.675 0.02 0.02
0 0.79 0.8925 0.0225 0.02
0 0.7725 0.6875 0.02 0.02
0 0.68588 0.58477 0.02065 0.025
0 0.82963 0.81412 0.02445 0.02065
0 0.55273 0.87147 0.02283 0.02445
0 0.5557 0.8913 0.0212 0.01957
