0 0.15375 0.61625 0.0175 0.02
0 0.26 0.54125 0.025 0.0275
0 0.1111 0.65425 0.0203 0.019
0 0.10278 0.2799 0.01945 0.0223
0 0.13 0.515 0.02 0.0225
0 0.19 0.51125 0.0225 0.0225
0 0.46625 0.58625 0.02 0.02
0 0.365 0.475 0.015 0.0225
0 0.30375 0.04 0.02 0.02
0 0.26375 0.565 0.0225 0.0225
0 0.46875 0.04375 0.02 0.0175
0 0.24047 0.5305 0.01845 0.01818
0 0.28618 0.59165 0.01702 0.02438
0 0.55875 0.57625 0.0175 0.0175
0 0.8925 0.6925 0.015 0.0175
0 0.6957 0.66985 0.02035 0.0228
0 0.63 0.60875 0.0175 0.0175
0 0.54625 0.625 0.0225 0.0225
0 0.58625 0.48375 0.0175 0.015
0 0.9675 0.40875 0.03 0.03
0 0.6875 0.53875 0.02 0.02
0 0.595 0.645 0.02 0.0175
0 0.84625 0.72 0.02 0.0225
0 0.55375 0.53625 0.0225 0.015
0 0.78625 0.455 0.0225 0.0225
0 0.58125 0.62625 0.0225 0.0225
0 0.815 0.485 0.0225 0.0225
0 0.70945 0.63487 0.0225 0.025
0 0.8125 0.035 0.02 0.02
0 0.5525 0.48125 0.02 0.02
0 0.81625 0.6125 0.0225 0.02
0 0.8275 0.50125 0.02 0.02
0 0.56202 0.64892 0.01702 0.0218
0 0.58743 0.56778 0.01415 0.02127
0 0.59668 0.57825 0.01555 0.0226
0 0.6521 0.56333 0.02027 0.02308
0 0.98383 0.60645 0.01585 0.02005
0 0.5558 0.51513 0.01695 0.01953
0 0.74735 0.2194 0.0197 0.01738
0 0.76595 0.2335 0.0199 0.01878
