0 0.4375 0.76 0.025 0.025
0 0.38915 0.861425 0.020825 0.02075
0 0.31079999999999997 0.7355750000000001 0.018275 0.01885
0 0.29875 0.60625 0.02 0.0175
0 0.2625 0.57875 0.025 0.02
0 0.2025 0.53875 0.02 0.0175
0 0.243625 0.506825 0.0183 0.01885
0 0.273375 0.35505000000000003 0.022250000000000002 0.021425
0 0.1625 0.32875 0.0225 0.0175
0 0.24655000000000002 0.350375 0.020575 0.018275
0 0.35 0.8775 0.0225 0.0175
0 0.56775 0.93475 0.020525 0.020499999999999997
0 0.35125 0.67875 0.02 0.0175
0 0.385 0.6375 0.02 0.0225
0 0.0925 0.25375 0.025 0.0175
0 0.0675 0.275 0.0225 0.0175
0 0.03875 0.16875 0.0175 0.0175
0 0.095 0.1475 0.0225 0.015
0 0.09555 0.21095 0.021124999999999998 0.0219
0 0.21375 0.12875 0.02 0.0225
0 0.24625 0.11625 0.0225 0.02
0 0.246725 0.27855 0.020724999999999997 0.0213
0 0.148025 0.43119999999999997 0.018275 0.018375
0 0.1575 0.4 0.0175 0.015
0 0.2225 0.3975 0.025 0.02
0 0.176525 0.460775 0.019424999999999998 0.021525
0 0.04375 0.3075 0.0175 0.0175
0 0.39344999999999997 0.7659999999999999 0.021349999999999997 0.019475
0 0.42875 0.95375 0.0225 0.02
0 0.40630000000000005 0.8027500000000001 0.018625 0.017775
0 0.577225 0.8028749999999999 0.019450000000000002 0.018275
0 0.46375 0.75125 0.025 0.0225
0 0.58625 0.73375 0.02 0.0175
0 0.60625 0.72875 0.0175 0.0225
0 0.36737499999999995 0.401275 0.02 0.0175
0 0.319125 0.390525 0.017175 0.0172
0 0.314025 0.41009999999999996 0.018574999999999998 0.01795
0 0.3475 0.4975 0.0225 0.015
0 0.41625 0.83125 0.02 0.0175
0 0.44 0.605 0.0225 0.0175
0 0.37542499999999995 0.6632250000000001 0.01915 0.018574999999999998
0 0.43625 0.86625 0.02 0.0225
0 0.1 0.29125 0.0175 0.015
0 0.12 0.2975 0.02 0.015
0 0.446675 0.5442 0.02335 0.021625000000000002
0 0.4693 0.6493000000000001 0.0175 0.02
0 0.4078 0.67735 0.022250000000000002 0.018875
0 0.066925 0.049 0.01885 0.0195
0 0.2075 0.01125 0.025 0.0225
0 0.0125 0.925 0.02 0.0225
0 0.62 0.99125 0.0225 0.0175
0 0.99375 0.0425 0.0125 0.0225
0 0.39 0.55875 0.0175 0.0175
0 0.21170000000000003 0.24887499999999999 0.0209 0.019775
0 0.61205 0.8881999999999999 0.0175 0.02
0 0.594925 0.7888 0.0225 0.0225
0 0.27375 0.31375 0.025 0.0225
0 0.294075 0.43 0.0225 0.0225
0 0.1025 0.07 0.02 0.02
0 0.03625 0.39125 0.0225 0.0225
0 0.06125 0.8725 0.02 0.02
0 0.50375 0.62625 0.0225 0.0225
0 0.80375 0.67375 0.02 0.02
0 0.62 0.99125 0.0225 0.0175
0 0.296175 0.769475 0.017525 0.02
0 0.643475 0.97085 0.02445 0.02445
0 0.07625 0.165 0.02 0.02
0 0.4675 0.16625 0.025 0.025
0 0.09125 0.31375 0.02 0.02
0 0.62625 0.735 0.02 0.02
0 0.065 0.255 0.02 0.02
0 0.0275 0.79375 0.0225 0.0225
0 0.5903499999999999 0.0096 0.0182 0.0192
0 0.44854999999999995 0.10339999999999999 0.017975 0.019299999999999998
0 0.554825 0.2552 0.022174999999999997 0.01755
0 0.9854 0.956675 0.019 0.0187
0 0.015349999999999999 0.265425 0.016425000000000002 0.018349999999999998
0 0.008475 0.22515000000000002 0.016975 0.023525
0 0.35607500000000003 0.6524 0.021075 0.02445
0 0.164025 0.9155249999999999 0.0209 0.0239
0 0.4628 0.8502249999999999 0.014875000000000001 0.0165
0 0.46445000000000003 0.8215250000000001 0.016399999999999998 0.018075
0 0.503925 0.8335750000000001 0.020325000000000003 0.017150000000000002
0 0.52345 0.8704000000000001 0.021875 0.017575
0 0.5325 0.9453499999999999 0.015 0.019275
0 0.551825 0.95155 0.01955 0.018325
0 0.562375 0.9897 0.02475 0.018675
0 0.5668 0.9122 0.019299999999999998 0.0208
0 0.60095 0.9140999999999999 0.023325 0.017475
0 0.5888 0.880975 0.02045 0.020874999999999998
0 0.6369 0.8144499999999999 0.023825 0.018175
0 0.62075 0.991975 0.023624999999999997 0.016075
0 0.0496 0.693725 0.017075 0.016025
0 0.06425 0.68475 0.014375 0.0177
0 0.07515 0.6689499999999999 0.016375 0.020025
0 0.06515 0.7522 0.019575 0.022225
0 0.117075 0.35345 0.023424999999999998 0.021175000000000003
0 0.4031 0.849725 0.017025 0.0209
0 0.425925 0.7172499999999999 0.017925 0.018425
0 0.2673 0.6894 0.01675 0.018075
0 0.26787500000000003 0.762425 0.019675 0.017675
0 0.286025 0.7867000000000001 0.014875000000000001 0.019475
0 0.2658 0.949925 0.0209 0.024849999999999997
0 0.40475 0.75015 0.020225 0.01815
0 0.47442500000000004 0.59935 0.0203 0.021925
0 0.283475 0.5802 0.018775 0.021724999999999998
0 0.407325 0.5260750000000001 0.018225 0.016425000000000002
0 0.430025 0.531 0.01675 0.017375
0 0.30579999999999996 0.49127499999999996 0.022324999999999998 0.021825
0 0.34002499999999997 0.406175 0.023525 0.0159
0 0.367125 0.4227 0.019299999999999998 0.017075
0 0.3589 0.345475 0.019575 0.023075000000000002
0 0.10064999999999999 0.324225 0.018325 0.017625
0 0.194425 0.1032 0.0174 0.0171
0 0.129025 0.23115 0.02235 0.021225
0 0.04665 0.1542 0.018325 0.01735
0 0.507875 0.593275 0.019299999999999998 0.022275
0 0.2762 0.5201 0.016675 0.018799999999999997
0 0.16505 0.427525 0.016325 0.014575
0 0.24184999999999998 0.395325 0.017625 0.021
0 0.25642499999999996 0.40240000000000004 0.017525 0.021974999999999998
0 0.179275 0.075725 0.02105 0.019275
0 0.42137500000000006 0.930575 0.01775 0.0165
0 0.23647500000000002 0.20575 0.0194 0.018625