0 0.14875 0.69875 0.0325 0.025
0 0.1675 0.73375 0.02 0.0325
0 0.05875 0.69625 0.0275 0.0225
0 0.1075 0.7025 0.03 0.0225
0 0.1525 0.7675 0.02 0.0225
0 0.2025 0.71625 0.02 0.025
0 0.235 0.71125 0.0175 0.03
0 0.45375 0.68125 0.03 0.0275
0 0.4725 0.50875 0.0225 0.0225
0 0.12125 0.735 0.0225 0.0225
0 0.0625 0.19625 0.02 0.02
0 0.36625 0.5228 0.02 0.02
0 0.47875 0.54125 0.0225 0.0225
0 0.19437 0.77 0.0225 0.0225
0 0.2134 0.75427 0.017 0.01968
0 0.22567 0.78475 0.0202 0.02608
0 0.5625 0.67 0.0225 0.025
0 0.6625 0.745 0.0225 0.0175
0 0.6025 0.70625 0.0225 0.0225
0 0.53345 0.53105 0.02308 0.0282
0 0.71125 0.63 0.0275 0.02
0 0.73125 0.61 0.0275 0.025
0 0.97625 0.17625 0.02 0.0225
0 0.92375 0.215 0.025 0.0225
