0 0.27135000000000004 0.33885 0.026600000000000002 0.025525000000000003
0 0.20875 0.28625 0.026425 0.028224999999999997
0 0.2966 0.3576 0.023225 0.025525000000000003
0 0.350625 0.42615000000000003 0.0241 0.017675
0 0.45232500000000003 0.47572499999999995 0.023925000000000002 0.02
0 0.5932999999999999 0.52715 0.022324999999999998 0.021425
0 0.6011500000000001 0.545175 0.020525 0.021425
0 0.4125 0.498225 0.021775000000000003 0.017150000000000002
0 0.670725 0.6174000000000001 0.02215 0.025525000000000003
0 0.33215000000000006 0.3759 0.01965 0.01965
0 0.4366 0.69375 0.023225 0.01965
0 0.384375 0.19954999999999998 0.01875 0.01875
0 0.42722499999999997 0.210275 0.020525 0.020525