0 0.355375 0.31620000000000004 0.020175000000000002 0.016825
0 0.26875 0.3125 0.0225 0.02
0 0.39909999999999995 0.38142499999999996 0.024275 0.017849999999999998
0 0.517125 0.446025 0.02275 0.02175
0 0.32625 0.83375 0.025 0.0275
0 0.5325 0.2275 0.025 0.025
0 0.2975 0.45125 0.02 0.0225
0 0.2875 0.62625 0.0175 0.02
0 0.38539999999999996 0.597225 0.023325 0.019424999999999998
0 0.48375 0.63625 0.02 0.02
0 0.395 0.6725 0.025 0.02
0 0.46125 0.67625 0.0225 0.02
0 0.2525 0.505 0.02 0.02
0 0.53875 0.33375 0.025 0.02
0 0.39875 0.32875 0.0225 0.0175
0 0.19375 0.5225 0.02 0.02
0 0.41159999999999997 0.02375 0.0225 0.0225
0 0.2175 0.68375 0.0225 0.02
0 0.38534999999999997 0.13125 0.025 0.0225
0 0.29 0.9725 0.0225 0.02
0 0.77125 0.745 0.025 0.025
0 0.5959 0.1575 0.0225 0.0225
0 0.675 0.25375 0.02 0.02
0 0.43 0.6834 0.0225 0.02
0 0.29625 0.18 0.02 0.02
0 0.40125 0.2475 0.0225 0.0225
0 0.3275 0.62375 0.02 0.02
0 0.4075 0.0625 0.02 0.02
0 0.4775 0.09125 0.02 0.02
0 0.925 0.03465 0.0225 0.0225
0 0.46125 0.64 0.02 0.02
0 0.4525 0.68875 0.0225 0.02
0 0.2225 0.545 0.02 0.02
0 0.82 0.84375 0.02 0.02
0 0.2075 0.51 0.02 0.02
0 0.49 0.05 0.02 0.02
0 0.34625 0.7975 0.02 0.02
0 0.3675 0.5575 0.02 0.02
0 0.41125 0.74125 0.02 0.02
0 0.95875 0.25375 0.0225 0.0225
0 0.40125 0.42625 0.02 0.02
0 0.52 0.31 0.02 0.02
0 0.4425 0.81875 0.02 0.02
0 0.9352750000000001 0.2614 0.020550000000000002 0.01745
0 0.77325 0.526475 0.019725 0.019
0 0.6338 0.207 0.021150000000000002 0.017575
0 0.65155 0.225825 0.018349999999999998 0.017725
0 0.65655 0.13175 0.01845 0.018875
0 0.6662 0.009375 0.023450000000000002 0.01875
0 0.46002499999999996 0.51415 0.02185 0.019375
0 0.26505 0.36552500000000004 0.014025000000000001 0.016774999999999998
0 0.4797 0.6723250000000001 0.01915 0.0179
0 0.19922499999999999 0.466825 0.019875 0.01755
0 0.376 0.443875 0.019875 0.019925
0 0.18405000000000002 0.5125500000000001 0.0163 0.016200000000000003
0 0.46799999999999997 0.036675 0.016375 0.02155
0 0.293225 0.4294 0.0168 0.0177