0 0.20875 0.40625 0.0275 0.0225
0 0.16375 0.37 0.02 0.0175
0 0.0525 0.2875 0.0225 0.0225
0 0.055 0.24 0.0225 0.025
0 0.09375 0.28875 0.015 0.02
0 0.26125 0.3575 0.02 0.02
0 0.35 0.39 0.0175 0.0175
0 0.375 0.3675 0.02 0.0175
0 0.73875 0.4375 0.0275 0.025
0 0.045 0.08875 0.0225 0.025
0 0.2 0.67375 0.02 0.02
0 0.6825 0.1225 0.02 0.02
0 0.83625 0.05875 0.02 0.0175
0 0.1925 0.3725 0.0225 0.015
0 0.91625 0.655 0.02 0.02
0 0.23875 0.4375 0.0225 0.0225
0 0.6775 0.37875 0.025 0.0225
0 0.885 0.52875 0.0225 0.0225
0 0.2225 0.71 0.02 0.02
0 0.905 0.57875 0.02 0.02
0 0.2175 0.78375 0.0225 0.0225
0 0.105 0.30125 0.0225 0.02
0 0.9075 0.2625 0.0225 0.02
0 0.81875 0.07125 0.02 0.02