0 0.66625 0.57 0.025 0.03
0 0.76375 0.53 0.02 0.025
0 0.785 0.53875 0.015 0.015
0 0.8 0.54875 0.0225 0.0225
0 0.7575 0.5025 0.0225 0.02
0 0.74 0.4575 0.0275 0.0275
0 0.9475 0.56625 0.0225 0.0275
0 0.81125 0.53 0.02 0.015
0 0.64875 0.49125 0.02 0.0225
0 0.59875 0.56625 0.02 0.0225
0 0.36375 0.24375 0.0225 0.0225
0 0.3825 0.2375 0.0225 0.0175
0 0.355 0.205 0.0175 0.0175
0 0.2675 0.2725 0.02 0.025
0 0.3575 0.3475 0.0225 0.0175
0 0.315 0.335 0.0175 0.02
0 0.355 0.165 0.02 0.0175
0 0.3275 0.19375 0.015 0.0175
0 0.5825 0.34625 0.0175 0.0225
0 0.88625 0.775 0.0225 0.02
0 0.5275 0.33625 0.02 0.02
0 0.655 0.35625 0.02 0.0225
0 0.21125 0.0775 0.0225 0.0175
0 0.22375 0.16 0.0275 0.0225
0 0.685 0.285 0.015 0.015
0 0.87125 0.37375 0.02 0.0175
0 0.87125 0.9775 0.025 0.025
0 0.83875 0.98625 0.0225 0.0225
0 0.375 0.552225 0.0225 0.0225
0 0.29 0.29875 0.02 0.02
0 0.68875 0.35625 0.02 0.02
0 0.65125 0.7757999999999999 0.0225 0.0225
0 0.39 0.20875 0.0175 0.0175
0 0.55875 0.31 0.02 0.02
0 0.53875 0.35 0.02 0.02
0 0.18125 0.0725 0.0225 0.0225
0 0.83 0.7725 0.02 0.0175
0 0.8075 0.50375 0.02 0.02
0 0.5765250000000001 0.2925 0.02 0.0175
0 0.11625 0.04 0.0225 0.0225