0 0.17375 0.2275 0.025 0.02
0 0.26375 0.3775 0.03 0.0225
0 0.3325 0.2875 0.0175 0.0175
0 0.37 0.26375 0.025 0.03
0 0.285 0.29 0.02 0.0225
0 0.27125 0.3125 0.0175 0.02
0 0.20875 0.44375 0.0225 0.0175
0 0.16 0.48375 0.02 0.025
0 0.09375 0.82 0.025 0.02
0 0.0725 0.79875 0.0225 0.0225
0 0.08 0.77875 0.025 0.0175
0 0.0325 0.9425 0.0225 0.0175
0 0.0625 0.98125 0.0275 0.0225
0 0.40875 0.9225 0.025 0.0225
0 0.3225 0.63125 0.0275 0.0225
0 0.145 0.55 0.0225 0.025
0 0.21375 0.41875 0.025 0.0125
0 0.3775 0.5625 0.025 0.0225
0 0.3275 0.56875 0.025 0.02
0 0.3525 0.6075 0.02 0.0175
0 0.43 0.91875 0.025 0.0225
0 0.3775 0.6475 0.0225 0.0225
0 0.3975 0.5875 0.025 0.0175
0 0.43875 0.38375 0.03 0.0275
0 0.41 0.41625 0.02 0.025
0 0.95375 0.71125 0.0225 0.0275
0 0.965 0.66125 0.03 0.025
0 0.96875 0.63625 0.03 0.0225
0 0.17625 0.3825 0.0225 0.0225
0 0.33875 0.30875 0.0225 0.0225
0 0.31875 0.70125 0.02 0.02
0 0.04905 0.6 0.0225 0.0225
0 0.20625 0.2075 0.02 0.02
0 0.06125 0.49875 0.0225 0.0225
0 0.26125 0.35375 0.025 0.0225
0 0.09625 0.77125 0.0225 0.0225
0 0.23 0.35125 0.02 0.0175
0 0.0825 0.5697 0.025 0.0225
0 0.19375 0.38625 0.02 0.02
0 0.24625 0.2475 0.02 0.02
0 0.255 0.40375 0.02 0.02
0 0.40625 0.94375 0.0225 0.0225
0 0.067675 0.945925 0.025275 0.022975
0 0.093025 0.973575 0.020649999999999998 0.015600000000000001
0 0.084275 0.992575 0.0225 0.014875000000000001
0 0.496975 0.49515 0.021075 0.027549999999999998
0 0.393525 0.442175 0.020649999999999998 0.0239
0 0.355275 0.4682 0.023424999999999998 0.023424999999999998
0 0.1807 0.4546 0.0189 0.030875
0 0.9208750000000001 0.6473 0.027774999999999998 0.027125
0 0.22565000000000002 0.130625 0.026425 0.032275