0 0.1725 0.34 0.02 0.015
0 0.25125 0.24625 0.0175 0.0275
0 0.29875 0.1825 0.02 0.0225
0 0.04375 0.075 0.0175 0.02
0 0.0575 0.09125 0.0175 0.0225
0 0.74875 0.54625 0.02 0.0225
0 0.23125 0.04375 0.02 0.02
0 0.90875 0.47 0.02 0.025
0 0.8475 0.54875 0.015 0.02
0 0.87125 0.56 0.0225 0.0175
0 0.855 0.61 0.0175 0.0225
0 0.6975 0.61375 0.0275 0.02
0 0.82625 0.4075 0.015 0.0175
0 0.23375 0.08125 0.02 0.015
0 0.21375 0.125 0.0325 0.0325
0 0.15875 0.07 0.0275 0.03
0 0.69125 0.4075 0.0175 0.02
0 0.7275 0.42 0.025 0.0225
0 0.0625 0.7825 0.025 0.035
0 0.07 0.83 0.025 0.0325
0 0.17875 0.385 0.0225 0.0225
0 0.00875 0.09875 0.0175 0.0225
0 0.18625 0.13 0.0225 0.025
0 0.89375 0.415 0.02 0.0175
0 0.9925 0.49 0.015 0.0225
0 0.28 0.08375 0.0225 0.0325
0 0.635 0.4325 0.02 0.0175