0 0.16 0.11375 0.025 0.015
0 0.21375 0.12125 0.0275 0.02
0 0.195 0.1125 0.025 0.0175
0 0.19375 0.155 0.0175 0.0175
0 0.20875 0.405 0.025 0.0275
0 0.2025 0.36625 0.0175 0.02
0 0.4225 0.30625 0.0225 0.025
0 0.3575 0.37375 0.02 0.0225
0 0.34375 0.57875 0.025 0.02
0 0.36 0.59625 0.025 0.02
0 0.36875 0.61375 0.0275 0.02
0 0.36625 0.30125 0.02 0.0175
0 0.375 0.27125 0.025 0.02
0 0.4775 0.39875 0.02 0.0225
0 0.1725 0.03375 0.015 0.0175
0 0.3875 0.3275 0.0225 0.02
0 0.35625 0.32875 0.0225 0.02
0 0.4225 0.33875 0.0175 0.0225
0 0.435 0.4025 0.0225 0.02
0 0.46375 0.42 0.0175 0.015
0 0.3575 0.37375 0.02 0.02
0 0.4 0.0275 0.0225 0.0225
0 0.44375 0.26 0.0225 0.0225
0 0.3425 0.40625 0.0225 0.0225
0 0.36875 0.395 0.02 0.02
0 0.39375 0.37375 0.02 0.02
0 0.328575 0.29109999999999997 0.023925000000000002 0.019025
0 0.21 0.30875 0.0225 0.0225
0 0.435 0.13875 0.0225 0.02