0 0.46875 0.86375 0.025 0.025
0 0.1525 0.8525 0.0275 0.0225
0 0.11 0.85625 0.0225 0.0225
0 0.0725 0.8675 0.0225 0.0175
0 0.30625 0.8425 0.0225 0.025
0 0.1075 0.44625 0.0175 0.0175
0 0.1325 0.48375 0.015 0.0225
0 0.3625 0.81625 0.0225 0.0225
0 0.47875 0.12375 0.02 0.0175
0 0.335 0.4275 0.0225 0.02
0 0.15 0.4725 0.0175 0.015
0 0.1125 0.93375 0.02 0.0225
0 0.0725 0.89 0.015 0.015
0 0.04875 0.825 0.0175 0.0225
0 0.38375 0.75125 0.025 0.02
0 0.1875 0.83125 0.0175 0.0225
0 0.20125 0.45875 0.015 0.02
0 0.595 0.88625 0.02 0.02
0 0.2125 0.175 0.0225 0.0225
0 0.18875 0.86 0.0225 0.02
0 0.016875 0.84 0.0275 0.0275
0 0.6475 0.39625 0.025 0.0225
0 0.49375 0.08875 0.025 0.025