0 0.22875 0.1425 0.025 0.025
0 0.43875 0.78625 0.02 0.02
0 0.0675 0.18625 0.0225 0.0225
0 0.2725 0.965 0.02 0.0175
0 0.22625 0.9225 0.02 0.02
0 0.13125 0.04875 0.02 0.02
0 0.47375 0.8775 0.0275 0.025
0 0.29125 0.9775 0.0225 0.02
0 0.15125 0.05125 0.0175 0.02
0 0.13375 0.9775 0.02 0.0175
0 0.385 0.97 0.025 0.0175
0 0.30375 0.95625 0.0175 0.0175
0 0.09125 0.87375 0.0175 0.0175
0 0.22875 0.1425 0.025 0.025
0 0.25 0.91375 0.02 0.02
0 0.465 0.69125 0.0225 0.0225
0 0.14625 0.8775 0.02 0.02
0 0.39875 0.94625 0.02 0.02
0 0.21375 0.10835 0.0225 0.0225
0 0.16875 0.97625 0.0175 0.0175
0 0.13618 0.11345 0.0188 0.01975
0 0.06805 0.04655 0.01823 0.01452
0 0.04578 0.91392 0.01477 0.01712
0 0.05717 0.9037 0.01433 0.01455
0 0.13257 0.90415 0.02048 0.01723
0 0.49152 0.632 0.01698 0.01937
0 0.47355 0.6303 0.01855 0.01593
0 0.06368 0.72908 0.01663 0.01707
0 0.06807 0.71382 0.0165 0.01873
0 0.36175 0.95455 0.01278 0.01802
0 0.37175 0.93785 0.0185 0.01677
0 0.33685 0.92972 0.01298 0.02195
0 0.45248 0.67528 0.01745 0.0166
0 0.26015 0.10615 0.02208 0.0212
0 0.11185 0.17698 0.01655 0.02003
0 0.88125 0.43 0.0275 0.02
0 0.8425 0.3625 0.0225 0.025
0 0.745 0.58125 0.015 0.0175
0 0.88 0.84625 0.0175 0.02
0 0.72875 0.92125 0.0175 0.0175
0 0.82375 0.52125 0.02 0.015
0 0.5575 0.75 0.0225 0.0175
0 0.7325 0.5425 0.0175 0.0175
0 0.77375 0.86125 0.0225 0.0225
0 0.77875 0.33875 0.0225 0.0175
0 0.81625 0.905 0.025 0.0225
0 0.7125 0.62875 0.02 0.0175
0 0.69212 0.87415 0.0181 0.01865
0 0.935 0.85 0.02 0.02
0 0.52625 0.70472 0.02 0.02
0 0.7075 0.06 0.025 0.025
0 0.84482 0.32292 0.0218 0.02085
0 0.90597 0.38975 0.01907 0.02235
0 0.71563 0.56663 0.01698 0.01717
0 0.8662 0.4548 0.0217 0.0221
0 0.88335 0.47883 0.0185 0.02805
0 0.79725 0.50208 0.02127 0.0202
0 0.53333 0.71625 0.01665 0.01748
0 0.57205 0.7302 0.01733 0.0211
0 0.55393 0.70605 0.01498 0.01925
0 0.7661 0.58225 0.016 0.01808
0 0.6818 0.86192 0.0136 0.02025
0 0.75378 0.86405 0.02005 0.02275
0 0.71565 0.92453 0.0188 0.0169
0 0.74695 0.91638 0.0186 0.01488
0 0.89998 0.85323 0.0178 0.02035
0 0.93278 0.83203 0.01912 0.0214
0 0.97697 0.81385 0.01465 0.01878
