0 0.4075 0.75375 0.03 0.025
0 0.45125 0.6825 0.0225 0.0175
0 0.41625 0.6775 0.02 0.015
0 0.475 0.58875 0.015 0.0225
0 0.3125 0.05875 0.0175 0.02
0 0.35 0.05375 0.0175 0.015
0 0.375 0.0425 0.0175 0.025
0 0.3375 0.07625 0.0225 0.02
0 0.32125 0.0875 0.0175 0.015
0 0.3225 0.2825 0.02 0.02
0 0.67125 0.18 0.015 0.0175
0 0.33 0.24625 0.0175 0.0225
0 0.52125 0.6325 0.015 0.02
0 0.4875 0.62125 0.015 0.0225
0 0.52375 0.65125 0.0225 0.02
0 0.44625 0.03125 0.015 0.0175
0 0.56 0.7675 0.02 0.02
0 0.97125 0.25125 0.0225 0.0225
0 0.34875 0.78625 0.0225 0.02
0 0.50375 0.5921500000000001 0.0175 0.0175
0 0.385 0.21625 0.02 0.02