0 0.43625 0.295 0.02 0.02
0 0.40625 0.2825 0.0225 0.025
0 0.33875 0.22875 0.0225 0.02
0 0.4175 0.22375 0.0225 0.02
0 0.35375 0.28875 0.02 0.02
0 0.3225 0.2625 0.0175 0.02
0 0.37 0.2175 0.0225 0.0225
0 0.43375 0.4225 0.0225 0.02
0 0.30375 0.33222 0.025 0.025
0 0.42625 0.45625 0.025 0.025
0 0.32875 0.16375 0.025 0.025
0 0.27875 0.13875 0.0225 0.0225
0 0.4475 0.27375 0.0225 0.0225
0 0.475 0.25875 0.0225 0.0225
0 0.395 0.33875 0.02 0.0175
0 0.4675 0.23875 0.02 0.02
0 0.27468 0.17 0.025 0.025
0 0.32125 0.21 0.0225 0.0225
0 0.2725 0.18125 0.025 0.0275
0 0.41125 0.17875 0.0225 0.0225
0 0.36625 0.41125 0.025 0.025
0 0.9125 0.09125 0.0225 0.0225
0 0.555 0.41 0.0225 0.02
0 0.52875 0.3775 0.02 0.025
0 0.79375 0.03375 0.025 0.0225
0 0.75625 0.3875 0.025 0.025
0 0.535 0.12125 0.025 0.025
0 0.6775 0.16875 0.0225 0.0225
0 0.03 0.75125 0.0225 0.0225
0 0.05 0.6225 0.0275 0.0225
0 0.0625 0.92 0.025 0.02
0 0.16375 0.8125 0.02 0.0225
0 0.20875 0.785 0.025 0.025
0 0.40875 0.53125 0.025 0.025
0 0.15625 0.77875 0.02 0.0175
0 0.465 0.58 0.0225 0.0225
0 0.25375 0.71875 0.0225 0.02
0 0.235 0.90875 0.02 0.02
0 0.12375 0.83125 0.02 0.02
0 0.91 0.68125 0.025 0.02
0 0.91125 0.74625 0.0225 0.025
0 0.96125 0.8275 0.025 0.0175
0 0.9675 0.78 0.025 0.0175
0 0.85875 0.7625 0.02 0.0175
0 0.87 0.77125 0.0275 0.02
0 0.87875 0.77875 0.0175 0.0175
0 0.86 0.8725 0.025 0.02
0 0.82125 0.77625 0.025 0.02
0 0.77 0.8225 0.0225 0.015
0 0.585 0.58625 0.0225 0.0175
0 0.79875 0.9375 0.0225 0.02
0 0.91 0.78125 0.025 0.0175
0 0.8875 0.855 0.0175 0.015
0 0.815 0.965 0.0225 0.02
0 0.82 0.93125 0.0175 0.02
0 0.9525 0.87375 0.0225 0.0175
0 0.95 0.85875 0.025 0.015
0 0.96625 0.9375 0.0225 0.0225
0 0.68625 0.56125 0.0275 0.0275
0 0.85 0.7875 0.0225 0.0225
0 0.745 0.93875 0.02 0.02
0 0.79125 0.6425 0.0225 0.0225
0 0.53875 0.58125 0.025 0.0225
0 0.88375 0.71625 0.02 0.0175
0 0.85 0.83375 0.0225 0.0225
