0 0.5825 0.29625 0.02 0.0225
0 0.59875 0.34 0.02 0.02
0 0.63375 0.34 0.0175 0.02
0 0.52875 0.34375 0.02 0.02
0 0.7625 0.405 0.0225 0.02
0 0.7325 0.40625 0.02 0.02
0 0.75375 0.4375 0.02 0.02
0 0.655 0.47625 0.02 0.0175
0 0.15375 0.26875 0.0275 0.0225
0 0.1975 0.29875 0.03 0.0275
0 0.445 0.4875 0.025 0.025
0 0.51 0.415 0.02 0.0225
0 0.6625 0.32 0.02 0.02
0 0.35875 0.31457 0.0225 0.02
0 0.6525 0.2975 0.02 0.02
0 0.54125 0.38875 0.02 0.02
0 0.45125 0.58125 0.025 0.02
0 0.48875 0.60625 0.02 0.02
0 0.6225 0.75375 0.0225 0.0225
0 0.42875 0.8325 0.025 0.0225
0 0.5975 0.90375 0.02 0.02
0 0.42875 0.8325 0.025 0.0225
0 0.40875 0.57875 0.0225 0.02
0 0.4425 0.69875 0.025 0.0225
0 0.55 0.755 0.0225 0.0225
0 0.485 0.7325 0.0225 0.0225
0 0.6525 0.54875 0.0225 0.0225
0 0.5825 0.68375 0.02 0.02
