0 0.0925 0.06375 0.025 0.02
0 0.045 0.13625 0.0275 0.025
0 0.205 0.2375 0.02 0.025
0 0.07125 0.19875 0.02 0.0275
0 0.035 0.37375 0.02 0.02
0 0.06 0.42875 0.0225 0.025
0 0.0725 0.50625 0.0275 0.02
0 0.08875 0.4875 0.025 0.0175
0 0.11125 0.55875 0.0175 0.02
0 0.08125 0.5525 0.0225 0.0175
0 0.0575 0.58 0.02 0.0225
0 0.1875 0.40625 0.0175 0.0175
0 0.9325 0.87 0.0275 0.025
0 0.92625 0.91625 0.0275 0.02
0 0.915 0.9375 0.0225 0.015
0 0.8225 0.30375 0.025 0.02
0 0.925 0.13375 0.025 0.0225
0 0.9525 0.14 0.02 0.0225
0 0.98125 0.1925 0.03 0.0175
0 0.89375 0.0575 0.02 0.0175
0 0.89625 0.08625 0.0225 0.015
0 0.8975 0.1075 0.02 0.02
0 0.92875 0.0975 0.0225 0.02
0 0.91125 0.11375 0.0225 0.0225
0 0.88375 0.12625 0.0275 0.025
0 0.64 0.0425 0.0225 0.025
0 0.70955 0.0475 0.025 0.025
0 0.885 0.185 0.02 0.02
0 0.855 0.24125 0.0225 0.02
0 0.2075 0.74625 0.02 0.02
0 0.33375 0.6375 0.0225 0.0225
0 0.19875 0.8625 0.0225 0.02
0 0.85625 0.06 0.0225 0.02
0 0.63625 0.0775 0.0225 0.0225
0 0.255 0.457225 0.02 0.0225
0 0.75375 0.2425 0.0225 0.0225
0 0.28 0.65625 0.02 0.02
0 0.60625 0.11375 0.02 0.0175
0 0.82375 0.122225 0.0275 0.0275
0 0.2375 0.37625 0.025 0.025
0 0.03875 0.3025 0.02 0.02
0 0.32125 0.43 0.025 0.025
0 0.89125 0.26375 0.0225 0.02
0 0.5675 0.10375 0.02 0.02
0 0.3775 0.54375 0.0225 0.0225
0 0.605 0.2025 0.02 0.02
0 0.1375 0.21375 0.0225 0.0225
0 0.8275 0.2125 0.0225 0.0225
0 0.0825 0.17015 0.0225 0.02
0 0.04375 0.35375 0.0225 0.02
0 0.3025 0.63625 0.02 0.02
0 0.185 0.20125 0.02 0.02
0 0.25 0.755 0.025 0.025
0 0.2125 0.95625 0.025 0.025
0 0.24 0.7925 0.0225 0.0225
0 0.32 0.70125 0.02 0.0175
0 0.18 0.37125 0.0225 0.02
0 0.02625 0.6675 0.02 0.02
0 0.1225 0.255 0.0225 0.02
0 0.24875 0.59875 0.0225 0.0225
0 0.97875 0.895 0.0225 0.0225