0 0.195 0.88125 0.025 0.0225
0 0.21375 0.78625 0.0225 0.0175
0 0.1895 0.7273 0.01852 0.0196
0 0.3 0.7675 0.0225 0.02
0 0.40875 0.7525 0.0175 0.0225
0 0.42375 0.74875 0.0175 0.025
0 0.41 0.83 0.0225 0.0225
0 0.2375 0.8 0.0225 0.0225
0 0.705 0.31125 0.02 0.015
0 0.755 0.48625 0.0225 0.0225
0 0.79078 0.42 0.0225 0.0225
0 0.80625 0.4875 0.02 0.02
0 0.72125 0.1975 0.025 0.0225
0 0.6775 0.88 0.025 0.025
0 0.9175 0.4875 0.025 0.0225
0 0.85125 0.17125 0.02 0.0175
0 0.75 0.42375 0.0225 0.02
0 0.53375 0.96125 0.025 0.025
0 0.72328 0.49375 0.0225 0.02
0 0.71125 0.29125 0.02 0.02
0 0.82875 0.08125 0.02 0.02
0 0.8575 0.4575 0.02 0.02
0 0.81125 0.68625 0.025 0.025
0 0.91 0.0675 0.025 0.025
0 0.91 0.195 0.0225 0.02
0 0.7375 0.35125 0.0225 0.0225
0 0.81355 0.89595 0.03112 0.02558
0 0.8444 0.8471 0.02877 0.0279
0 0.8909 0.45105 0.02645 0.0233
0 0.6261 0.93455 0.03122 0.02
0 0.67133 0.2967 0.02937 0.02478
0 0.82585 0.44057 0.023 0.03515
0 0.89155 0.40427 0.02902 0.02138
