0 0.6945 0.09747 0.019 0.02322
0 0.7675 0.225 0.0225 0.02
0 0.91182 0.18625 0.02115 0.0239
0 0.94063 0.21142 0.02332 0.01895
0 0.84375 0.06375 0.02 0.0175
0 0.72403 0.1261 0.02533 0.02697
0 0.895 0.4375 0.0175 0.015
0 0.85088 0.24487 0.02227 0.01525
0 0.94625 0.1225 0.0175 0.015
0 0.73375 0.015 0.0175 0.0125
0 0.75 0.02875 0.02 0.0175
0 0.73125 0.0525 0.02 0.02
0 0.94303 0.18915 0.0206 0.01862
0 0.955 0.15625 0.02 0.0175
0 0.8125 0.17375 0.02 0.02
0 0.97465 0.28287 0.01893 0.0193
0 0.80297 0.02608 0.01485 0.0182
0 0.865 0.03365 0.01392 0.01553
0 0.86298 0.04833 0.0169 0.01405
0 0.79075 0.16255 0.0172 0.0251
0 0.87625 0.785 0.0275 0.025
0 0.8675 0.92125 0.02 0.0225
0 0.91375 0.575 0.0175 0.0225
0 0.91375 0.8775 0.025 0.0175
0 0.91125 0.68625 0.02 0.0175
0 0.36 0.685 0.0225 0.02
0 0.2975 0.54625 0.0175 0.015
0 0.87875 0.86875 0.0225 0.015
0 0.7525 0.855 0.02 0.02
0 0.7779 0.66875 0.02 0.02
0 0.8975 0.5925 0.02 0.02
0 0.31493 0.5713 0.01735 0.02118
0 0.36047 0.57698 0.01918 0.02003
0 0.82703 0.83642 0.02908 0.0193
0 0.7885 0.55263 0.02163 0.01953
0 0.80205 0.52775 0.0184 0.01978
