0 0.03 0.83875 0.02 0.02
0 0.07875 0.79125 0.02 0.0175
0 0.06 0.8 0.025 0.02
0 0.4275 0.36875 0.03 0.0175
0 0.06375 0.87125 0.0225 0.0175
0 0.12375 0.87875 0.015 0.015
0 0.3475 0.1075 0.02 0.0275
0 0.035 0.97375 0.0175 0.0225
0 0.30375 0.355 0.0225 0.0225
0 0.1375 0.5775 0.0225 0.02
0 0.41375 0.07125 0.0175 0.0225
0 0.765 0.81375 0.025 0.025
0 0.74375 0.84375 0.025 0.025
0 0.61875 0.1525 0.02 0.0225
0 0.80875 0.92875 0.015 0.0175
0 0.62875 0.925 0.0225 0.015
0 0.62125 0.96125 0.0225 0.02
0 0.7525 0.9475 0.02 0.015
0 0.69 0.3925 0.02 0.02
0 0.55375 0.03 0.0175 0.025
