0 0.565 0.135 0.03 0.02
0 0.7 0.14 0.0275 0.02
0 0.58375 0.05875 0.025 0.0225
0 0.815 0.11625 0.02 0.0175
0 0.535 0.45 0.0175 0.02
0 0.63875 0.06 0.02 0.0175
0 0.17 0.96125 0.0175 0.02
0 0.24 0.92875 0.0225 0.0225
0 0.25375 0.89875 0.0175 0.02
0 0.21625 0.87125 0.02 0.0175
0 0.0275 0.93125 0.025 0.0275
0 0.4775 0.5125 0.025 0.02
0 0.31625 0.925 0.0225 0.02
0 0.4325 0.93375 0.025 0.02
0 0.31625 0.69 0.02 0.02
0 0.355 0.5875 0.0175 0.015
0 0.405 0.85625 0.02 0.02
0 0.4725 0.97125 0.02 0.02
0 0.35375 0.7625 0.0225 0.0225
0 0.40713 0.8075 0.0175 0.0175
0 0.54375 0.83375 0.025 0.025
0 0.55375 0.67375 0.0225 0.0225
0 0.56125 0.7425 0.0225 0.0175
0 0.57625 0.82347 0.0225 0.0225
0 0.5225 0.67875 0.025 0.0225
0 0.56625 0.78 0.02 0.02
0 0.53625 0.8725 0.02 0.02
