0 0.3525 0.23875 0.03 0.0225
0 0.28625 0.11625 0.025 0.0225
0 0.35125 0.1525 0.0275 0.015
0 0.0775 0.28125 0.025 0.02
0 0.26375 0.1 0.025 0.02
0 0.2167 0.33445 0.02087 0.02643
0 0.57 0.235 0.0175 0.02
0 0.675 0.22875 0.0175 0.02
0 0.4625 0.04125 0.02 0.0225
0 0.27125 0.03875 0.025 0.0225
0 0.4725 0.30875 0.0175 0.0175
0 0.455 0.31 0.02 0.02
0 0.06 0.15375 0.025 0.0225
0 0.1125 0.12 0.025 0.025
0 0.5075 0.2875 0.0225 0.0225
0 0.4825 0.145 0.02 0.02
0 0.925 0.8525 0.02 0.0225
0 0.94375 0.73125 0.02 0.0225
0 0.505 0.94125 0.02 0.0175
0 0.91375 0.8825 0.0225 0.0225
