0 0.53875 0.57375 0.02 0.015
0 0.65125 0.465 0.02 0.02
0 0.70375 0.51125 0.025 0.0175
0 0.7275 0.495 0.0175 0.0225
0 0.83 0.3675 0.02 0.0175
0 0.4925 0.35 0.0225 0.02
0 0.47 0.2925 0.0225 0.02
0 0.37375 0.71125 0.0175 0.0175
0 0.34125 0.7175499999999999 0.025 0.020075
0 0.38875 0.58625 0.025 0.0225
0 0.6875 0.5 0.0175 0.015
0 0.31375 0.37625 0.0225 0.02
0 0.10875 0.6625 0.0175 0.015
0 0.70875 0.44 0.025 0.0175
0 0.577125 0.4642 0.02175 0.019074999999999998
0 0.3575 0.465 0.025 0.0175
0 0.28 0.34875 0.0225 0.02
0 0.00875 0.9275 0.0175 0.0175
0 0.03125 0.92625 0.0175 0.0225
0 0.1092 0.027625 0.023424999999999998 0.02725
0 0.3975 0.72125 0.025 0.0225
0 0.5725 0.4975 0.0225 0.02
0 0.09125 0.67625 0.02 0.02
0 0.6225 0.47125 0.0175 0.0175
0 0.26375 0.91625 0.0225 0.0225
0 0.4925 0.35 0.02 0.02
0 0.0575 0.6 0.02 0.02
0 0.06 0.89 0.0225 0.02
0 0.1725 0.45375 0.0225 0.0225
0 0.1275 0.68375 0.02 0.02
0 0.8275 0.56625 0.02 0.0175
0 0.047275 0.9164249999999999 0.017925 0.020325000000000003
0 0.029674999999999997 0.886775 0.0165 0.019975
0 0.017124999999999998 0.6778 0.0207 0.02155
0 0.116975 0.499925 0.017875000000000002 0.019475
0 0.023450000000000002 0.535075 0.016525 0.02015
0 0.230225 0.389 0.021175000000000003 0.01905
0 0.12585000000000002 0.614575 0.0178 0.016675
0 0.217375 0.7801 0.022275 0.01915
0 0.237375 0.7324250000000001 0.0176 0.022000000000000002
0 0.50485 0.516525 0.01685 0.020550000000000002
0 0.281075 0.370225 0.0175 0.016675
0 0.39555 0.323875 0.0161 0.0174
0 0.48515 0.60915 0.011375 0.014724999999999999
0 0.497575 0.560125 0.016575 0.016675
0 0.41245 0.6219 0.012424999999999999 0.0206
0 0.2816 0.869475 0.015 0.015725
0 0.25405 0.9588249999999999 0.017025 0.014074999999999999
0 0.26785 0.9503 0.01605 0.018475
0 0.07367499999999999 0.6256499999999999 0.0152 0.019175
0 0.207075 0.48295 0.0195 0.0159
0 0.59515 0.26932500000000004 0.018875 0.019025
0 0.41625 0.6516 0.0182 0.015674999999999998
0 0.11872500000000001 0.63 0.016 0.015375000000000002
0 0.0751 0.648575 0.016274999999999998 0.016774999999999998
0 0.6119749999999999 0.4932 0.018625 0.016725
0 0.911275 0.5503750000000001 0.0172 0.0168
0 0.9583499999999999 0.603875 0.00065 0.000575