0 0.1375 0.4825 0.025 0.0275
0 0.08125 0.2 0.03 0.0225
0 0.0275 0.21625 0.0175 0.02
0 0.1025 0.36375 0.0275 0.0175
0 0.1525 0.37125 0.02 0.0225
0 0.4025 0.35375 0.025 0.0175
0 0.39625 0.33625 0.02 0.0175
0 0.4775 0.27375 0.0225 0.02
0 0.20375 0.415 0.0225 0.025
0 0.29 0.2325 0.025 0.02
0 0.4025 0.1625 0.02 0.02
0 0.16875 0.34375 0.0225 0.02
0 0.12625 0.31 0.02 0.02
0 0.11375 0.38 0.02 0.02
0 0.23 0.26125 0.0225 0.0225
0 0.02875 0.3025 0.0225 0.0225
0 0.33875 0.24125 0.0225 0.0225
0 0.4375 0.29125 0.0225 0.0225
0 0.14375 0.33 0.02 0.02
0 0.0275 0.4625 0.02 0.02
0 0.4519 0.31772 0.02898 0.02148
0 0.26848 0.29005 0.0303 0.02478
0 0.3744 0.21067 0.01533 0.02317
0 0.26927 0.32248 0.0238 0.02908
0 0.16927 0.37615 0.0176 0.01712
0 0.18453 0.46285 0.02127 0.02027
0 0.05068 0.4719 0.01528 0.02072
0 0.0727 0.39073 0.01847 0.01798
0 0.3589 0.14772 0.02105 0.02638
0 0.42368 0.10487 0.01572 0.01965
0 0.9225 0.2825 0.0225 0.02
0 0.905 0.4 0.02 0.02
0 0.8775 0.3425 0.0225 0.02
0 0.52625 0.13 0.02 0.02
0 0.875 0.45 0.0225 0.02
0 0.5275 0.2425 0.02 0.02
0 0.53375 0.29875 0.0175 0.0175
0 0.8825 0.2775 0.02 0.02
0 0.89375 0.33125 0.02 0.02
0 0.86125 0.47 0.0225 0.0225
0 0.85875 0.2975 0.02 0.02
0 0.92625 0.30875 0.0225 0.0225
0 0.90125 0.4275 0.02 0.02
0 0.95587 0.23005 0.0212 0.02467
0 0.52558 0.37412 0.01512 0.02183
0 0.0425 0.605 0.0225 0.0175
0 0.12625 0.5275 0.0225 0.02
0 0.155 0.56 0.0275 0.02
0 0.395 0.63625 0.02 0.0275
0 0.255 0.79625 0.02 0.02
0 0.28625 0.7825 0.02 0.02
0 0.15 0.95 0.0225 0.0225
0 0.3275 0.775 0.0225 0.02
0 0.35 0.68375 0.02 0.02
0 0.61125 0.6775 0.0225 0.02
0 0.62 0.62875 0.02 0.02
0 0.51125 0.68875 0.02 0.0225
0 0.51875 0.67125 0.015 0.0175
0 0.64125 0.64375 0.025 0.025
0 0.55125 0.6975 0.0225 0.0225
0 0.55875 0.64 0.0225 0.02
0 0.53855 0.66927 0.01895 0.02053
0 0.53182 0.6861 0.01907 0.0179
0 0.72253 0.63305 0.02095 0.02638
0 0.6889 0.65557 0.01808 0.01957
0 0.56657 0.67337 0.02795 0.02335
