0 0.47035 0.17295 0.02142 0.02125
0 0.3099 0.0983 0.02053 0.01733
0 0.2759 0.1392 0.02142 0.0191
0 0.2 0.095 0.0225 0.0225
0 0.22723 0.53215 0.02053 0.01965
0 0.46472 0.33972 0.01875 0.01698
0 0.4625 0.35847 0.01965 0.01698
0 0.88625 0.215 0.0225 0.025
0 0.94875 0.21875 0.0225 0.025
0 0.83 0.48125 0.025 0.0275
0 0.8525 0.51375 0.0275 0.03
0 0.87875 0.12875 0.0225 0.025
0 0.5975 0.2275 0.0225 0.0225
0 0.64295 0.2158 0.02803 0.0191
0 0.8225 0.21125 0.025 0.025
0 0.83653 0.5284 0.02375 0.02215
0 0.8975 0.1625 0.0275 0.0275
0 0.795 0.39625 0.0275 0.025
0 0.94778 0.24108 0.01875 0.01785
0 0.72545 0.8567 0.01875 0.02053
0 0.71027 0.83573 0.01698 0.01785
0 0.6701 0.80535 0.02232 0.01607
