0 0.77 0.4875 0.0225 0.0225
0 0.9075 0.425 0.0275 0.0225
0 0.85625 0.43375 0.02 0.0225
0 0.05375 0.37375 0.02 0.02
0 0.11875 0.43875 0.0225 0.0225
0 0.08 0.39 0.02 0.0175
0 0.15875 0.385 0.0175 0.02
0 0.2675 0.46875 0.025 0.025
0 0.88125 0.32125 0.0225 0.0225
0 0.4775 0.1725 0.02 0.02
0 0.2925 0.39625 0.0225 0.02
0 0.91875 0.3475 0.02 0.02
0 0.785 0.1375 0.025 0.025
0 0.35 0.42125 0.02 0.02
0 0.87875 0.34125 0.0225 0.0225
0 0.94875 0.355 0.02 0.02
0 0.8775 0.41125 0.02 0.02
0 0.36625 0.205 0.02 0.02
0 0.7475 0.09708 0.0225 0.0225
0 0.2525 0.54125 0.02 0.025
0 0.4475 0.6 0.025 0.0225
0 0.52625 0.6025 0.02 0.0175
0 0.7925 0.605 0.03 0.0275
0 0.78625 0.7475 0.0225 0.025
0 0.4625 0.73625 0.0325 0.0275
0 0.6525 0.90625 0.0225 0.0175
0 0.6325 0.9475 0.025 0.02
0 0.66625 0.955 0.0275 0.0175
0 0.89 0.93625 0.0225 0.0175
0 0.90125 0.90125 0.02 0.02
0 0.93125 0.89375 0.0225 0.02
0 0.74875 0.7025 0.025 0.025
0 0.78875 0.79625 0.025 0.025
0 0.82875 0.92625 0.0225 0.0225
0 0.4672 0.64875 0.02 0.02
0 0.49 0.65625 0.0225 0.02
0 0.8975 0.71375 0.0225 0.0225
0 0.53875 0.62875 0.025 0.02
