0 0.09875 0.43375 0.025 0.0225
0 0.27375 0.3925 0.02 0.02
0 0.32875 0.3275 0.02 0.0175
0 0.4625 0.43125 0.0225 0.0175
0 0.26375 0.12625 0.02 0.0225
0 0.38375 0.4125 0.025 0.0225
0 0.34525 0.41722 0.0205 0.02195
0 0.42265 0.09527 0.02027 0.01698
0 0.47618 0.28802 0.0243 0.0249
0 0.2675 0.09 0.0225 0.0175
0 0.41 0.3975 0.015 0.0175
0 0.27 0.15125 0.02 0.0225
0 0.3175 0.35125 0.0175 0.0175
0 0.165 0.41125 0.0225 0.0225
0 0.19 0.39 0.02 0.0175
0 0.14625 0.315 0.0175 0.0175
0 0.017 0.46657 0.01613 0.02243
0 0.40025 0.4241 0.0227 0.0143
0 0.43035 0.29575 0.01783 0.0201
0 0.18865 0.40855 0.01915 0.01862
0 0.40922 0.48675 0.02203 0.01638
0 0.26257 0.48562 0.02158 0.01947
0 0.27592 0.06258 0.01972 0.018
0 0.41213 0.04468 0.0171 0.01792
0 0.21353 0.40845 0.01758 0.01525
0 0.70125 0.32125 0.0225 0.0225
0 0.71625 0.27125 0.02 0.02
0 0.70692 0.2988 0.0195 0.02115
0 0.6225 0.1575 0.02 0.02
0 0.6865 0.21485 0.022 0.02223
0 0.66 0.08 0.0225 0.0225
0 0.77775 0.2812 0.02158 0.01955
0 0.62415 0.04928 0.01792 0.0218
0 0.70985 0.2157 0.016 0.01325
0 0.41 0.92375 0.0175 0.015
0 0.40625 0.84875 0.0175 0.0125
0 0.4475 0.75625 0.025 0.0175
0 0.4625 0.68 0.0175 0.0225
0 0.48875 0.70375 0.0175 0.0175
0 0.035 0.615 0.015 0.0175
0 0.48625 0.9425 0.0175 0.02
0 0.39625 0.8825 0.0225 0.02
0 0.47567 0.89827 0.01562 0.0162
0 0.4942 0.85748 0.0116 0.0203
0 0.48972 0.728 0.02053 0.02208
0 0.59 0.73875 0.0225 0.015
0 0.73125 0.55125 0.025 0.0225
0 0.60875 0.835 0.02 0.02
0 0.8225 0.7425 0.0225 0.0175
0 0.5775 0.91 0.0225 0.0225
0 0.555 0.68125 0.0225 0.0225
0 0.545 0.65375 0.0225 0.0225
0 0.6125 0.90125 0.0225 0.02
0 0.5275 0.87625 0.02 0.0175
0 0.6175 0.7975 0.02 0.02
0 0.55625 0.71125 0.02 0.02
0 0.52375 0.8375 0.02 0.0175
0 0.6491 0.82875 0.02 0.02
0 0.82278 0.75828 0.0241 0.0156
0 0.5122 0.78387 0.01845 0.01978
0 0.5105 0.6419 0.02007 0.01978
0 0.524 0.65295 0.01762 0.01907
