0 0.1675 0.07625 0.0225 0.02
0 0.02125 0.30125 0.02 0.02
0 0.21125 0.17375 0.0225 0.0225
0 0.02375 0.38 0.02 0.02
0 0.115 0.20625 0.0275 0.025
0 0.07875 0.13 0.025 0.0225
0 0.18125 0.11375 0.0225 0.02
0 0.19625 0.2375 0.0225 0.0225
0 0.05625 0.35125 0.02 0.02
0 0.0525 0.3175 0.02 0.02
0 0.0425 0.0325 0.02 0.02
0 0.08875 0.28125 0.02 0.02
0 0.02375 0.2 0.02 0.02
0 0.05 0.13375 0.02 0.02
0 0.395 0.34375 0.02 0.0175
0 0.0375 0.435 0.025 0.025
0 0.05 0.37875 0.02 0.02
0 0.10625 0.39875 0.02 0.02
0 0.45875 0.395 0.02 0.0175
0 0.20375 0.20375 0.0225 0.02
0 0.08625 0.17125 0.02 0.0175
0 0.025 0.40375 0.02 0.02
0 0.12125 0.0525 0.0225 0.02
0 0.19972 0.0475 0.02553 0.0225
0 0.22125 0.03523 0.01883 0.03513
0 0.09975 0.05458 0.02022 0.01953
0 0.06343 0.06617 0.02227 0.02368
0 0.1639 0.21315 0.02902 0.01617
0 0.15132 0.22775 0.03107 0.02227
0 0.0483 0.1863 0.02223 0.0178
0 0.1602 0.02897 0.0156 0.0216
0 0.17895 0.023 0.0205 0.02053
0 0.81375 0.48625 0.02 0.0175
0 0.80875 0.265 0.02 0.015
0 0.88625 0.31625 0.0175 0.0175
0 0.89375 0.03625 0.025 0.0225
0 0.7575 0.3125 0.025 0.0225
0 0.83875 0.0375 0.0225 0.0225
0 0.29 0.605 0.0225 0.0175
0 0.2475 0.77125 0.0225 0.0175
0 0.13875 0.95125 0.0225 0.0225
0 0.035 0.79125 0.02 0.0225
0 0.2925 0.53 0.0225 0.0225
0 0.02625 0.91 0.025 0.025
0 0.43 0.625 0.02 0.0175
0 0.2425 0.635 0.02 0.0175
0 0.10375 0.86875 0.0175 0.0175
0 0.42375 0.95625 0.02 0.02
0 0.0965 0.91478 0.02487 0.02678
0 0.83 0.54625 0.025 0.0175
0 0.86375 0.6475 0.025 0.0175
0 0.89 0.605 0.0225 0.0175
0 0.7975 0.575 0.0225 0.0175
0 0.80125 0.595 0.0175 0.015
0 0.895 0.50875 0.0175 0.015
0 0.8175 0.7525 0.0175 0.0175
0 0.8575 0.835 0.025 0.0225
0 0.7225 0.7975 0.02 0.02
0 0.8375 0.74625 0.0225 0.02
0 0.86375 0.80625 0.0275 0.0275
0 0.8825 0.73625 0.025 0.0225
0 0.86663 0.60475 0.02438 0.02662
