0 0.04875 0.785 0.0225 0.02
0 0.2975 0.89875 0.02 0.015
0 0.3775 0.6775 0.02 0.015
0 0.085 0.71625 0.015 0.02
0 0.06625 0.58875 0.0225 0.02
0 0.1925 0.43625 0.0225 0.0175
0 0.4 0.37 0.02 0.02
0 0.1475 0.3575 0.02 0.02
0 0.2225 0.60847 0.0182 0.0187
0 0.24423 0.56388 0.01705 0.01885
0 0.1256 0.6654 0.01905 0.01827
0 0.46145 0.27742 0.01752 0.01915
0 0.39948 0.231 0.02217 0.01738
0 0.4168 0.19247 0.01933 0.0153
0 0.1197 0.32685 0.01617 0.01617
0 0.10345 0.30945 0.0194 0.01535
0 0.78875 0.86 0.0225 0.0175
0 0.69125 0.15125 0.0175 0.0175
0 0.6475 0.17375 0.0225 0.0225
0 0.86625 0.7275 0.0225 0.0225
