0 0.66 0.54375 0.03 0.0225
0 0.85 0.7075 0.025 0.0225
0 0.86 0.6625 0.0225 0.03
0 0.7075 0.52625 0.02 0.025
0 0.47875 0.79875 0.0275 0.025
0 0.3325 0.6825 0.025 0.02
0 0.115 0.90875 0.0275 0.0275
0 0.5225 0.705 0.0275 0.0225
0 0.9125 0.745 0.025 0.025
0 0.83 0.80875 0.0225 0.025
0 0.8475 0.79 0.02 0.0225
0 0.95 0.8375 0.03 0.0275
0 0.72875 0.595 0.02 0.025
0 0.04875 0.95875 0.0225 0.0175
0 0.18 0.85375 0.0225 0.015
0 0.495 0.62375 0.025 0.0275
0 0.175 0.87125 0.02 0.0175
0 0.11875 0.85375 0.0225 0.0275
0 0.3675 0.57125 0.025 0.0225
0 0.82875 0.6075 0.0225 0.0225
0 0.205 0.985 0.02 0.0175
0 0.1775 0.9925 0.0225 0.015
0 0.155 0.8975 0.025 0.025
0 0.9125 0.60375 0.0175 0.0225
0 0.9875 0.63875 0.0175 0.015
0 0.41 0.5675 0.015 0.025
0 0.38625 0.595 0.0275 0.0275
0 0.2775 0.6275 0.0175 0.0225
0 0.1675 0.79875 0.02 0.02
0 0.73375 0.96125 0.02 0.02
0 0.22125 0.94875 0.025 0.025
0 0.325 0.5425 0.0225 0.0225