0 0.73 0.27375 0.0225 0.0175
0 0.97625 0.24625 0.025 0.0225
0 0.6825 0.395 0.0275 0.0225
0 0.80875 0.37125 0.02 0.0225
0 0.8275 0.38375 0.0225 0.02
0 0.385 0.63 0.0225 0.0275
0 0.45125 0.575 0.0225 0.0225
0 0.48875 0.575 0.015 0.0175
0 0.96 0.85625 0.02 0.02
0 0.72875 0.39625 0.0225 0.0275
0 0.67875 0.2725 0.025 0.02
0 0.48125 0.92375 0.0225 0.0225
0 0.9175 0.44375 0.0225 0.02
0 0.16875 0.9625 0.025 0.025
0 0.75 0.45 0.02 0.02
0 0.78125 0.3625 0.0225 0.0225
0 0.79375 0.38125 0.02 0.02
0 0.7125 0.37 0.0225 0.025
0 0.49625 0.8625 0.02 0.0175
0 0.08 0.91 0.0225 0.0225
0 0.18375 0.8525 0.0225 0.0225
0 0.72125 0.58875 0.025 0.0225
0 0.22857500000000003 0.9576 0.025 0.022324999999999998
0 0.48572499999999996 0.553125 0.021425 0.015175000000000001
0 0.78795 0.23795000000000002 0.01875 0.020525
0 0.808025 0.23302499999999998 0.017849999999999998 0.025
0 0.772775 0.452225 0.01875 0.01875
0 0.17364999999999997 0.8763500000000001 0.020525 0.022324999999999998
0 0.933025 0.88215 0.017849999999999998 0.017849999999999998
0 0.93215 0.85045 0.01965 0.020525