0 0.4675 0.7825 0.0225 0.02
0 0.3825 0.15375 0.02 0.0175
0 0.37 0.14125 0.0175 0.015
0 0.34875 0.09875 0.025 0.02
0 0.45375 0.6375 0.025 0.0225
0 0.435 0.16375 0.0225 0.0225
0 0.31875 0.1675 0.0225 0.0225
0 0.38875 0.115 0.0225 0.02
0 0.29125 0.56 0.025 0.0225
0 0.465 0.59 0.0225 0.0225
0 0.32125 0.11625 0.0275 0.0275
0 0.4315 0.2552 0.034 0.02623
0 0.60875 0.025 0.0225 0.02
0 0.57375 0.54125 0.0175 0.0175
0 0.5625 0.595 0.0175 0.02
0 0.6275 0.79 0.02 0.0175
0 0.87875 0.755 0.02 0.0225
0 0.8225 0.76 0.02 0.0225
0 0.9075 0.79375 0.02 0.02
0 0.735 0.19125 0.0225 0.0175
0 0.67625 0.645 0.025 0.0225
0 0.85625 0.73375 0.0225 0.0225
0 0.73625 0.76875 0.0175 0.0175
0 0.94875 0.8475 0.0225 0.02
0 0.57875 0.5675 0.02 0.0175
0 0.55 0.105 0.0225 0.0225
0 0.59625 0.78875 0.02 0.02
0 0.5675 0.1025 0.0225 0.0225
0 0.55375 0.04375 0.025 0.025
0 0.8775 0.7275 0.02 0.02
0 0.8386 0.80988 0.02312 0.02737
0 0.6082 0.63448 0.02902 0.02825
0 0.69365 0.78543 0.02728 0.02797
0 0.5964 0.53617 0.02652 0.02325
0 0.53105 0.07685 0.0253 0.02353
