0 0.35332500000000006 0.288625 0.024975 0.022875
0 0.33625 0.26375 0.025 0.0225
0 0.428875 0.3618 0.02145 0.022400000000000003
0 0.767825 0.225325 0.021675 0.02235
0 0.35715 0.36095 0.02215 0.024925000000000003
0 0.43119999999999997 0.34090000000000004 0.020925 0.022475000000000002
0 0.32232500000000003 0.187025 0.022875 0.020925
0 0.6665000000000001 0.31345 0.0175 0.02
0 0.5875 0.36125 0.025 0.0175
0 0.32125 0.29375 0.025 0.0225
0 0.35 0.0225 0.02 0.02
0 0.85125 0.09 0.02 0.0225
0 0.98875 0.0475 0.02 0.0225
0 0.4175 0.33375 0.02 0.02
0 0.404125 0.350675 0.02255 0.017425
0 0.36625 0.012199999999999999 0.017475 0.017275
0 0.241325 0.5504 0.02015 0.01865
0 0.549725 0.215425 0.0173 0.01655
0 0.573875 0.19625 0.017375 0.01395
0 0.555325 0.2291 0.018500000000000003 0.015
0 0.5777 0.24072500000000002 0.017825 0.017175
0 0.60685 0.18719999999999998 0.0155 0.017275
0 0.6677249999999999 0.38020000000000004 0.0176 0.019325000000000002