0 0.43625 0.0725 0.0175 0.0175
0 0.36375 0.16625 0.0275 0.02
0 0.49125 0.0775 0.0175 0.0175
0 0.22875 0.3325 0.025 0.02
0 0.4275 0.125 0.0225 0.025
0 0.21875 0.0525 0.02 0.02
0 0.255 0.04 0.015 0.02
0 0.35875 0.3625 0.0325 0.0325
0 0.3 0.2625 0.0225 0.0225
0 0.3175 0.28625 0.0225 0.0225
0 0.35625 0.135 0.0225 0.0225
0 0.32 0.1275 0.0225 0.0225
0 0.325 0.1475 0.0225 0.0225
0 0.42875 0.0325 0.0225 0.0225
0 0.47125 0.135 0.02 0.02
0 0.3622 0.1977 0.02132 0.02125
0 0.51375 0.04875 0.0225 0.0225
0 0.6025 0.0475 0.0225 0.0175
0 0.5175 0.10625 0.0225 0.0225
0 0.5575 0.13125 0.0225 0.015
0 0.77 0.34875 0.0275 0.02
0 0.78 0.37375 0.02 0.0175
0 0.64875 0.47625 0.0275 0.0225
0 0.94875 0.465 0.025 0.0225
0 0.88625 0.155 0.0225 0.0225
0 0.62625 0.10875 0.0225 0.02
0 0.71415 0.27243 0.03578 0.02235
0 0.56713 0.11513 0.02417 0.02643
0 0.85145 0.4237 0.0319 0.02485
0 0.69758 0.33225 0.02415 0.02165
0 0.4875 0.63 0.025 0.0225
0 0.46625 0.5725 0.0225 0.0225
0 0.54125 0.64375 0.0175 0.0225
0 0.59 0.59 0.02 0.0175
0 0.76375 0.58375 0.025 0.02
0 0.75875 0.77625 0.0225 0.02
0 0.71875 0.76125 0.0175 0.02
0 0.93125 0.665 0.02 0.0225
0 0.81125 0.7275 0.0225 0.0175
0 0.85625 0.645 0.02 0.02
0 0.87625 0.5875 0.0275 0.0275
0 0.76625 0.7125 0.0225 0.0225
0 0.7825 0.8475 0.03 0.03
0 0.9175 0.64375 0.0225 0.0225
0 0.63125 0.59625 0.0225 0.02
0 0.915 0.565 0.0225 0.0225
0 0.55125 0.51875 0.025 0.0225
0 0.61125 0.71625 0.02 0.02
0 0.72125 0.72875 0.0225 0.0225
0 0.82625 0.5475 0.02 0.02
0 0.81 0.59125 0.02 0.02
0 0.82875 0.61375 0.02 0.02
0 0.61875 0.51875 0.0275 0.0275
0 0.835 0.5725 0.0225 0.0225
0 0.95222 0.94873 0.02567 0.0202
0 0.5745 0.54372 0.02082 0.02187
0 0.74715 0.74558 0.01972 0.02283
0 0.71163 0.571 0.0223 0.02335
0 0.59928 0.61607 0.0198 0.01773
0 0.81248 0.55955 0.0182 0.02285
0 0.9664 0.73542 0.0164 0.01923
