0 0.2775 0.28 0.0275 0.02
0 0.20125 0.305 0.03 0.0225
0 0.57 0.4875 0.025 0.03
0 0.6075 0.6825 0.02 0.0275
0 0.535 0.7575 0.02 0.02
0 0.54875 0.74375 0.0175 0.0225
0 0.60125 0.42625 0.02 0.0275
0 0.73125 0.52375 0.03 0.025
0 0.78875 0.11875 0.0225 0.03
0 0.86375 0.1525 0.025 0.0225
0 0.8825 0.6925 0.0275 0.0225
0 0.82625 0.38125 0.025 0.025
0 0.75875 0.39125 0.0275 0.03
0 0.64375 0.57625 0.025 0.0275
0 0.8775 0.19125 0.0175 0.015
0 0.96 0.02375 0.0225 0.0225
0 0.8925 0.1675 0.0225 0.015
0 0.01875 0.84125 0.0175 0.015
0 0.0125 0.855 0.015 0.0175