0 0.8475 0.25375 0.0225 0.02
0 0.83 0.2725 0.025 0.0175
0 0.76625 0.2 0.0175 0.02
0 0.76625 0.4775 0.0225 0.02
0 0.72875 0.24875 0.025 0.0225
0 0.585 0.04875 0.0225 0.0225
0 0.63157 0.0269 0.02063 0.02123
0 0.75403 0.46792 0.02232 0.0162
0 0.62287 0.05178 0.02432 0.02495
0 0.65523 0.00673 0.01452 0.01335
0 0.74448 0.0913 0.01752 0.0183
0 0.78073 0.287 0.0186 0.01862
0 0.735 0.35623 0.0164 0.0214
0 0.64402 0.01812 0.01553 0.01553
0 0.74775 0.39425 0.02053 0.02065
0 0.95042 0.62467 0.02048 0.01897
