0 0.4775 0.12875 0.0225 0.03
0 0.42125 0.19625 0.02 0.02
0 0.46625 0.21 0.0175 0.02
0 0.41875 0.27375 0.0275 0.0275
0 0.33 0.3125 0.0275 0.0225
0 0.27375 0.30625 0.0225 0.02
0 0.18375 0.455 0.02 0.0175
0 0.1925 0.4725 0.0325 0.0275
0 0.46625 0.40875 0.025 0.0225
0 0.30125 0.3375 0.0225 0.0225
0 0.4125 0.36875 0.0225 0.02
0 0.0825 0.0475 0.0275 0.0275
0 0.0675 0.38125 0.02 0.025
0 0.175 0.2 0.0225 0.02
0 0.35125 0.3525 0.0225 0.0225
0 0.25875 0.42625 0.025 0.025
0 0.27375 0.4775 0.0225 0.02
0 0.34875 0.4225 0.02 0.0175
0 0.36375 0.28125 0.0225 0.0225
0 0.18032 0.08125 0.02 0.02
0 0.4375 0.2525 0.02 0.02
0 0.195 0.38875 0.02 0.02
0 0.4525 0.31125 0.0225 0.0225
0 0.41 0.3025 0.02 0.02
0 0.32 0.4225 0.0225 0.0225
0 0.3925 0.285 0.02 0.02
0 0.3825 0.24875 0.0225 0.0225
0 0.43 0.08875 0.02 0.02
0 0.4 0.2275 0.02 0.02
0 0.5625 0.06 0.02 0.0175
0 0.5325 0.3475 0.0225 0.02
0 0.5125 0.39875 0.0225 0.0275
0 0.71 0.47125 0.035 0.0275
0 0.7075 0.3125 0.03 0.02
0 0.645 0.36625 0.025 0.02
0 0.555 0.34875 0.02 0.02
0 0.5325 0.37 0.02 0.02
0 0.53625 0.4425 0.0225 0.0225
0 0.62625 0.22625 0.0225 0.02
0 0.6275 0.24375 0.0275 0.0225
0 0.5375 0.155 0.025 0.0225
0 0.90125 0.3275 0.0225 0.0225
0 0.6925 0.3975 0.0225 0.0225
0 0.695 0.4425 0.0225 0.0225
0 0.57875 0.3775 0.02 0.0175
0 0.57375 0.40875 0.02 0.02
0 0.59125 0.06 0.02 0.02
0 0.03 0.8175 0.025 0.0175
0 0.05875 0.8275 0.02 0.02
0 0.13125 0.79625 0.0225 0.0225
0 0.19125 0.69 0.0225 0.03
0 0.14 0.63625 0.025 0.025
0 0.19625 0.575 0.0175 0.02
0 0.23125 0.61125 0.02 0.02
0 0.2075 0.55 0.0225 0.02
0 0.19125 0.53375 0.0175 0.015
0 0.2375 0.55125 0.0175 0.015
0 0.26125 0.54625 0.02 0.0175
0 0.28375 0.53375 0.0225 0.015
0 0.33625 0.5975 0.0225 0.02
0 0.45125 0.56 0.0225 0.0275
0 0.1625 0.555 0.025 0.015
0 0.74875 0.54875 0.03 0.025
0 0.70875 0.51 0.0225 0.0175
0 0.77 0.58375 0.025 0.025
0 0.83875 0.6875 0.035 0.0275
0 0.83875 0.71375 0.0375 0.03
0 0.93875 0.53375 0.025 0.02
