0 0.025 0.205 0.0225 0.0175
0 0.0325 0.1375 0.0225 0.02
0 0.1225 0.22625 0.02 0.02
0 0.1925 0.03375 0.025 0.02
0 0.29125 0.07625 0.0225 0.0175
0 0.25375 0.165 0.0175 0.02
0 0.3475 0.225 0.0175 0.0175
0 0.33375 0.265 0.02 0.0175
0 0.20375 0.30875 0.02 0.015
0 0.2325 0.255 0.015 0.0175
0 0.30125 0.11125 0.02 0.0175
0 0.31875 0.09875 0.015 0.0125
0 0.24 0.2275 0.02 0.015
0 0.23875 0.20625 0.015 0.02
0 0.08875 0.42875 0.025 0.02
0 0.0325 0.39625 0.015 0.0175
0 0.16875 0.07375 0.0175 0.0125
0 0.1825 0.09 0.02 0.0225
0 0.2675 0.28625 0.0225 0.025
0 0.28125 0.20875 0.02 0.02
0 0.08625 0.16625 0.0175 0.0225
0 0.09875 0.15875 0.02 0.025
0 0.1225 0.26625 0.0225 0.0225
0 0.2175 0.23595 0.0225 0.0225
0 0.34625 0.3925 0.02 0.02
0 0.085 0.6425 0.02 0.0175
0 0.20177 0.63225 0.02647 0.022
0 0.20875 0.5925 0.02 0.02
0 0.19875 0.53625 0.0225 0.0175
0 0.15625 0.56 0.0175 0.02
0 0.1375 0.55625 0.0175 0.0175
0 0.29875 0.85875 0.02 0.015
0 0.29875 0.52297 0.025 0.02405
0 0.25375 0.54875 0.0275 0.025
0 0.0925 0.5225 0.0225 0.02
0 0.1875 0.8075 0.02 0.02
0 0.1325 0.73375 0.02 0.02
0 0.13 0.70375 0.0225 0.02
0 0.2275 0.6025 0.02 0.02
0 0.1525 0.885 0.02 0.02
0 0.0375 0.54125 0.0225 0.0225
0 0.30375 0.72875 0.0225 0.0225
0 0.23 0.625 0.0225 0.02
0 0.22125 0.69375 0.02 0.02
0 0.59875 0.65625 0.02 0.0175
