0 0.65375 0.11625 0.0175 0.02
0 0.76 0.04125 0.025 0.0275
0 0.6111 0.15425 0.0203 0.019
0 0.96625 0.08625 0.02 0.02
0 0.3923 0.44812 0.0225 0.02
0 0.76375 0.065 0.0225 0.0225
0 0.26215 0.2775 0.025 0.025
0 0.74047 0.0305 0.01845 0.01818
0 0.18407 0.32095 0.01995 0.01868
0 0.78618 0.09165 0.01702 0.02438
0 0.92103 0.56265 0.01897 0.02155
0 0.7625 0.7275 0.015 0.0175
0 0.09625 0.97125 0.025 0.0225
0 0.94225 0.85483 0.0175 0.0175
0 0.79375 0.78 0.02 0.0175
0 0.94823 0.83182 0.0179 0.01723
0 0.98585 0.87535 0.01635 0.01855
0 0.9858 0.85325 0.01448 0.01545
