0 0.17375 0.895 0.0225 0.0225
0 0.01375 0.945 0.02 0.02
0 0.01375 0.98375 0.0225 0.025
0 0.06625 0.99 0.0225 0.02
0 0.066775 0.5143 0.01925 0.019675
0 0.970025 0.06605 0.01685 0.021400000000000002
0 0.17947500000000002 0.11715 0.0125 0.01825
0 0.188525 0.1061 0.01605 0.016774999999999998
0 0.11474999999999999 0.140625 0.018775 0.013375
0 0.15805 0.153025 0.017875000000000002 0.014975
0 0.17627500000000002 0.165975 0.017075 0.0123
0 0.21405000000000002 0.1291 0.015575 0.013574999999999999
0 0.20527499999999999 0.13645 0.010575000000000001 0.0146