0 0.30125 0.91125 0.02 0.0175
0 0.35375 0.81625 0.0225 0.0175
0 0.03625 0.625 0.0175 0.0225
0 0.185 0.94875 0.025 0.0225
0 0.4675 0.25375 0.025 0.025
0 0.02635 0.8826 0.01518 0.01698
0 0.865 0.15 0.025 0.02
0 0.76455 0.1717 0.02482 0.0216
0 0.80323 0.18125 0.02572 0.02678
0 0.58625 0.2375 0.02 0.02
0 0.59125 0.255 0.0225 0.0175
0 0.94035 0.71955 0.02215 0.02232
0 0.96268 0.77222 0.02643 0.03232
0 0.725 0.215 0.025 0.025
0 0.59125 0.2525 0.0225 0.0225
0 0.615 0.16875 0.0275 0.0275
0 0.51472 0.27098 0.01875 0.02232
0 0.85447 0.05402 0.01785 0.02232
0 0.58035 0.26785 0.01607 0.01965
