0 0.08125 0.245 0.02 0.02
0 0.025 0.26372 0.02 0.01755
0 0.88 0.32 0.0225 0.0225
0 0.81 0.53 0.025 0.0225
0 0.77125 0.67875 0.0225 0.02
0 0.805 0.66375 0.025 0.0225
0 0.8375 0.5425 0.0225 0.0225
0 0.62625 0.8225 0.0225 0.0225
0 0.705 0.96375 0.0225 0.0225
0 0.915 0.64 0.0275 0.02
0 0.56 0.8 0.025 0.0225
0 0.5975 0.775 0.0225 0.02
0 0.73875 0.73875 0.0225 0.0225
0 0.7825 0.61625 0.0225 0.0225
0 0.67 0.66625 0.03 0.0275
0 0.95875 0.56125 0.025 0.02
0 0.7475 0.91125 0.02 0.0175
0 0.91125 0.7 0.0175 0.0225
0 0.79375 0.7225 0.0225 0.02
0 0.5975 0.775 0.0225 0.02
0 0.56 0.8 0.025 0.0225
0 0.66 0.89375 0.0225 0.0225
0 0.64625 0.79 0.0175 0.0175
0 0.80625 0.95875 0.025 0.025
0 0.66375 0.83875 0.0175 0.0175
0 0.95875 0.8875 0.025 0.025
0 0.94625 0.72375 0.0225 0.02
0 0.76 0.7575 0.025 0.025
0 0.93248 0.74 0.01695 0.02105
0 0.96855 0.9322 0.02212 0.02103
