0 0.65295 0.12628 0.02337 0.02003
0 0.73875 0.08625 0.02 0.015
0 0.32125 0.08875 0.0225 0.0225
0 0.8075 0.44875 0.0175 0.02
0 0.38 0.12875 0.0175 0.0125
0 0.56528 0.08725 0.01805 0.017
0 0.845 0.41125 0.02 0.0225
0 0.82125 0.37375 0.0175 0.0225
0 0.56125 0.18125 0.02 0.02
0 0.74625 0.3825 0.02 0.0175
0 0.65965 0.18 0.02 0.02
0 0.4075 0.2161 0.01857 0.0197
0 0.37195 0.22408 0.01353 0.01777
0 0.53733 0.10977 0.01752 0.01775
0 0.78597 0.21493 0.0166 0.01733
0 0.77353 0.18252 0.02205 0.01862
0 0.7581 0.02658 0.018 0.021
0 0.99062 0.48515 0.01875 0.01675
0 0.71875 0.7475 0.0275 0.0225
0 0.72 0.695 0.025 0.0275
0 0.68125 0.5475 0.02 0.0175
0 0.72 0.5447 0.0225 0.0225
0 0.7375 0.71125 0.0225 0.02
0 0.68573 0.625 0.02322 0.02142
0 0.67188 0.8375 0.01875 0.02142
0 0.69198 0.79375 0.01785 0.01965
0 0.69285 0.83125 0.01965 0.02142
0 0.79688 0.76295 0.01875 0.01698
0 0.78573 0.80983 0.01965 0.01607
0 0.72948 0.56965 0.01785 0.02142
0 0.81028 0.71875 0.02053 0.02142
0 0.65535 0.61965 0.01965 0.02322
0 0.68573 0.68215 0.01965 0.02142
0 0.10983 0.95447 0.01785 0.01785
