0 0.21875 0.055 0.025 0.0275
0 0.19875 0.0375 0.02 0.0225
0 0.18375 0.02375 0.02 0.02
0 0.315 0.09625 0.025 0.0275
0 0.3125 0.0625 0.0225 0.0225
0 0.36625 0.11625 0.0225 0.025
0 0.40625 0.105 0.02 0.025
0 0.44625 0.14375 0.0225 0.025
0 0.57875 0.09625 0.02 0.0175
0 0.68875 0.4 0.0225 0.025
0 0.565 0.255 0.02 0.02
0 0.5725 0.2025 0.02 0.02
0 0.23 0.17125 0.02 0.0225
0 0.1725 0.23125 0.02 0.0275
0 0.12 0.23375 0.025 0.0225
0 0.06995 0.22985 0.024900000000000002 0.0278
0 0.21 0.25375 0.0225 0.0225
0 0.12375 0.2 0.0225 0.0225
0 0.2475 0.3225 0.0225 0.02
0 0.42875 0.2025 0.0225 0.0225
0 0.14125 0.33375 0.015 0.0175
0 0.2425 0.41875 0.0225 0.02
0 0.34875 0.45625 0.025 0.0175
0 0.3775 0.49 0.02 0.02
0 0.3625 0.4275 0.02 0.0175
0 0.29 0.3925 0.02 0.0175
0 0.3225 0.325 0.0175 0.0175
0 0.4025 0.48625 0.0175 0.025
0 0.425 0.49 0.0225 0.0225
0 0.45125 0.5575 0.02 0.025
0 0.4025 0.32875 0.02 0.025
0 0.58875 0.38875 0.0225 0.025
0 0.65 0.35875 0.015 0.0225
0 0.56625 0.43625 0.015 0.0175
0 0.635 0.43625 0.02 0.02
0 0.66625 0.48125 0.025 0.025
0 0.7575 0.4325 0.02 0.025
0 0.775 0.38625 0.0225 0.0225
0 0.7575 0.40625 0.02 0.02
0 0.75375 0.39125 0.0175 0.0175
0 0.80875 0.42375 0.025 0.015
0 0.815 0.4375 0.0225 0.02
0 0.7875 0.5 0.02 0.0225
0 0.77 0.50875 0.0225 0.0225
0 0.885 0.46625 0.0225 0.015
0 0.7925 0.44125 0.0225 0.0225
0 0.80875 0.47 0.0225 0.02
0 0.81375 0.5325 0.02 0.02
0 0.77 0.58 0.0275 0.0225
0 0.815 0.6025 0.025 0.02
0 0.925 0.68375 0.015 0.0225
0 0.55375 0.7775 0.025 0.0225
0 0.71125 0.79125 0.0225 0.0225
0 0.5375 0.605 0.02 0.0175
0 0.57 0.5225 0.025 0.025
0 0.97 0.80625 0.0175 0.0225
0 0.80625 0.55625 0.025 0.0275
0 0.81875 0.575 0.035 0.02
0 0.32875 0.11625 0.0225 0.0225
0 0.2925 0.26375 0.0225 0.02
0 0.13125 0.095 0.0225 0.0225
0 0.59625 0.01625 0.0225 0.0225
0 0.48875 0.87375 0.02 0.02
0 0.82625 0.40885 0.02 0.02