0 0.44875 0.49875 0.0225 0.0225
0 0.41625 0.51 0.02 0.0225
0 0.225 0.52625 0.02 0.0275
0 0.27125 0.06625 0.02 0.02
0 0.2075 0.07125 0.025 0.0225
0 0.2425 0.0825 0.0225 0.0225
0 0.14625 0.09375 0.025 0.0225
0 0.11 0.09875 0.025 0.0225
0 0.15875 0.12375 0.025 0.02
0 0.19 0.1575 0.025 0.02
0 0.1175 0.22375 0.03 0.0275
0 0.16375 0.2475 0.02 0.0175
0 0.07 0.29 0.025 0.02
0 0.32125 0.37125 0.0225 0.02
0 0.38 0.44625 0.02 0.0225
0 0.11375 0.265 0.025 0.0225
0 0.255 0.36625 0.015 0.0175
0 0.45875 0.47875 0.0225 0.025
0 0.09875 0.34125 0.0225 0.02
0 0.265 0.44625 0.0175 0.0225
0 0.28375 0.4 0.02 0.025
0 0.3025 0.34625 0.0175 0.0225
0 0.47875 0.435 0.0275 0.025
0 0.4775 0.53375 0.0175 0.0225
0 0.3875 0.50625 0.0175 0.0175
0 0.4 0.465 0.0175 0.02
0 0.28125 0.085 0.0175 0.0225
0 0.12875 0.03375 0.0175 0.0175
0 0.66 0.78875 0.03 0.0225
0 0.9 0.79375 0.0275 0.02
0 0.735 0.90625 0.03 0.0225
0 0.85875 0.9325 0.025 0.0225
0 0.6725 0.93625 0.0275 0.02
0 0.67875 0.95125 0.0175 0.0175
0 0.83375 0.9675 0.02 0.02
0 0.56625 0.90375 0.0225 0.0175
0 0.9625 0.99125 0.02 0.0175
0 0.96625 0.975 0.0175 0.0175
0 0.6975 0.88125 0.025 0.02
0 0.71125 0.9475 0.02 0.02
0 0.57375 0.42 0.0225 0.02
0 0.8625 0.89875 0.0225 0.02
0 0.875 0.53375 0.02 0.02
0 0.83625 0.9025 0.02 0.02
0 0.52 0.5125 0.0225 0.0225
0 0.75125 0.8775 0.0225 0.0225
0 0.94375 0.9325 0.0275 0.03
0 0.54625 0.40875 0.02 0.02
