0 0.21375 0.03375 0.02 0.02
0 0.4 0.0825 0.02 0.0175
0 0.3075 0.1625 0.0325 0.025
0 0.38 0.13625 0.0275 0.0225
0 0.43125 0.0825 0.02 0.015
0 0.39625 0.22125 0.0225 0.0225
0 0.235 0.11375 0.025 0.025
0 0.31375 0.2125 0.0225 0.02
0 0.29125 0.24 0.0225 0.0225
0 0.15 0.31 0.0225 0.0225
0 0.21125 0.06875 0.0275 0.0275
0 0.265 0.32 0.0225 0.02
0 0.39375 0.28875 0.0225 0.0225
0 0.51375 0.42375 0.0225 0.02
0 0.56875 0.32 0.0275 0.0225
0 0.3775 0.64125 0.02 0.02
0 0.39625 0.635 0.0225 0.02
0 0.04875 0.58 0.0225 0.0225
