0 0.54125 0.13125 0.02 0.02
0 0.66375 0.10875 0.03 0.02
0 0.67875 0.09 0.0225 0.02
0 0.64125 0.26125 0.02 0.02
0 0.695 0.25125 0.0175 0.0225
0 0.58625 0.195 0.02 0.0175
0 0.61 0.30125 0.0225 0.02
0 0.54125 0.24875 0.0175 0.0175
0 0.62625 0.09 0.02 0.015
0 0.5725 0.10375 0.02 0.0175
0 0.4825 0.43625 0.02 0.02
0 0.58 0.43625 0.0175 0.0225
0 0.47875 0.47 0.0225 0.02
0 0.8825 0.6975 0.0225 0.0225
0 0.885 0.9825 0.0225 0.0225
0 0.825 0.80875 0.02 0.015
0 0.8925 0.82875 0.0225 0.02
0 0.83375 0.83 0.02 0.0175
0 0.4575 0.9075 0.0225 0.0225
0 0.59875 0.84 0.0275 0.025
0 0.59625 0.7275 0.02 0.015
0 0.655 0.90125 0.025 0.025
0 0.5175 0.365 0.02 0.02
0 0.59375 0.6475 0.0225 0.0225
0 0.895 0.16625 0.0225 0.02
0 0.65375 0.64 0.0225 0.0225