0 0.03875 0.19 0.025 0.025
0 0.13375 0.35625 0.02 0.0175
0 0.1675 0.305 0.0225 0.02
0 0.18 0.265 0.0175 0.0175
0 0.24875 0.18625 0.02 0.0225
0 0.41625 0.83625 0.0275 0.02
0 0.4675 0.36625 0.02 0.02
0 0.3075 0.18625 0.02 0.02
0 0.34 0.75875 0.02 0.02
0 0.26125 0.15875 0.0225 0.0225
0 0.415 0.05875 0.0225 0.0225
0 0.34375 0.62375 0.0225 0.0225
0 0.4325 0.74 0.025 0.0225
0 0.42865 0.29505 0.02378 0.0277
0 0.06557 0.15665 0.01843 0.02278
0 0.09393 0.0133 0.01843 0.0163
0 0.1201 0.08553 0.02278 0.0179
0 0.07675 0.01303 0.02115 0.02013
0 0.2868 0.6779 0.02487 0.0214
0 0.10747 0.03535 0.01762 0.0183
0 0.11823 0.1084 0.02015 0.02142
0 0.07443 0.17745 0.0173 0.02042
0 0.09365 0.1762 0.0154 0.02232
0 0.0298 0.23075 0.02075 0.01857
0 0.51625 0.35375 0.0225 0.0225
0 0.72875 0.2475 0.0225 0.0225
0 0.6275 0.2475 0.0225 0.0225
0 0.74875 0.3325 0.02 0.02
0 0.68625 0.40125 0.02 0.0225
0 0.85495 0.24595 0.02618 0.0206
0 0.57875 0.76625 0.02 0.02
0 0.80778 0.67585 0.02053 0.0192
0 0.9594 0.37432 0.02413 0.02085
0 0.64902 0.22557 0.02555 0.02115
0 0.98083 0.74455 0.01738 0.02605
0 0.8205 0.59742 0.02135 0.02163
0 0.82865 0.72937 0.01622 0.02127
