0 0.03 0.07625 0.025 0.03
0 0.0675 0.03125 0.0225 0.025
0 0.22375 0.37625 0.025 0.0275
0 0.265 0.34375 0.0225 0.025
0 0.23875 0.20125 0.025 0.02
0 0.31125 0.06625 0.025 0.0225
0 0.1275 0.05875 0.0175 0.0225
0 0.24125 0.08125 0.0225 0.02
0 0.03625 0.105 0.0225 0.0225
0 0.085 0.1175 0.025 0.025
0 0.26375 0.0525 0.02 0.02
0 0.33 0.15875 0.0225 0.0225
0 0.18625 0.16 0.02 0.02
0 0.315 0.3225 0.0275 0.0275
0 0.19875 0.0275 0.0225 0.02
0 0.35625 0.07125 0.0275 0.025
0 0.28375 0.07375 0.02 0.02
0 0.44875 0.02375 0.0225 0.0225
0 0.35375 0.30335 0.0304 0.03525
0 0.21313 0.05485 0.02075 0.0213
0 0.2213 0.14115 0.02018 0.01562
0 0.1979 0.35615 0.01963 0.02245
0 0.21115 0.33558 0.02357 0.02075
0 0.0398 0.04788 0.02065 0.0209
0 0.0466 0.03173 0.0178 0.02658
0 0.1713 0.24108 0.02082 0.02075
0 0.1872 0.23683 0.0156 0.0236
0 0.34963 0.14588 0.02027 0.02223
0 0.35628 0.1682 0.02217 0.01843
0 0.248 0.13612 0.02508 0.02268
0 0.18983 0.08032 0.0208 0.01843
0 0.2595 0.24987 0.0241 0.0177
0 0.47808 0.23877 0.02045 0.02217
0 0.45025 0.18525 0.01655 0.0187
0 0.48738 0.02953 0.01582 0.01798
0 0.45998 0.03365 0.01577 0.01665
0 0.48445 0.19862 0.02065 0.0151
0 0.48095 0.13348 0.01725 0.01698
0 0.4291 0.44877 0.01712 0.02252
0 0.23403 0.3427 0.0159 0.01462
0 0.515 0.05625 0.025 0.02
0 0.57375 0.11125 0.025 0.0225
0 0.59 0.21 0.025 0.02
0 0.5625 0.195 0.0225 0.0175
0 0.545 0.27875 0.0275 0.02
0 0.60625 0.27 0.0275 0.0225
0 0.59375 0.2475 0.0225 0.015
0 0.57875 0.26375 0.02 0.015
0 0.575 0.27625 0.0225 0.0125
0 0.56375 0.315 0.0275 0.02
0 0.76 0.08875 0.03 0.025
0 0.83 0.065 0.025 0.0275
0 0.5975 0.315 0.0225 0.0225
0 0.58135 0.1475 0.02 0.02
