0 0.265 0.31375 0.025 0.025
0 0.24375 0.34375 0.025 0.025
0 0.81625 0.2625 0.02 0.025
0 0.52375 0.3825 0.025 0.0225
0 0.64375 0.12125 0.0325 0.0225
0 0.7475 0.41625 0.0175 0.0175
0 0.30875 0.42875 0.015 0.0175
0 0.12875 0.425 0.0225 0.015
0 0.12125 0.46125 0.0225 0.02
0 0.83625 0.165 0.0225 0.0225
0 0.97375 0.0825 0.0325 0.0325
0 0.2525 0.4475 0.02 0.015
0 0.7125 0.7625 0.0275 0.0175
0 0.20875 0.78125 0.0175 0.02
0 0.24125 0.585 0.025 0.025
0 0.28918 0.62945 0.02585 0.0236
0 0.74375 0.7075 0.0225 0.0225
0 0.9302 0.9277 0.02822 0.0263
0 0.33375 0.61 0.0175 0.02
0 0.19625 0.72625 0.0175 0.015
0 0.19125 0.7525 0.0225 0.02
0 0.205 0.865 0.02 0.02
0 0.2025 0.9027 0.02 0.02
0 0.2325 0.85125 0.0225 0.02
