0 0.6075 0.375 0.025 0.025
0 0.5775 0.37125 0.0225 0.02
0 0.63 0.46 0.02 0.0275
0 0.64875 0.46375 0.02 0.025
0 0.66125 0.40625 0.0175 0.0225
0 0.54875 0.405 0.0225 0.0225
0 0.4525 0.32375 0.03 0.0225
0 0.35375 0.31375 0.0375 0.0275
0 0.365 0.2325 0.0275 0.015
0 0.37125 0.245 0.0225 0.0175
0 0.425 0.29 0.0225 0.0225
0 0.3875 0.3475 0.0175 0.0225
0 0.31125 0.29 0.025 0.0225
0 0.31125 0.3125 0.025 0.0225
0 0.3375 0.2625 0.025 0.02
0 0.3525 0.2825 0.025 0.0175
0 0.29625 0.25 0.0225 0.0175
0 0.2975 0.2325 0.025 0.0175
0 0.28625 0.2125 0.03 0.0175
0 0.3125 0.2175 0.02 0.015
0 0.3525 0.16125 0.0175 0.0175
0 0.2575 0.03875 0.0275 0.0275
0 0.29 0.0675 0.03 0.0275
0 0.415 0.1175 0.02 0.0225
0 0.42875 0.13125 0.015 0.0275
0 0.455 0.15625 0.025 0.02
0 0.52875 0.17375 0.0225 0.0175
0 0.565 0.15625 0.0275 0.0175
0 0.48375 0.12375 0.02 0.025
0 0.46625 0.09625 0.0175 0.025
0 0.49625 0.0675 0.0275 0.02
0 0.4875 0.085 0.025 0.025
0 0.5125 0.09 0.015 0.015
0 0.65875 0.2975 0.03 0.0225
0 0.5325 0.0725 0.0225 0.015
0 0.495 0.0275 0.025 0.02
0 0.86 0.305 0.0225 0.0225
0 0.52 0.4575 0.02 0.02
0 0.60875 0.65375 0.025 0.0275
0 0.60875 0.5775 0.0225 0.0225
0 0.625 0.51 0.025 0.0175
0 0.67625 0.8025 0.0325 0.0275
0 0.59125 0.93375 0.0225 0.0225
0 0.6525 0.5225 0.0275 0.02
0 0.695 0.545 0.0225 0.0175
0 0.75125 0.5625 0.0225 0.025
0 0.70125 0.63875 0.025 0.0225
0 0.73875 0.77125 0.0275 0.025
0 0.84375 0.725 0.025 0.0225
0 0.80875 0.53625 0.025 0.0275
0 0.80625 0.5625 0.025 0.0175
0 0.95625 0.81 0.0275 0.0225
0 0.91625 0.73875 0.025 0.02
0 0.8925 0.74625 0.03 0.0325
0 0.92 0.75375 0.025 0.0225
0 0.7825 0.78 0.025 0.025
0 0.87125 0.90875 0.0225 0.02
0 0.97875 0.9025 0.0225 0.03
0 0.90375 0.85375 0.0225 0.02
0 0.095 0.94125 0.02 0.0225
0 0.75375 0.84875 0.0275 0.02
0 0.8075 0.855 0.02 0.0225
0 0.8 0.68125 0.025 0.02
0 0.96125 0.75375 0.0225 0.0225
0 0.695 0.65875 0.0225 0.02
0 0.76875 0.5625 0.0225 0.0225
0 0.7125 0.51 0.0225 0.02
