0 0.17 0.35625 0.0175 0.03
0 0.1025 0.39 0.02 0.025
0 0.22875 0.33375 0.02 0.02
0 0.25875 0.2875 0.015 0.02
0 0.235 0.10875 0.02 0.02
0 0.5525 0.42125 0.02 0.02
0 0.71875 0.07625 0.03 0.0275
0 0.3375 0.3525 0.0175 0.025
0 0.09375 0.1825 0.0225 0.02
0 0.07375 0.1875 0.0225 0.0175
0 0.1625 0.25375 0.02 0.0225
0 0.13625 0.2625 0.02 0.02
0 0.9025 0.24125 0.0175 0.0275
0 0.57125 0.02875 0.0225 0.02
0 0.89 0.28875 0.0225 0.025
0 0.06125 0.06375 0.0275 0.0275
0 0.91875 0.3475 0.0225 0.0225
0 0.9325 0.38282 0.025 0.025
0 0.1125 0.24013 0.02 0.0175
0 0.39375 0.455 0.0225 0.0225
0 0.90375 0.37 0.02 0.0225
0 0.15375 0.82875 0.0275 0.025
0 0.2175 0.8175 0.0275 0.02
0 0.2575 0.8025 0.03 0.02
0 0.2925 0.7875 0.0275 0.02
0 0.1075 0.845 0.02 0.015
0 0.35125 0.585 0.0275 0.0275
0 0.22625 0.60125 0.025 0.0225
0 0.045 0.56875 0.0275 0.03
0 0.29375 0.76 0.0225 0.025
0 0.40715 0.6144 0.02125 0.01808
0 0.4261 0.61408 0.01533 0.02315
0 0.06 0.785 0.0275 0.025
0 0.40125 0.71875 0.0225 0.0225
0 0.17085 0.64988 0.02172 0.01725
0 0.17 0.76613 0.0225 0.0225
0 0.43263 0.74488 0.02 0.02
0 0.09125 0.67 0.02 0.02
0 0.97125 0.81888 0.025 0.025
