0 0.08295 0.25767 0.02232 0.02142
0 0.08447 0.38573 0.02785 0.03035
0 0.1366 0.31295 0.02322 0.02053
0 0.1192 0.32545 0.0241 0.02232
0 0.9712 0.47665 0.0224 0.02082
0 0.37375 0.65375 0.02 0.025
0 0.315 0.5525 0.025 0.025
0 0.72948 0.5908 0.01427 0.01698
0 0.77535 0.9666 0.02215 0.02322
0 0.88965 0.66973 0.02072 0.02197
0 0.7058 0.5675 0.02553 0.02142
0 0.6708 0.7075 0.0241 0.02
0 0.74035 0.77802 0.02572 0.02393
0 0.6675 0.79 0.025 0.025
0 0.94135 0.6525 0.02125 0.01823
0 0.67573 0.82545 0.02285 0.02732
0 0.74027 0.58687 0.01518 0.01518
0 0.945 0.93 0.025 0.025
0 0.74 0.955 0.025 0.025
0 0.53572 0.74777 0.02142 0.02053
0 0.66965 0.58615 0.01607 0.01875
0 0.8299 0.90045 0.01518 0.01698
