0 0.72713 0.3571 0.02 0.02195
0 0.74498 0.30422 0.02 0.025
0 0.3348 0.11138 0.01712 0.02025
0 0.185 0.0875 0.0225 0.02
0 0.6175 0.28 0.015 0.0175
0 0.785 0.40375 0.0175 0.0225
0 0.84375 0.33875 0.015 0.0225
0 0.065 0.05 0.0225 0.02
0 0.14125 0.11875 0.0225 0.02
0 0.6256 0.3545 0.02118 0.019
0 0.84875 0.4025 0.0125 0.015
0 0.06875 0.2025 0.0225 0.0225
0 0.37625 0.42 0.0225 0.02
0 0.43552 0.05215 0.02 0.02
0 0.1775 0.25 0.02 0.02
0 0.81125 0.43 0.0175 0.0175
0 0.795 0.36875 0.02 0.0175
0 0.02393 0.1125 0.0225 0.0225
0 0.58875 0.33875 0.02 0.0175
0 0.61625 0.19125 0.02 0.02
0 0.77 0.3075 0.0175 0.0175
0 0.6325 0.38625 0.02 0.02
0 0.11445 0.1077 0.0164 0.019
0 0.1236 0.85008 0.02723 0.02275
0 0.125 0.83125 0.0275 0.0175
0 0.14625 0.785 0.025 0.02
0 0.20375 0.745 0.025 0.0125
0 0.20875 0.76375 0.025 0.02
0 0.06875 0.6325 0.025 0.025
0 0.18555 0.6587 0.03112 0.0249
0 0.07492 0.89532 0.02535 0.02342
0 0.48125 0.95 0.02 0.0225
0 0.18 0.8475 0.025 0.025
0 0.06625 0.57875 0.02 0.025
0 0.02625 0.7575 0.02 0.0175
0 0.03625 0.74125 0.0225 0.0225
0 0.2525 0.74875 0.0225 0.02
0 0.2675 0.72875 0.015 0.015
0 0.27625 0.7425 0.02 0.025
0 0.2825 0.72125 0.015 0.015
0 0.2175 0.855 0.0275 0.03
0 0.41375 0.90625 0.02 0.02
0 0.48625 0.9725 0.02 0.02
0 0.05525 0.85175 0.01492 0.02092
0 0.46375 0.88875 0.0225 0.0225
0 0.0453 0.76658 0.0183 0.01507
0 0.0262 0.58902 0.0167 0.02627
0 0.0373 0.61578 0.01928 0.01905
0 0.09287 0.515 0.01968 0.0193
0 0.2571 0.71767 0.0142 0.0157
0 0.0639 0.8422 0.01705 0.01833
0 0.08315 0.79773 0.01808 0.0169
0 0.09328 0.6936 0.01512 0.01755
0 0.05285 0.8876 0.01997 0.01982
0 0.15197 0.74047 0.01645 0.01843
0 0.16687 0.76532 0.02123 0.02533
0 0.02467 0.63723 0.02078 0.01907
0 0.16878 0.68962 0.01792 0.01852
0 0.10828 0.5376 0.01915 0.01947
0 0.0857 0.66602 0.0196 0.01597
0 0.09805 0.64395 0.01933 0.0165
0 0.19407 0.68695 0.01673 0.01855
0 0.21543 0.6871 0.0156 0.01705
0 0.2381 0.6487 0.01727 0.01525
0 0.2524 0.64733 0.01597 0.02067
0 0.25138 0.6714 0.0206 0.01777
0 0.41303 0.97725 0.0207 0.0206
