0 0.0925 0.1675 0.02 0.02
0 0.25875 0.21375 0.0275 0.0225
0 0.21375 0.30875 0.02 0.0225
0 0.09875 0.30625 0.0225 0.02
0 0.15375 0.4575 0.0275 0.025
0 0.14625 0.52125 0.025 0.025
0 0.1125 0.61375 0.02 0.02
0 0.28875 0.64125 0.0225 0.0225
0 0.46375 0.46 0.025 0.025
0 0.17375 0.18125 0.03 0.0225
0 0.395 0.9425 0.02 0.0175
0 0.3925 0.6925 0.02 0.0175
0 0.42625 0.575 0.0175 0.0175
0 0.52125 0.42375 0.02 0.02
0 0.4625 0.41125 0.0225 0.02
0 0.56125 0.17 0.0225 0.02
0 0.82125 0.95375 0.0225 0.0225
0 0.91625 0.97 0.02 0.0225
0 0.75125 0.85875 0.02 0.0175
0 0.02375 0.79125 0.02 0.0175
0 0.04125 0.37625 0.03 0.0275
0 0.06875 0.35057499999999997 0.025 0.025
0 0.12 0.17625 0.025 0.025
0 0.52125 0.42375 0.02 0.02
0 0.0675 0.6875 0.0225 0.0225
0 0.95875 0.90375 0.0225 0.0225
0 0.895 0.045 0.02 0.02
0 0.9675 0.6525 0.0225 0.0225
0 0.25875 0.2725 0.0225 0.0225
0 0.395 0.35 0.025 0.025
0 0.5425 0.43125 0.0225 0.02
0 0.09 0.4825 0.0225 0.0225
0 0.18625 0.02625 0.0225 0.0225
0 0.38625 0.6325 0.02 0.02
0 0.2125 0.25875 0.02 0.02
0 0.09125 0.7425 0.025 0.025
0 0.92125 0.555 0.0225 0.02
0 0.12625 0.60125 0.0225 0.0225
0 0.865 0.5875 0.0225 0.02
0 0.34875 0.78125 0.0225 0.0225
0 0.14875 0.0575 0.025 0.025
0 0.11125 0.40625 0.0225 0.02
0 0.38 0.0525 0.0225 0.0225
0 0.78375 0.03 0.02 0.02
0 0.85 0.78125 0.0225 0.0225
0 0.415 0.89625 0.02 0.02
0 0.03125 0.81125 0.025 0.0225
0 0.53875 0.4275 0.025 0.0225
0 0.115 0.265 0.025 0.0225
0 0.87375 0.07125 0.02 0.02
0 0.91625 0.84 0.0225 0.02
0 0.66125 0.155 0.02 0.02
0 0.08875 0.08375 0.0225 0.0225
0 0.69875 0.16125 0.0225 0.02
0 0.83125 0.70875 0.0225 0.0225
0 0.82625 0.58 0.02 0.02
0 0.26125 0.2425 0.0225 0.0225
0 0.1375 0.57125 0.0225 0.0225
0 0.7225 0.86625 0.02 0.0175
0 0.5425 0.15625 0.0225 0.0225
0 0.7525 0.925 0.02 0.0175
0 0.93245 0.9039499999999999 0.020175000000000002 0.026025
0 0.8001999999999999 0.900475 0.026625 0.021375
0 0.9059999999999999 0.9039499999999999 0.0231 0.023700000000000002
0 0.8993000000000001 0.9272 0.023675 0.022525
0 0.9275 0.952775 0.0231 0.0225
0 0.02085 0.862325 0.0394 0.038475
0 0.34380000000000005 0.49545 0.03365 0.0273
0 0.687825 0.095725 0.026825 0.025975
0 0.5191 0.197775 0.0248 0.036324999999999996
0 0.04 0.474275 0.033275 0.02475
0 0.055099999999999996 0.572125 0.030125000000000002 0.02995