0 0.185 0.39875 0.02 0.02
0 0.17875 0.1475 0.025 0.025
0 0.1075 0.13625 0.02 0.0175
0 0.0425 0.115 0.015 0.0225
0 0.0275 0.1075 0.02 0.0225
0 0.23 0.14625 0.025 0.0225
0 0.26375 0.29 0.025 0.0225
0 0.145 0.29625 0.0225 0.0225
0 0.2475 0.255 0.02 0.02
0 0.135 0.1225 0.02 0.02
0 0.635 0.085 0.02 0.02
0 0.5775 0.29 0.02 0.0175
0 0.57375 0.02125 0.025 0.015
0 0.665 0.05375 0.02 0.015
0 0.56125 0.07 0.0225 0.0225
0 0.185 0.605 0.02 0.0275
0 0.1575 0.5925 0.0225 0.0275
0 0.24375 0.63875 0.02 0.02
0 0.22 0.6525 0.025 0.0175
0 0.24 0.545 0.0225 0.0225
0 0.89625 0.83 0.025 0.0225
0 0.85875 0.835 0.025 0.02
0 0.89625 0.83 0.025 0.0225
