0 0.45125 0.81625 0.025 0.0225
0 0.47375 0.8725 0.02 0.0275
0 0.5 0.84 0.015 0.01
0 0.5 0.85875 0.0225 0.0175
0 0.52125 0.73625 0.0225 0.02
0 0.51875 0.68625 0.0225 0.0175
0 0.525 0.705 0.0225 0.0175
0 0.5175 0.6625 0.0275 0.0175
0 0.5325 0.6375 0.0225 0.02
0 0.6225 0.72625 0.02 0.02
0 0.6925 0.53375 0.025 0.02
0 0.79125 0.57625 0.0225 0.0175
0 0.75375 0.665 0.0175 0.02
0 0.8475 0.725 0.0175 0.0175
0 0.83375 0.765 0.02 0.0175
0 0.70375 0.80875 0.02 0.015
0 0.7325 0.755 0.015 0.0175
0 0.90125 0.39125 0.02 0.02
0 0.80125 0.61125 0.02 0.0175
0 0.81875 0.59875 0.015 0.0125
0 0.74 0.7275 0.02 0.015
0 0.73875 0.70625 0.015 0.02
0 0.58875 0.92875 0.025 0.02
0 0.4725 0.95625 0.0225 0.015
0 0.16 0.16125 0.0275 0.0225
0 0.07125 0.07875 0.0225 0.0225
0 0.08 0.255 0.0275 0.02
0 0.51375 0.8975 0.015 0.0125
0 0.5325 0.89625 0.015 0.0175
0 0.4075 0.11125 0.03 0.0225
0 0.19875 0.06625 0.02 0.0175
0 0.80625 0.37 0.02 0.0225
0 0.01375 0.04625 0.0225 0.02
0 0.66875 0.57375 0.0175 0.0125
0 0.6825 0.59 0.02 0.0225
0 0.05625 0.05625 0.025 0.02
0 0.24875 0.0675 0.025 0.025
0 0.2775 0.06125 0.0275 0.0225
0 0.30375 0.89 0.0225 0.02
0 0.405 0.75 0.03 0.0225
0 0.40125 0.825 0.025 0.025
0 0.4125 0.7925 0.0175 0.015
0 0.7675 0.78625 0.0225 0.025
0 0.78125 0.70875 0.02 0.02
0 0.58625 0.66625 0.0175 0.0225
0 0.59875 0.65875 0.02 0.025
0 0.2275 0.085 0.0225 0.025
0 0.6225 0.76625 0.0225 0.0225
0 0.51875 0.68375 0.0225 0.0225
0 0.98125 0.21875 0.025 0.025
0 0.7175 0.73595 0.0225 0.0225
0 0.84625 0.8925 0.02 0.02