0 0.39875 0.73 0.02 0.0225
0 0.725 0.68875 0.0225 0.025
0 0.89885 0.8125249999999999 0.020225 0.02495
0 0.68 0.86875 0.0225 0.02
0 0.7975 0.79 0.025 0.02
0 0.8143 0.787325 0.0202 0.026549999999999997
0 0.6505 0.8271 0.026000000000000002 0.019175
0 0.5225 0.785 0.0225 0.02
0 0.847125 0.6918000000000001 0.02175 0.021075
0 0.77125 0.8225 0.025 0.025
0 0.595 0.76125 0.0225 0.02
0 0.58375 0.9025 0.02 0.02
0 0.6705249999999999 0.801575 0.028849999999999997 0.027625
0 0.6601 0.8586750000000001 0.023399999999999997 0.029474999999999998
0 0.6814 0.847675 0.028325 0.022525
0 0.846225 0.716575 0.0208 0.018975
0 0.890775 0.7527750000000001 0.026475 0.026099999999999998
0 0.365925 0.742675 0.03305 0.031925
0 0.304625 0.7319499999999999 0.019975 0.019275
0 0.860525 0.863225 0.017475 0.019299999999999998
0 0.77545 0.8611 0.01875 0.015075
0 0.7956 0.878225 0.0213 0.0239
0 0.70355 0.797975 0.0268 0.023700000000000002
0 0.8488 0.74065 0.01845 0.024075000000000003
0 0.39215000000000005 0.9090250000000001 0.020025 0.023375