0 0.80625 0.10875 0.025 0.025
0 0.8075 0.0475 0.025 0.0175
0 0.81 0.1875 0.0225 0.025
0 0.7675 0.185 0.0275 0.03
0 0.755 0.22 0.02 0.0225
0 0.68375 0.125 0.0225 0.025
0 0.70625 0.12875 0.03 0.02
0 0.76375 0.1125 0.02 0.0175
0 0.76375 0.36875 0.025 0.03
0 0.7775 0.5475 0.025 0.0225
0 0.67375 0.56625 0.0225 0.025
0 0.69625 0.54625 0.02 0.0175
0 0.68375 0.40625 0.025 0.02
0 0.8 0.73 0.0225 0.025
0 0.795 0.61 0.0225 0.0225
0 0.705 0.0825 0.0225 0.0225
0 0.8825 0.54625 0.02 0.02
0 0.72 0.21125 0.02 0.02
0 0.82375 0.14 0.02 0.02
0 0.91625 0.5425 0.0225 0.02
0 0.7375 0.40625 0.02 0.02
0 0.7725 0.39375 0.0225 0.02
0 0.79 0.022225 0.0225 0.0225
0 0.68875 0.3425 0.02 0.02
0 0.67035 0.445 0.0225 0.0225
0 0.9575 0.055 0.02 0.02
0 0.55 0.3625 0.0225 0.0225
0 0.665 0.37875 0.02 0.02
0 0.91875 0.34090000000000004 0.0225 0.0225
0 0.65 0.18125 0.02 0.02
0 0.7325 0.435 0.025 0.025
0 0.93375 0.31 0.0225 0.0225
0 0.94 0.2775 0.0225 0.02
0 0.925 0.1275 0.02 0.02
0 0.91 0.085 0.02 0.02
0 0.8403499999999999 0.8225 0.02 0.0225
0 0.86875 0.81125 0.0225 0.02
0 0.6775 0.07 0.02 0.02
0 0.87875 0.72875 0.02 0.02