0 0.25 0.53875 0.02 0.0225
0 0.4475 0.585 0.02 0.025
0 0.15702 0.63428 0.02332 0.0227
0 0.09685 0.65588 0.02368 0.02075
0 0.185 0.675 0.0275 0.0225
0 0.10875 0.7325 0.0225 0.025
0 0.1425 0.7575 0.0225 0.025
0 0.34375 0.7725 0.0175 0.0175
0 0.40125 0.77375 0.0225 0.0225
0 0.1 0.81 0.015 0.015
0 0.1425 0.8125 0.02 0.0225
0 0.12375 0.82875 0.0175 0.0175
0 0.19125 0.84375 0.015 0.0175
0 0.37 0.8575 0.02 0.0225
0 0.11125 0.8575 0.025 0.0175
0 0.3645 0.88625 0.02353 0.02
0 0.17625 0.905 0.02 0.0225
0 0.12 0.92875 0.0225 0.0225
0 0.18812 0.39888 0.025 0.02538
0 0.03625 0.91625 0.0225 0.0175
0 0.15125 0.90125 0.0175 0.0175
0 0.12 0.78 0.0175 0.0175
0 0.22625 0.675 0.02 0.0225
0 0.48275 0.45642 0.02585 0.02342
0 0.365 0.65 0.025 0.025
0 0.4075 0.67125 0.02 0.0225
0 0.12 0.92875 0.0225 0.0225
0 0.0825 0.79125 0.02 0.02
0 0.0675 0.8775 0.0225 0.02
0 0.205 0.65375 0.0225 0.0225
0 0.21 0.53375 0.0225 0.0225
0 0.11 0.89375 0.02 0.0175
0 0.33875 0.74125 0.02 0.02
0 0.39625 0.72875 0.0175 0.0175
0 0.15875 0.3425 0.0225 0.0225
0 0.225 0.8475 0.02 0.02
0 0.35108 0.72192 0.0218 0.01705
0 0.4488 0.66063 0.01758 0.02098
0 0.3736 0.60955 0.02042 0.01907
0 0.67 0.61375 0.0175 0.015
0 0.64875 0.64 0.02 0.03
0 0.85125 0.67125 0.0225 0.0225
0 0.94125 0.73125 0.025 0.025
0 0.87 0.75125 0.025 0.03
0 0.84375 0.7525 0.0225 0.025
0 0.7375 0.7775 0.02 0.02
0 0.805 0.82 0.0225 0.02
0 0.92125 0.82875 0.015 0.0175
0 0.77375 0.8375 0.025 0.02
0 0.86375 0.8375 0.0175 0.02
0 0.6879 0.85175 0.0233 0.0215
0 0.9125 0.865 0.02 0.02
0 0.85625 0.90875 0.02 0.0175
0 0.71 0.6075 0.02 0.02
0 0.6725 0.30375 0.02 0.025
0 0.97 0.73875 0.0175 0.0225
0 0.6875 0.85125 0.0225 0.0225
0 0.75625 0.92 0.025 0.025
0 0.89085 0.8275 0.0225 0.0225
0 0.54625 0.7925 0.02 0.02
0 0.885 0.08375 0.0225 0.02
0 0.93875 0.6975 0.02 0.02
0 0.68875 0.26625 0.02 0.02
0 0.6175 0.6525 0.02 0.02
0 0.95123 0.11155 0.01675 0.01775
0 0.69473 0.63085 0.01802 0.02065
0 0.78018 0.6842 0.02105 0.02018
0 0.91428 0.79583 0.02142 0.022
0 0.8702 0.71287 0.02078 0.02217
0 0.67535 0.66755 0.01677 0.01903
0 0.69837 0.67158 0.01997 0.01995
0 0.62085 0.7867 0.01673 0.01627
0 0.73035 0.79698 0.0161 0.01675
0 0.69788 0.83287 0.01717 0.0211
0 0.67918 0.62462 0.0155 0.0186
0 0.8102 0.90493 0.02042 0.02057
0 0.89845 0.72725 0.01833 0.01702
0 0.93115 0.8614 0.01805 0.01745
0 0.59293 0.22355 0.02335 0.02033
0 0.86373 0.02185 0.01498 0.01873
0 0.8858 0.0254 0.01593 0.02045
