0 0.6175 0.23375 0.02 0.02
0 0.97875 0.115 0.02 0.02
0 0.3825 0.2175 0.02 0.02
0 0.169 0.02718 0.02095 0.0171
0 0.93257 0.15077 0.01515 0.02123
0 0.92683 0.2825 0.01615 0.02215
0 0.08625 0.98375 0.0175 0.015
0 0.4675 0.90875 0.03 0.03
0 0.53875 0.9075 0.03 0.0225
0 0.52 0.97625 0.0225 0.0175
0 0.56875 0.96625 0.0225 0.0175
0 0.8625 0.6075 0.02 0.02
0 0.78 0.63 0.0175 0.02
0 0.805 0.59125 0.0225 0.0225
0 0.28625 0.955 0.0225 0.0225
0 0.79625 0.64875 0.02 0.02
0 0.3125 0.535 0.02 0.02
0 0.54973 0.97498 0.0191 0.0178
0 0.57817 0.9419 0.01885 0.0195
0 0.24735 0.7194 0.0197 0.01738
0 0.26595 0.7335 0.0199 0.01878
