0 0.14875 0.19875 0.0325 0.025
0 0.1675 0.23375 0.02 0.0325
0 0.05875 0.19625 0.0275 0.0225
0 0.1075 0.2025 0.03 0.0225
0 0.1525 0.2675 0.02 0.0225
0 0.2025 0.21625 0.02 0.025
0 0.235 0.21125 0.0175 0.03
0 0.45375 0.18125 0.03 0.0275
0 0.12125 0.235 0.0225 0.0225
0 0.36625 0.0228 0.02 0.02
0 0.47875 0.04125 0.0225 0.0225
0 0.19437 0.27 0.0225 0.0225
0 0.2134 0.25427 0.017 0.01968
0 0.22567 0.28475 0.0202 0.02608
0 0.5625 0.17 0.0225 0.025
0 0.6625 0.245 0.0225 0.0175
0 0.6025 0.20625 0.0225 0.0225
0 0.53345 0.03105 0.02308 0.0282
0 0.71125 0.13 0.0275 0.02
0 0.73125 0.11 0.0275 0.025
