0 0.1125 0.655 0.0325 0.0275
0 0.06783 0.64225 0.0276 0.02545
0 0.11375 0.6175 0.025 0.0275
0 0.255 0.85375 0.0275 0.025
0 0.3175 0.93125 0.025 0.025
0 0.10375 0.9475 0.025 0.0225
0 0.11 0.8075 0.0225 0.02
0 0.07483 0.74912 0.02243 0.02063
0 0.03 0.32 0.02 0.0275
0 0.1375 0.09875 0.025 0.025
0 0.12 0.1125 0.02 0.025
0 0.07625 0.11375 0.0275 0.02
0 0.21857 0.42745 0.02283 0.0324
0 0.12445 0.87478 0.02612 0.0204
0 0.1125 0.835 0.03 0.025
0 0.2425 0.68875 0.0225 0.0175
0 0.145 0.5675 0.02 0.0275
0 0.17028 0.451 0.02555 0.023
0 0.11155 0.34555 0.0256 0.02638
0 0.0775 0.04375 0.025 0.0225
0 0.1825 0.9125 0.025 0.0275
0 0.22 0.88875 0.025 0.02
0 0.055 0.8 0.0225 0.0225
0 0.3025 0.62125 0.0225 0.025
0 0.32625 0.86875 0.02 0.02
0 0.3225 0.835 0.0225 0.02
0 0.0625 0.35125 0.0225 0.025
0 0.11375 0.195 0.03 0.0275
0 0.17875 0.75375 0.03 0.03
0 0.1375 0.925 0.025 0.02
0 0.2625 0.27375 0.025 0.025
0 0.18375 0.25125 0.0225 0.0175
0 0.06125 0.93125 0.02 0.015
0 0.25875 0.94 0.025 0.0175
0 0.23 0.3725 0.015 0.02
0 0.24375 0.8225 0.0225 0.02
0 0.08625 0.785 0.0225 0.0175
0 0.05125 0.4825 0.0125 0.015
0 0.05375 0.47125 0.015 0.0125
0 0.24625 0.385 0.015 0.0225
0 0.28625 0.22875 0.0175 0.0175
0 0.2625 0.21375 0.0175 0.0175
0 0.27875 0.205 0.0225 0.025
0 0.13 0.05375 0.02 0.025
0 0.4125 0.41125 0.02 0.0175
0 0.285 0.97125 0.03 0.0275
0 0.1475 0.67875 0.0225 0.0275
0 0.31125 0.5875 0.02 0.02
0 0.29375 0.59125 0.02 0.0225
0 0.30625 0.35875 0.025 0.025
0 0.17125 0.08375 0.02 0.0175
0 0.30902 0.86385 0.01945 0.01733
0 0.32 0.80875 0.015 0.0175
0 0.33625 0.80125 0.0225 0.0175
0 0.475 0.44125 0.02 0.0225
0 0.05515 0.31038 0.0243 0.02065
0 0.045 0.1375 0.02 0.0225
0 0.04875 0.1575 0.015 0.0175
0 0.075 0.16625 0.0225 0.02
0 0.13 0.26875 0.03 0.025
0 0.055 0.77375 0.0225 0.0225
0 0.09 0.83625 0.015 0.0225
0 0.58625 0.44375 0.025 0.02
0 0.55375 0.25625 0.0225 0.03
0 0.58375 0.26625 0.02 0.0275
0 0.96625 0.3075 0.0275 0.0175
0 0.8675 0.3925 0.0175 0.0125
0 0.78625 0.55875 0.0125 0.0175
