0 0.32625 0.46375 0.0175 0.0175
0 0.26 0.22875 0.0225 0.0175
0 0.28 0.225 0.02 0.0225
0 0.325 0.26875 0.025 0.0175
0 0.32625 0.56125 0.02 0.0225
0 0.32 0.51625 0.0225 0.02
0 0.43625 0.20875 0.02 0.02
0 0.33215 0.3875 0.02 0.02
0 0.57125 0.55 0.02 0.0225
0 0.55375 0.5625 0.0225 0.03
0 0.5375 0.44 0.02 0.0275
0 0.89875 0.2925 0.03 0.0275
0 0.9375 0.2625 0.025 0.02
0 0.8225 0.265 0.02 0.0225
0 0.51 0.51 0.02 0.0175
0 0.745 0.31 0.0175 0.0175
0 0.69875 0.13 0.0175 0.02
0 0.835 0.35875 0.02 0.02
0 0.7825 0.15043 0.02 0.02
0 0.7825 0.34125 0.02 0.02
0 0.9025 0.80125 0.0175 0.0175
