0 0.08625 0.06625 0.025 0.0225
0 0.22875 0.3325 0.0275 0.0275
0 0.03875 0.39625 0.025 0.0225
0 0.0625 0.10875 0.0175 0.025
0 0.4375 0.26125 0.02 0.0175
0 0.3775 0.28125 0.0225 0.02
0 0.13875 0.085 0.02 0.0175
0 0.69625 0.165 0.025 0.02
0 0.7325 0.0425 0.025 0.02
0 0.84 0.125 0.0225 0.0225
0 0.9175 0.135 0.025 0.0175
0 0.6275 0.3375 0.0175 0.02
0 0.52375 0.39875 0.025 0.0275
0 0.77625 0.2025 0.0225 0.0225
0 0.1425 0.57625 0.02 0.02
0 0.1575 0.55625 0.015 0.015
0 0.375 0.60625 0.0175 0.02
0 0.355 0.52125 0.0275 0.0275
0 0.34625 0.60125 0.0225 0.0225
0 0.26625 0.59375 0.0175 0.0175
0 0.61625 0.52875 0.0175 0.02
0 0.91875 0.7375 0.025 0.025
