0 0.73 0.11375 0.0225 0.03
0 0.8325 0.21875 0.02 0.0225
0 0.765 0.15625 0.02 0.0325
0 0.8625 0.1775 0.0225 0.02
0 0.8425 0.16375 0.0225 0.02
0 0.95875 0.41 0.025 0.0275
0 0.94 0.56375 0.0225 0.02
0 0.95125 0.70125 0.0275 0.0225
0 0.76125 0.8825 0.0275 0.0275
0 0.69125 0.98125 0.0225 0.0225
0 0.37125 0.615 0.03 0.0275
0 0.43 0.68125 0.0275 0.0225
0 0.39 0.745 0.0275 0.0225
0 0.4975 0.8875 0.0275 0.0275
0 0.44625 0.75125 0.025 0.0275
0 0.39375 0.95 0.0275 0.0225
0 0.47125 0.97125 0.0225 0.0225
0 0.9575 0.43875 0.0225 0.0225