0 0.16875 0.28375 0.02 0.015
0 0.1725 0.255 0.0125 0.015
0 0.06375 0.15875 0.025 0.015
0 0.27375 0.2825 0.02 0.0225
0 0.045 0.3525 0.02 0.0175
0 0.1525 0.44625 0.025 0.0225
0 0.14125 0.2725 0.0225 0.0225
0 0.02875 0.0425 0.0225 0.02
0 0.1103 0.25595 0.02 0.02
0 0.1225 0.07625 0.02 0.02
0 0.1325 0.12 0.02 0.0225
0 0.06 0.11875 0.0225 0.0225
0 0.04 0.78125 0.02 0.02
0 0.0425 0.885 0.0175 0.0175
0 0.81 0.84625 0.0275 0.0225
0 0.76375 0.795 0.0225 0.0275
0 0.77 0.7275 0.02 0.0225
0 0.68125 0.925 0.025 0.0225
0 0.62625 0.94375 0.0225 0.0175
0 0.84 0.6575 0.025 0.0175
0 0.83375 0.64 0.02 0.0175
0 0.78375 0.94125 0.0225 0.02
0 0.8275 0.89375 0.02 0.0175
0 0.78875 0.68375 0.0225 0.02
0 0.97537 0.88212 0.02 0.02
0 0.855 0.79375 0.0225 0.0225
0 0.7775 0.975 0.0225 0.0225
0 0.64625 0.96587 0.02 0.0175
