0 0.03125 0.63625 0.025 0.03
0 0.1325 0.77875 0.025 0.0275
0 0.0975 0.79125 0.02 0.02
0 0.09875 0.80875 0.0225 0.025
0 0.18625 0.795 0.0275 0.0225
0 0.195 0.81125 0.03 0.0225
0 0.29625 0.8625 0.025 0.02
0 0.63625 0.3275 0.02 0.0225
0 0.73 0.335 0.0225 0.02
0 0.61125 0.5675 0.0275 0.0275
0 0.735 0.665 0.0225 0.02
0 0.77625 0.70875 0.0225 0.0225
0 0.68 0.74 0.0275 0.0225
0 0.85875 0.7375 0.02 0.0275
0 0.86125 0.66875 0.02 0.0275
0 0.8125 0.70375 0.0275 0.02
0 0.815 0.7225 0.0225 0.0175
0 0.94875 0.70625 0.02 0.03
0 0.88375 0.70625 0.02 0.0275
0 0.80875 0.82 0.0225 0.02
0 0.94875 0.8825 0.0275 0.0225
0 0.84625 0.695 0.0225 0.02
0 0.82 0.68 0.0225 0.025
0 0.8425 0.7275 0.02 0.0225
0 0.8525 0.71125 0.025 0.02
0 0.69 0.7275 0.0225 0.015
0 0.90775 0.73612 0.0225 0.0225
