0 0.26677 0.81207 0.02428 0.02278
0 0.19407 0.92205 0.0221 0.0191
0 0.48885 0.54463 0.02057 0.02317
0 0.64 0.36625 0.0225 0.02
0 0.5925 0.49625 0.0225 0.0175
0 0.81625 0.45125 0.02 0.015
0 0.6075 0.4475 0.0175 0.015
0 0.595 0.3875 0.015 0.02
0 0.63875 0.42375 0.0225 0.0175
0 0.965 0.98625 0.025 0.0225
0 0.61875 0.895 0.0225 0.025
0 0.58125 0.97 0.02 0.02
0 0.61875 0.89625 0.0225 0.0225
0 0.66875 0.3875 0.0225 0.02
0 0.53375 0.8797 0.0225 0.0225
0 0.9025 0.48625 0.02 0.02
0 0.785 0.43 0.02 0.02
0 0.5375 0.96625 0.02 0.02
0 0.8975 0.7875 0.02 0.02
0 0.525 0.93375 0.0225 0.0225
0 0.90125 0.38875 0.02 0.02
0 0.61335 0.3863 0.01792 0.01492
0 0.60985 0.37312 0.01433 0.0123
0 0.82635 0.98455 0.017 0.01373
0 0.5271 0.9591 0.01492 0.01643
0 0.64303 0.84728 0.0182 0.01777
0 0.68962 0.7932 0.01852 0.02035
0 0.61625 0.87482 0.01963 0.02195
0 0.52033 0.53 0.0183 0.0186
