0 0.12625 0.24625 0.035 0.025
0 0.06625 0.2325 0.02 0.0225
0 0.0925 0.2725 0.0225 0.0275
0 0.02875 0.27875 0.02 0.0225
0 0.05375 0.2975 0.0225 0.03
0 0.06875 0.3275 0.0225 0.0225
0 0.12875 0.1125 0.025 0.0225
0 0.26875 0.04 0.0225 0.02
0 0.23125 0.115 0.02 0.025
0 0.245 0.1075 0.02 0.0225
0 0.26125 0.13375 0.02 0.0225
0 0.28625 0.16375 0.02 0.0225
0 0.29625 0.1775 0.0175 0.0225
0 0.46125 0.17375 0.0175 0.0225
0 0.47125 0.1625 0.0125 0.0175
0 0.5625 0.16125 0.02 0.0175
0 0.56125 0.1725 0.0225 0.015
0 0.50625 0.1475 0.015 0.0225
0 0.58 0.1225 0.0225 0.0225
0 0.50125 0.1625 0.02 0.0175
0 0.47 0.24625 0.0275 0.0275
0 0.69625 0.05875 0.0225 0.0175
0 0.11125 0.59375 0.0175 0.0175
0 0.20125 0.5575 0.025 0.0175
0 0.29125 0.59125 0.0175 0.0175
0 0.42 0.7475 0.02 0.02
0 0.42 0.7225 0.0175 0.02
0 0.315 0.72875 0.0225 0.02
0 0.54125 0.5975 0.0225 0.025
0 0.4875 0.65125 0.0225 0.0225
0 0.5625 0.53125 0.02 0.02
0 0.57375 0.515 0.02 0.02
0 0.54 0.455 0.02 0.02
0 0.91125 0.26375 0.0225 0.0275
0 0.58 0.5775 0.0225 0.025
0 0.20875 0.18625 0.025 0.0125
0 0.5725 0.45875 0.02 0.0225
0 0.5575 0.3775 0.025 0.0225
0 0.6025 0.32375 0.03 0.03
0 0.85 0.58625 0.02 0.0225
0 0.16875 0.74375 0.0225 0.0225
0 0.2575 0.5075 0.0225 0.025
0 0.195 0.5275 0.02 0.0175
0 0.22625 0.46875 0.0175 0.0175
0 0.25375 0.41 0.0175 0.025
0 0.24125 0.4425 0.025 0.0225
0 0.44125 0.49 0.0225 0.0225
0 0.34875 0.45375 0.0225 0.025
0 0.34125 0.49875 0.02 0.0225
0 0.4175 0.6125 0.02 0.0225
0 0.365 0.72 0.015 0.0175
0 0.58875 0.39125 0.0225 0.0225
0 0.9275 0.8425 0.02 0.02
0 0.2925 0.7075 0.0225 0.0225
0 0.40125 0.62625 0.02 0.02
0 0.45875 0.52125 0.0225 0.0225
0 0.6475 0.04625 0.02 0.02
0 0.6225 0.055 0.0225 0.02
0 0.8525 0.66 0.0225 0.0225
0 0.7675 0.70875 0.02 0.0175
0 0.26455 0.2433 0.0175 0.0175
0 0.58125 0.03875 0.0225 0.02
0 0.55375 0.40125 0.02 0.02
0 0.2375 0.0425 0.0225 0.0225
0 0.31 0.4275 0.0175 0.0175
0 0.6775 0.45042499999999996 0.02 0.02
0 0.9625 0.90875 0.0225 0.0225
0 0.46125 0.0775 0.02 0.0175
0 0.185 0.3025 0.02 0.0175
0 0.62125 0.36875 0.0225 0.02
0 0.7125 0.85 0.0225 0.0225
0 0.605 0.07125 0.0225 0.0225
0 0.43207500000000004 0.07792500000000001 0.0175 0.0175
0 0.705 0.360825 0.02 0.02
0 0.11625 0.895 0.0225 0.0225