0 0.0375 0.41875 0.0175 0.02
0 0.0725 0.44375 0.02 0.0175
0 0.08875 0.44375 0.02 0.02
0 0.1125 0.46625 0.02 0.025
0 0.625 0.25125 0.025 0.025
0 0.60625 0.23625 0.025 0.025
0 0.50625 0.17875 0.0175 0.02
0 0.49125 0.11125 0.0225 0.03
0 0.4475 0.1375 0.025 0.0225
0 0.44125 0.15875 0.02 0.02
0 0.45125 0.17125 0.02 0.02
0 0.78 0.24625 0.02 0.0225
0 0.605 0.2875 0.02 0.0225
0 0.6475 0.26875 0.0175 0.025
0 0.46625 0.245 0.025 0.025
0 0.51 0.39 0.02 0.025
0 0.11375 0.3975 0.02 0.02
0 0.25125 0.6025 0.02 0.02
0 0.13875 0.7325 0.025 0.0175
0 0.145 0.7925 0.02 0.02
0 0.11 0.8575 0.025 0.0225
0 0.64 0.66125 0.0275 0.02
0 0.63375 0.62125 0.0225 0.0175
0 0.73125 0.595 0.0225 0.02
0 0.76875 0.56875 0.02 0.02
0 0.9175 0.56375 0.025 0.0225
0 0.3575 0.815 0.0225 0.0225
0 0.39 0.80625 0.025 0.025
0 0.4025 0.85125 0.025 0.02
0 0.554 0.67483 0.02025 0.0197
