0 0.6275 0.58375 0.025 0.0275
0 0.50375 0.60625 0.02 0.0175
0 0.565 0.63625 0.0225 0.02
0 0.72125 0.645 0.025 0.0275
0 0.805 0.6525 0.025 0.0275
0 0.5075 0.70375 0.025 0.015
0 0.355 0.73 0.02 0.025
0 0.39125 0.75375 0.0175 0.0175
0 0.2175 0.7725 0.0225 0.02
0 0.28125 0.77875 0.0225 0.02
0 0.40375 0.8 0.02 0.02
0 0.33 0.83 0.0225 0.0225
0 0.43375 0.83875 0.0225 0.025
0 0.2625 0.55375 0.0275 0.03
0 0.81375 0.715 0.025 0.0225
0 0.43875 0.56375 0.0225 0.0225
0 0.33375 0.61625 0.02 0.02
0 0.52125 0.685 0.02 0.02
0 0.44375 0.59875 0.02 0.02
0 0.24 0.83875 0.02 0.02
0 0.66125 0.69375 0.025 0.0225
0 0.2325 0.885 0.02 0.02
0 0.9 0.6525 0.02 0.02
0 0.67625 0.59875 0.02 0.02
0 0.51375 0.63625 0.02 0.02
0 0.945 0.61625 0.02 0.02
0 0.43875 0.80625 0.02 0.02
0 0.2575 0.8175 0.02 0.02
0 0.285 0.6225 0.0225 0.02
0 0.3775 0.78 0.02 0.0175
0 0.46625 0.57625 0.0175 0.0175
0 0.64625 0.79125 0.0175 0.0175