0 0.05375 0.14625 0.0225 0.0225
0 0.31875 0.15125 0.0225 0.025
0 0.0575 0.26125 0.02 0.02
0 0.04375 0.27375 0.0175 0.02
0 0.05625 0.2925 0.0175 0.02
0 0.45 0.42625 0.02 0.02
0 0.47125 0.53125 0.0425 0.0275
0 0.39625 0.2125 0.03 0.03
0 0.41875 0.19125 0.025 0.035
0 0.4175 0.14625 0.0325 0.025
0 0.135 0.15375 0.02 0.015
0 0.0275 0.235 0.0225 0.03
0 0.30125 0.32125 0.0275 0.0175
0 0.3425 0.7 0.02 0.0175
0 0.41625 0.68125 0.03 0.025
0 0.43625 0.725 0.0225 0.0175
0 0.42 0.07625 0.0275 0.0225
0 0.23 0.1675 0.0225 0.03
0 0.32375 0.38375 0.0275 0.0275
