0 0.1675 0.57625 0.0225 0.02
0 0.13875 0.51625 0.0225 0.0225
0 0.2425 0.32 0.0225 0.0225
0 0.02125 0.80125 0.02 0.02
0 0.2625 0.39 0.0225 0.0225
0 0.14625 0.33875 0.0225 0.0225
0 0.22375 0.16375 0.0275 0.025
0 0.0675 0.10375 0.0225 0.0225
0 0.04375 0.44375 0.0225 0.0225
0 0.21125 0.67375 0.0225 0.0225
0 0.33875 0.11 0.025 0.025
0 0.02375 0.88 0.02 0.02
0 0.32375 0.18875 0.0225 0.0225
0 0.1375 0.28875 0.025 0.025
0 0.1175 0.32875 0.025 0.0225
0 0.115 0.70625 0.0275 0.025
0 0.21875 0.38 0.025 0.025
0 0.07875 0.63 0.025 0.0225
0 0.26375 0.3375 0.0225 0.02
0 0.18125 0.61375 0.0225 0.02
0 0.32 0.33875 0.0275 0.025
0 0.19625 0.7375 0.0225 0.0225
0 0.05625 0.85125 0.02 0.02
0 0.15875 0.36625 0.0225 0.02
0 0.07875 0.35375 0.0225 0.0225
0 0.0525 0.8175 0.02 0.02
0 0.0425 0.5325 0.02 0.02
0 0.08875 0.78125 0.02 0.02
0 0.31875 0.1025 0.0225 0.02
0 0.02375 0.7 0.02 0.02
0 0.15375 0.44375 0.0225 0.025
0 0.3175 0.38375 0.0225 0.02
0 0.15625 0.13 0.025 0.025
0 0.05 0.63375 0.02 0.02
0 0.395 0.84375 0.02 0.0175
0 0.0375 0.935 0.025 0.025
0 0.05 0.87875 0.02 0.02
0 0.3025 0.135 0.025 0.025
0 0.10625 0.89875 0.02 0.02
0 0.45875 0.895 0.02 0.0175
0 0.20375 0.70375 0.0225 0.02
0 0.26125 0.3 0.02 0.0225
0 0.08625 0.67125 0.02 0.0175
0 0.1825 0.295 0.025 0.0225
0 0.06 0.49375 0.025 0.025
0 0.025 0.90375 0.02 0.02
0 0.27125 0.36125 0.0225 0.03
0 0.3225 0.2275 0.0225 0.0225
0 0.12125 0.5525 0.0225 0.02
0 0.1425 0.27375 0.025 0.0225
0 0.19125 0.11875 0.025 0.0225
0 0.25625 0.09075 0.0225 0.0225
0 0.19972 0.5475 0.02553 0.0225
0 0.18375 0.45 0.0225 0.0225
0 0.1875 0.36875 0.02 0.0225
0 0.27973 0.51318 0.0182 0.02385
0 0.22125 0.53523 0.01883 0.03513
0 0.09975 0.55458 0.02022 0.01953
0 0.06343 0.56617 0.02227 0.02368
0 0.1639 0.71315 0.02902 0.01617
0 0.15132 0.72775 0.03107 0.02227
0 0.22082 0.42843 0.0238 0.0216
0 0.20235 0.43523 0.01837 0.02215
0 0.0483 0.6863 0.02223 0.0178
0 0.1602 0.52897 0.0156 0.0216
0 0.17895 0.523 0.0205 0.02053
0 0.17815 0.49393 0.01995 0.02
0 0.10587 0.3483 0.02215 0.01897
0 0.12543 0.49778 0.01887 0.0168
0 0.51 0.28875 0.02 0.02
0 0.63375 0.48875 0.0175 0.02
0 0.81375 0.98625 0.02 0.0175
0 0.80875 0.765 0.02 0.015
0 0.88625 0.81625 0.0175 0.0175
0 0.89375 0.53625 0.025 0.0225
0 0.82375 0.4525 0.025 0.0225
0 0.55375 0.48625 0.0225 0.0225
0 0.7575 0.8125 0.025 0.0225
0 0.83875 0.5375 0.0225 0.0225
