0 0.35625 0.31375 0.025 0.0225
0 0.216125 0.327425 0.0225 0.0275
0 0.395 0.30875 0.025 0.0225
0 0.935 0.51 0.025 0.025
0 0.92375 0.57 0.0225 0.025
0 0.9575 0.5575 0.0175 0.0225
0 0.97625 0.59 0.0225 0.015
0 0.49125 0.82 0.0225 0.0275
0 0.27875 0.79375 0.02 0.0225
0 0.3675 0.735 0.0275 0.0275
0 0.495 0.8575 0.0225 0.0225
0 0.74625 0.4475 0.0275 0.0275
0 0.7025 0.46125 0.0225 0.0225
0 0.96875 0.83875 0.025 0.0225
0 0.2125 0.715 0.025 0.0275
0 0.34875 0.35375 0.02 0.0225
0 0.365 0.3625 0.0225 0.0225
0 0.1825 0.41375 0.0275 0.025
0 0.89875 0.245 0.0225 0.0225
0 0.0525 0.87625 0.0225 0.02
0 0.175 0.6975 0.0225 0.02
0 0.745 0.4775 0.02 0.02
0 0.155 0.74625 0.0275 0.0275
0 0.57 0.4875 0.02 0.02
0 0.22375 0.4025 0.0225 0.0225
0 0.872125 0.27295 0.024825 0.024925000000000003