0 0.0225 0.40875 0.0175 0.0175
0 0.4575 0.4375 0.025 0.0225
0 0.28375 0.24375 0.0225 0.025
0 0.315 0.25875 0.025 0.02
0 0.42 0.15625 0.015 0.0175
0 0.43125 0.155 0.02 0.02
0 0.45375 0.1075 0.0175 0.0225
0 0.415 0.21625 0.0175 0.025
0 0.21125 0.0575 0.0225 0.0225
0 0.19125 0.10375 0.025 0.015
0 0.1875 0.16 0.0175 0.0175
0 0.23625 0.185 0.0175 0.02
0 0.36625 0.15375 0.0175 0.02
0 0.70875 0.07 0.025 0.0225
0 0.54 0.0625 0.0225 0.02
0 0.5475 0.0825 0.0175 0.0225
0 0.67 0.06375 0.0175 0.0175
0 0.68125 0.14625 0.02 0.025
0 0.565 0.14625 0.0225 0.025
0 0.57 0.17375 0.0175 0.02
0 0.57125 0.19375 0.02 0.025
0 0.55875 0.21625 0.02 0.0225
0 0.67375 0.23 0.02 0.025
0 0.64875 0.24875 0.0175 0.02
0 0.825 0.17125 0.025 0.02
0 0.85875 0.18875 0.0225 0.0225
0 0.805 0.225 0.0275 0.025
0 0.6975 0.23375 0.0225 0.025
0 0.72375 0.24625 0.0275 0.0325
0 0.7475 0.23875 0.0225 0.0275
0 0.94 0.3225 0.0225 0.02
0 0.895 0.37 0.0175 0.0225
0 0.91625 0.365 0.0225 0.0225
0 0.72875 0.135 0.02 0.015
0 0.735 0.0425 0.0225 0.02
0 0.70125 0.31 0.0225 0.015
0 0.83 0.3025 0.0225 0.0225
0 0.92875 0.235 0.025 0.0225
0 0.89125 0.4325 0.025 0.0275
0 0.79 0.34375 0.0225 0.0225
0 0.56875 0.42125 0.02 0.02
0 0.1475 0.71625 0.025 0.02
0 0.4875 0.59125 0.02 0.02
0 0.2075 0.6975 0.025 0.015
0 0.1625 0.64375 0.02 0.0175
0 0.42875 0.89 0.0225 0.0225
0 0.71875 0.555 0.025 0.0275
0 0.69875 0.5375 0.02 0.0225
0 0.68375 0.52375 0.02 0.02
0 0.815 0.59625 0.025 0.0275
0 0.8125 0.5625 0.0225 0.0225
0 0.86625 0.61625 0.0225 0.025
0 0.90625 0.605 0.02 0.025
0 0.94625 0.64375 0.0225 0.025
0 0.73 0.67125 0.02 0.0225
0 0.6725 0.73125 0.02 0.0275
0 0.62 0.73375 0.025 0.0225
0 0.56995 0.72985 0.0249 0.0278
0 0.71 0.75375 0.0225 0.0225
0 0.62375 0.7 0.0225 0.0225
0 0.7475 0.8225 0.0225 0.02
0 0.92875 0.7025 0.0225 0.0225
0 0.64125 0.83375 0.015 0.0175
0 0.7425 0.91875 0.0225 0.02
0 0.84875 0.95625 0.025 0.0175
0 0.8625 0.9275 0.02 0.0175
0 0.79 0.8925 0.02 0.0175
0 0.8225 0.825 0.0175 0.0175
0 0.9025 0.82875 0.02 0.025
0 0.82875 0.61625 0.0225 0.0225
0 0.7925 0.76375 0.0225 0.02
0 0.63125 0.595 0.0225 0.0225
