0 0.10125 0.0475 0.0225 0.0225
0 0.40875 0.085 0.0225 0.02
0 0.08163 0.0215 0.0168 0.02158
0 0.10357 0.01025 0.01968 0.0205
0 0.25392 0.222 0.02215 0.01897
0 0.3533 0.79885 0.02087 0.0209
0 0.1174 0.0648 0.01518 0.01145
0 0.1261 0.04723 0.01292 0.01413
0 0.1461 0.05225 0.01137 0.01698
0 0.1324 0.06798 0.021 0.01717
0 0.25088 0.0435 0.0196 0.01915
0 0.9325 0.7625 0.0225 0.025
0 0.85625 0.87625 0.02 0.02
0 0.90875 0.96625 0.0225 0.02
0 0.82875 0.9375 0.0225 0.02
0 0.90715 0.75222 0.02142 0.0241
0 0.8692 0.90938 0.01875 0.02232
0 0.71073 0.85045 0.02142 0.02053
