0 0.76625 0.855 0.0275 0.0275
0 0.8375 0.8 0.0225 0.0275
0 0.8475 0.71375 0.0225 0.025
0 0.76125 0.655 0.025 0.0225
0 0.675 0.8925 0.02 0.0175
0 0.75375 0.90875 0.0175 0.0175
0 0.5525 0.94625 0.02 0.0175
0 0.51875 0.96125 0.0225 0.02
0 0.67 0.79 0.0225 0.02
0 0.6861 0.73125 0.017775 0.0175
0 0.40875 0.86125 0.0175 0.0175
0 0.3 0.82 0.0175 0.015
0 0.31 0.79125 0.015 0.015
0 0.28375 0.79125 0.0225 0.0175
0 0.879725 0.597375 0.019775 0.018475
0 0.34 0.715 0.0175 0.015
0 0.8975 0.665 0.015 0.02
0 0.42875 0.54 0.0175 0.015
0 0.0475 0.7925 0.015 0.015
0 0.13 0.7425 0.015 0.015
0 0.075 0.7825 0.015 0.015
0 0.18625 0.48375 0.0225 0.02
0 0.20625 0.545 0.0225 0.02
0 0.44875 0.54375 0.0225 0.015
0 0.88625 0.435 0.0175 0.0175
0 0.21135 0.024624999999999998 0.022525 0.0167
0 0.325 0.7725 0.0225 0.02
0 0.6225 0.9525 0.0175 0.025
0 0.375 0.71375 0.02 0.02
0 0.93625 0.02875 0.025 0.0225
0 0.141775 0.7497750000000001 0.02 0.0175