0 0.135 0.085 0.02 0.02
0 0.95125 0.27 0.0175 0.02
0 0.0775 0.29 0.02 0.0175
0 0.99 0.295 0.0175 0.02
0 0.86 0.295 0.0275 0.0275
0 0.9725 0.3475 0.0275 0.0275
0 0.9575 0.31125 0.0175 0.025
0 0.07375 0.02125 0.025 0.015
0 0.77125 0.08375 0.0275 0.0275
0 0.165 0.05375 0.02 0.015
0 0.06125 0.07 0.0225 0.0225
0 0.715 0.74 0.0225 0.0225
0 0.7 0.83125 0.02 0.0275
0 0.83875 0.7325 0.0225 0.02
0 0.92625 0.65125 0.025 0.0225
0 0.39625 0.83 0.025 0.0225
0 0.35875 0.835 0.025 0.02
0 0.5825 0.6525 0.02 0.02
0 0.86375 0.6775 0.015 0.02
0 0.75375 0.91875 0.0175 0.0225
0 0.39625 0.83 0.025 0.0225
0 0.76125 0.835 0.025 0.025
0 0.69125 0.64125 0.02 0.02
0 0.86625 0.91 0.0225 0.0225
0 0.94875 0.625 0.025 0.025
