0 0.45875 0.41375 0.025 0.0175
0 0.3975 0.18625 0.025 0.0225
0 0.54 0.45125 0.02 0.02
0 0.405 0.2475 0.0225 0.0225
0 0.0575 0.38125 0.02 0.02
0 0.9 0.28125 0.0225 0.0225
0 0.105 0.07842 0.02 0.02
0 0.60178 0.4076 0.02142 0.0259
0 0.9174 0.31427 0.01875 0.01785
0 0.90448 0.08215 0.01965 0.02142
0 0.9326 0.28927 0.01875 0.01965
0 0.45135 0.11115 0.01875 0.01875
0 0.45535 0.09465 0.01785 0.01607
0 0.56472 0.25403 0.02232 0.0259
0 0.64597 0.17188 0.0241 0.02232
0 0.59153 0.4558 0.02232 0.0259
0 0.6116 0.4558 0.01785 0.01875
0 0.10535 0.4424 0.025 0.02053
0 0.60625 0.77875 0.0275 0.0275
0 0.695 0.8025 0.0225 0.0225
0 0.7275 0.9575 0.0275 0.025
0 0.645 0.93875 0.025 0.02
0 0.6 0.9325 0.0275 0.02
0 0.64125 0.905 0.0175 0.0175
0 0.75625 0.70125 0.0225 0.0225
0 0.6325 0.72 0.0225 0.0175
0 0.71375 0.595 0.0275 0.0225
0 0.6775 0.7575 0.02 0.0175
0 0.7475 0.63625 0.0225 0.0225
0 0.76 0.58625 0.0275 0.0275
0 0.7525 0.8175 0.0175 0.0175
0 0.77 0.81125 0.015 0.0225
0 0.71625 0.85 0.0225 0.02
0 0.75875 0.955 0.0175 0.02
0 0.60375 0.67375 0.0225 0.015
0 0.6975 0.7175 0.025 0.025
0 0.77 0.9125 0.0225 0.02
0 0.6475 0.64625 0.02 0.02
0 0.68625 0.89375 0.02 0.02
0 0.66375 0.72 0.025 0.025
0 0.24125 0.8725 0.02 0.02
0 0.62125 0.59875 0.02 0.02
0 0.735 0.55625 0.025 0.0225
