0 0.2175 0.37125 0.0225 0.0225
0 0.22875 0.415 0.02 0.02
0 0.25875 0.4 0.015 0.02
0 0.265 0.34 0.0125 0.0225
0 0.2225 0.455 0.025 0.0225
0 0.6475 0.02125 0.0175 0.02
0 0.75125 0.08875 0.0225 0.02
0 0.85625 0.1925 0.02 0.0225
0 0.82625 0.20375 0.02 0.0225
0 0.86625 0.285 0.0175 0.02
0 0.95625 0.3675 0.02 0.0225
0 0.52 0.27 0.03 0.03
0 0.8825 0.3225 0.0225 0.0225
0 0.85 0.29125 0.0225 0.0225
0 0.58625 0.5825 0.0225 0.0225
0 0.6325 0.655 0.0175 0.0175
0 0.63125 0.82 0.02 0.0175
0 0.6525 0.83 0.02 0.02
0 0.56625 0.8375 0.025 0.02
0 0.59875 0.84 0.025 0.0275
0 0.645 0.8625 0.02 0.015
0 0.61875 0.8725 0.0275 0.0225
0 0.65125 0.51 0.0225 0.02
0 0.54875 0.56875 0.03 0.025
0 0.97875 0.7475 0.02 0.0175
0 0.63125 0.675 0.0225 0.0225
0 0.61375 0.6675 0.0225 0.0175
0 0.61625 0.52125 0.02 0.025
0 0.90125 0.83875 0.02 0.02
0 0.605 0.6425 0.02 0.02
0 0.9075 0.9475 0.02 0.015
0 0.72375 0.8975 0.0225 0.0225
0 0.69125 0.875 0.02 0.02
