0 0.18375 0.355 0.0175 0.015
0 0.08375 0.3125 0.0175 0.02
0 0.0475 0.3825 0.0225 0.02
0 0.20125 0.78625 0.02 0.02
0 0.025 0.33625 0.02 0.0225
0 0.2675 0.41875 0.0225 0.0175
0 0.26125 0.43875 0.02 0.02
0 0.38625 0.23875 0.015 0.015
0 0.0925 0.35125 0.025 0.0225
0 0.185 0.37625 0.0175 0.0175
0 0.18875 0.405 0.0175 0.0175
0 0.25375 0.1575 0.015 0.0175
0 0.37875 0.18 0.0125 0.015
0 0.14875 0.46375 0.02 0.0175
0 0.06875 0.325 0.025 0.02
0 0.14375 0.76625 0.0175 0.0275
0 0.225 0.57625 0.025 0.0175
0 0.18 0.5825 0.0225 0.0175
0 0.1175 0.49125 0.0225 0.0225
0 0.18125 0.4875 0.02 0.015
0 0.17125 0.385 0.015 0.02
0 0.21625 0.34375 0.0125 0.02
0 0.0275 0.31375 0.02 0.0225
0 0.39375 0.26875 0.0125 0.0175
0 0.47125 0.4875 0.02 0.0225
0 0.485 0.4675 0.0225 0.025
0 0.30875 0.34125 0.0225 0.0225
0 0.29625 0.065 0.0225 0.0225
0 0.37875 0.80375 0.0275 0.025
0 0.335 0.1525 0.02 0.02
0 0.22 0.73375 0.0225 0.0225
0 0.09125 0.55625 0.025 0.025
0 0.4525 0.52082 0.02 0.02
0 0.29155 0.085 0.02 0.02
0 0.2075 0.5175 0.0225 0.0225
0 0.26 0.4675 0.0225 0.0225
0 0.3353 0.09875 0.0225 0.02
0 0.21 0.39375 0.02 0.02
0 0.44125 0.1925 0.02 0.02
0 0.3725 0.2025 0.02 0.025
0 0.2125 0.40625 0.02 0.02
0 0.735 0.41375 0.025 0.0225
0 0.8225 0.38375 0.025 0.02
0 0.7421 0.49155 0.02917 0.02438
0 0.67375 0.62625 0.02 0.0175
0 0.77375 0.555 0.02 0.02
0 0.73875 0.56125 0.02 0.015
0 0.78625 0.5225 0.0225 0.0175
0 0.8075 0.5475 0.02 0.015
0 0.695 0.87 0.0225 0.0225
0 0.565 0.8775 0.0275 0.0175
0 0.76625 0.21375 0.02 0.0175
0 0.56875 0.24125 0.02 0.0175
0 0.75625 0.08125 0.02 0.0175
0 0.6025 0.47625 0.0175 0.0225
0 0.6325 0.38625 0.025 0.0225
0 0.75 0.35625 0.0225 0.0175
0 0.57 0.08125 0.02 0.02
0 0.67375 0.14125 0.02 0.02
0 0.54625 0.35875 0.02 0.0225
0 0.7175 0.04 0.02 0.015
0 0.635 0.22625 0.0225 0.02
0 0.86625 0.9325 0.0225 0.02
0 0.52375 0.48375 0.025 0.0275
0 0.59125 0.24625 0.03 0.025
0 0.77625 0.03 0.03 0.025
0 0.8625 0.59125 0.025 0.0225
0 0.90625 0.335 0.0225 0.0175
0 0.6325 0.35625 0.0175 0.02
0 0.50875 0.4575 0.0175 0.0225
0 0.51375 0.4075 0.02 0.02
0 0.505 0.43375 0.01 0.025
0 0.77 0.18375 0.0175 0.015
0 0.92875 0.345 0.02 0.02
0 0.67 0.27375 0.0175 0.0175
0 0.8225 0.33125 0.02 0.02
0 0.71375 0.47625 0.0225 0.0225
0 0.56 0.495 0.0225 0.0225
