0 0.70375 0.4975 0.025 0.025
0 0.79625 0.6725 0.0225 0.0275
0 0.7125 0.745 0.0275 0.035
0 0.13375 0.59125 0.02 0.015
0 0.085 0.61625 0.0225 0.02
0 0.13125 0.56125 0.025 0.02
0 0.1625 0.48875 0.02 0.0225
0 0.32232500000000003 0.43125 0.025375 0.020025
0 0.24875 0.86625 0.02 0.025
0 0.15 0.8925 0.0225 0.02
0 0.73625 0.95 0.02 0.02
0 0.21 0.69625 0.0175 0.02
0 0.19375 0.71375 0.0225 0.02
0 0.14875 0.695 0.0225 0.0225
0 0.13875 0.75 0.025 0.02
0 0.18125 0.62375 0.02 0.0175
0 0.16875 0.61625 0.0175 0.02
0 0.761225 0.5182249999999999 0.025 0.0225
0 0.6875 0.51875 0.0225 0.02
0 0.73 0.52 0.0225 0.0225
0 0.1675 0.4675 0.0175 0.0175
0 0.27375 0.81125 0.015 0.02
0 0.77 0.33875 0.0225 0.02
0 0.05375 0.10125 0.0225 0.0225
0 0.285 0.8325 0.02 0.02
0 0.21125 0.88125 0.0225 0.0225
0 0.9690000000000001 0.77625 0.0225 0.0225
0 0.52875 0.94625 0.025 0.0225
0 0.01375 0.12625 0.025 0.025
0 0.115 0.6325 0.02 0.0175
0 0.17125 0.32 0.0225 0.0225
0 0.7625 0.73125 0.0225 0.02
0 0.745 0.3475 0.02 0.02
0 0.2125 0.56 0.02 0.02
0 0.8475 0.2225 0.025 0.025
0 0.75 0.48875 0.025 0.025
0 0.33 0.3425 0.0225 0.02
0 0.20625 0.745 0.0225 0.02
0 0.7475 0.38125 0.02 0.02
0 0.7075 0.2825 0.025 0.0225
0 0.21625 0.31875 0.02 0.02
0 0.19625 0.35125 0.02 0.02
0 0.15375 0.8325 0.0225 0.02
0 0.16375 0.5575 0.02 0.0175
0 0.3025 0.49375 0.02 0.02
0 0.12875 0.66 0.02 0.02
0 0.17875 0.58875 0.02 0.02