0 0.20875 0.345 0.0225 0.03
0 0.12375 0.4725 0.0275 0.0275
0 0.27125 0.40625 0.02 0.0225
0 0.48 0.43 0.025 0.0225
0 0.195 0.20625 0.0225 0.02
0 0.07 0.23 0.0225 0.0225
0 0.18125 0.26875 0.0225 0.0225
0 0.14375 0.17875 0.0225 0.0225
0 0.77 0.10375 0.0325 0.0275
0 0.7425 0.11 0.025 0.025
0 0.71625 0.36 0.0275 0.02
0 0.55375 0.395 0.025 0.0225
0 0.54 0.44625 0.0225 0.0225
0 0.6975 0.26375 0.0275 0.0275
0 0.075 0.805 0.0275 0.0225
0 0.06375 0.82125 0.02 0.0175
0 0.3975 0.59125 0.0225 0.02
0 0.355 0.795 0.0275 0.0275
0 0.4175 0.87375 0.0225 0.0225
0 0.27625 0.75125 0.025 0.0225
0 0.44 0.89875 0.02 0.02
0 0.37875 0.645 0.025 0.025
0 0.11 0.885 0.0225 0.0225
0 0.1275 0.61125 0.0275 0.0275
0 0.35625 0.69625 0.02 0.02
0 0.54875 0.6 0.025 0.0225
0 0.57 0.55125 0.02 0.0225
0 0.56125 0.81125 0.02 0.0225
0 0.62 0.90125 0.0275 0.0275
