0 0.22713 0.3571 0.02 0.02195
0 0.24498 0.30422 0.02 0.025
0 0.1175 0.28 0.015 0.0175
0 0.285 0.40375 0.0175 0.0225
0 0.34375 0.33875 0.015 0.0225
0 0.1256 0.3545 0.02118 0.019
0 0.34875 0.4025 0.0125 0.015
0 0.31125 0.43 0.0175 0.0175
0 0.295 0.36875 0.02 0.0175
0 0.08875 0.33875 0.02 0.0175
0 0.11625 0.19125 0.02 0.02
0 0.27 0.3075 0.0175 0.0175
0 0.1325 0.38625 0.02 0.02
0 0.8275 0.06375 0.02 0.02
0 0.81125 0.08375 0.0175 0.0175
0 0.83875 0.0775 0.0175 0.02
0 0.83 0.1125 0.0175 0.0175
0 0.90375 0.2325 0.0225 0.0225
0 0.935 0.115 0.02 0.02
0 0.85085 0.11523 0.02152 0.01955
0 0.8123 0.10562 0.02103 0.02197
0 0.83735 0.16627 0.01755 0.0165
0 0.7486 0.0991 0.01685 0.01963
