0 0.07375 0.12375 0.0225 0.015
0 0.3925 0.47625 0.0225 0.02
0 0.9325 0.4425 0.0225 0.02
0 0.92625 0.385 0.02 0.0225
0 0.90875 0.45625 0.0225 0.02
0 0.94125 0.4925 0.02 0.015
0 0.38 0.28875 0.0225 0.0175
0 0.0575 0.215 0.02 0.0175
0 0.4975 0.3425 0.0225 0.02
0 0.44375 0.255 0.02 0.02
0 0.43225 0.1442 0.02057 0.02378
0 0.23907 0.16405 0.02442 0.02873
0 0.3502 0.41675 0.02493 0.02105
0 0.35972 0.3116 0.02005 0.02708
0 0.49123 0.21732 0.0211 0.02115
0 0.20948 0.19995 0.02063 0.02332
0 0.42928 0.22983 0.02655 0.0168
0 0.39233 0.2722 0.02547 0.01895
0 0.57 0.02517 0.02322 0.01833
0 0.28875 0.7775 0.025 0.02
0 0.19 0.69125 0.0175 0.0175
0 0.14625 0.73375 0.0225 0.02
0 0.17875 0.90125 0.0225 0.0175
0 0.91 0.6975 0.02 0.02
0 0.94375 0.6925 0.02 0.0175
0 0.5675 0.6175 0.025 0.0225
0 0.845 0.7475 0.025 0.02
0 0.8575 0.725 0.02 0.02
0 0.51375 0.5375 0.02 0.0175
0 0.20375 0.7625 0.0225 0.0225
0 0.8125 0.78625 0.0225 0.02
0 0.9575 0.5725 0.0225 0.02
0 0.945 0.87125 0.02 0.02
0 0.91625 0.57625 0.0225 0.0225
0 0.26375 0.70625 0.02 0.02
0 0.42625 0.65875 0.02 0.02
0 0.82375 0.86625 0.0225 0.0225
0 0.3125 0.8775 0.02 0.0175
0 0.615 0.6675 0.0225 0.0225
0 0.5475 0.57375 0.0175 0.0175
0 0.4225 0.5375 0.02 0.0175
0 0.37125 0.70125 0.0175 0.0175
0 0.22625 0.805 0.02 0.02
0 0.1819 0.9325 0.02 0.0175
0 0.96 0.92125 0.02 0.02
0 0.54425 0.50958 0.0239 0.01915
0 0.43648 0.50892 0.0199 0.01783
0 0.18808 0.73942 0.02672 0.0198
0 0.3703 0.52235 0.0224 0.0205
0 0.35063 0.85483 0.0294 0.02197
0 0.79525 0.90382 0.02857 0.02598
0 0.94255 0.97347 0.03083 0.0182
0 0.90868 0.78442 0.02453 0.01947
0 0.48633 0.815 0.02672 0.02428
0 0.36182 0.65868 0.01607 0.01418
0 0.38388 0.61313 0.0213 0.017
0 0.96688 0.76142 0.02547 0.02033
0 0.9244 0.6727 0.01837 0.0213
0 0.96472 0.63207 0.02025 0.0179
0 0.4189 0.80677 0.0275 0.0217
0 0.18645 0.95752 0.01918 0.0191
0 0.2046 0.7951 0.0161 0.017
0 0.13812 0.92627 0.0275 0.02217
