0 0.25875 0.135 0.02 0.0175
0 0.26125 0.03875 0.015 0.0175
0 0.3775 0.05 0.02 0.0225
0 0.55 0.21125 0.0175 0.02
0 0.51 0.23 0.02 0.0175
0 0.95625 0.22 0.0175 0.015
0 0.9175 0.2525 0.02 0.02
0 0.51875 0.0725 0.0175 0.0175
0 0.485 0.0725 0.02 0.0175
0 0.4525 0.1125 0.0175 0.015
0 0.09875 0.2875 0.0275 0.025
0 0.29125 0.14375 0.0175 0.02
0 0.565 0.16625 0.0175 0.0175
0 0.815 0.0875 0.02 0.02
0 0.69375 0.2475 0.0225 0.02
0 0.41875 0.02 0.0225 0.025
0 0.97375 0.15375 0.015 0.0175
0 0.44875 0.04125 0.0225 0.02
0 0.9693 0.2685 0.0175 0.0175
0 0.5125 0.02375 0.0225 0.0225