0 0.40375 0.26875 0.02 0.0275
0 0.23125 0.205 0.025 0.02
0 0.26375 0.41125 0.0175 0.025
0 0.31375 0.4375 0.0225 0.02
0 0.25 0.42 0.0225 0.0175
0 0.60625 0.325 0.0225 0.0225
0 0.685 0.16375 0.02 0.0225
0 0.37125 0.3275 0.0225 0.0175
0 0.48625 0.4225 0.0175 0.02
0 0.47625 0.1125 0.0225 0.0175
0 0.40375 0.33375 0.025 0.02
0 0.25028 0.04535 0.02375 0.02142
0 0.27 0.2 0.02 0.02
0 0.26625 0.14 0.0175 0.0175
0 0.39375 0.47125 0.02 0.02
0 0.3025 0.41375 0.02 0.0225
0 0.63705 0.20448 0.02232 0.01427
0 0.29108 0.15982 0.01607 0.01427
0 0.3076 0.12857 0.01698 0.01785
0 0.62278 0.40045 0.02232 0.02053
0 0.93705 0.46562 0.01875 0.01875
0 0.37125 0.57125 0.0275 0.0275
0 0.41 0.50875 0.02 0.0175
0 0.49875 0.55 0.0275 0.0275
0 0.25375 0.5525 0.025 0.0225
0 0.50375 0.67375 0.0225 0.0225
0 0.595 0.545 0.025 0.0275
0 0.345 0.61125 0.0225 0.025
0 0.43875 0.5975 0.0225 0.0225
0 0.465 0.54375 0.02 0.0275
0 0.3425 0.71375 0.0225 0.0225
0 0.74073 0.7351 0.02393 0.02232
0 0.23875 0.70875 0.0225 0.025
0 0.40875 0.62125 0.0225 0.0225
0 0.20875 0.89875 0.025 0.025
0 0.45715 0.58035 0.01607 0.01785
0 0.3808 0.7491 0.02053 0.01965
0 0.4433 0.70448 0.01875 0.01607
0 0.42545 0.66517 0.01698 0.01607
0 0.44198 0.66517 0.01785 0.01607
0 0.47813 0.70135 0.01875 0.02232
0 0.48303 0.72812 0.02142 0.02053
0 0.5951 0.64197 0.02232 0.025
0 0.21027 0.7317 0.01518 0.01875
0 0.2259 0.73705 0.01607 0.01875
0 0.24285 0.61965 0.01785 0.01785
0 0.19375 0.68885 0.02322 0.02053
0 0.25403 0.6509 0.0241 0.02322
0 0.77277 0.70448 0.02053 0.025
0 0.23215 0.83215 0.01785 0.01785
0 0.22233 0.84955 0.01965 0.02053
0 0.4241 0.72677 0.01607 0.01785
0 0.24063 0.67677 0.02768 0.02142
