0 0.36 0.4225 0.0225 0.02
0 0.41875 0.3425 0.0175 0.0225
0 0.3825 0.28375 0.0175 0.0175
0 0.3625 0.2675 0.02 0.0175
0 0.36875 0.25125 0.0125 0.0125
0 0.35 0.215 0.0225 0.015
0 0.40875 0.325 0.0175 0.0125
0 0.86625 0.21375 0.0175 0.0175
0 0.51375 0.1625 0.03 0.025
0 0.49 0.4775 0.0225 0.0175
0 0.5225 0.07375 0.025 0.025
0 0.24875 0.475 0.0275 0.03
0 0.38625 0.27 0.0175 0.015
0 0.3425 0.19875 0.025 0.0175
0 0.27125 0.46625 0.02 0.02
0 0.21875 0.275 0.0275 0.0275
0 0.34125 0.27125 0.02 0.02
0 0.47375 0.04875 0.02 0.02
0 0.3275 0.18625 0.02 0.02
0 0.325 0.24 0.0175 0.0175
0 0.45875 0.91875 0.0175 0.02
0 0.51 0.7175 0.02 0.0175
0 0.43125 0.6625 0.02 0.0225
0 0.415 0.6575 0.0175 0.015
0 0.47375 0.655 0.025 0.0175
0 0.44 0.84625 0.0175 0.02
0 0.405 0.57125 0.0225 0.02
0 0.45 0.55875 0.02 0.02
0 0.49 0.83625 0.0225 0.0225
0 0.505 0.92625 0.0175 0.02
0 0.47875 0.92625 0.0175 0.0175
0 0.385 0.84875 0.0175 0.02
0 0.575 0.6525 0.0175 0.015
0 0.64625 0.9275 0.02 0.0225
0 0.39125 0.73875 0.025 0.0275
0 0.54875 0.69625 0.025 0.025
0 0.61625 0.945 0.0175 0.02
0 0.73 0.73625 0.0225 0.025
0 0.4825 0.61 0.0225 0.0225
0 0.50625 0.97097 0.02 0.02
0 0.41125 0.89625 0.0225 0.0225
0 0.58 0.86875 0.02 0.02
0 0.4175 0.54125 0.02 0.02
0 0.57 0.915 0.025 0.025
0 0.54 0.9275 0.02 0.02
0 0.61885 0.95827 0.02717 0.02342
0 0.5325 0.69125 0.02 0.02
