0 0.41 0.82375 0.02 0.0225
0 0.34375 0.71625 0.02 0.02
0 0.425 0.35125 0.02 0.0225
0 0.325 0.8175 0.0175 0.0175
0 0.4175 0.79 0.0225 0.02
0 0.4117 0.06335 0.01982 0.01953
0 0.233 0.3142 0.01777 0.0177
0 0.85965 0.3848 0.0218 0.02158
0 0.66 0.96375 0.0225 0.0175
0 0.68515 0.28625 0.02265 0.02
0 0.75375 0.0675 0.0225 0.0225
0 0.5305 0.83903 0.02205 0.02123
0 0.8225 0.8 0.015 0.02
0 0.61125 0.58 0.0175 0.02
0 0.625 0.52125 0.0175 0.0175
0 0.50625 0.8225 0.0125 0.02
0 0.7075 0.47625 0.0175 0.0175
0 0.675 0.48875 0.0175 0.0175
0 0.70625 0.18125 0.0175 0.02
0 0.79 0.15375 0.02 0.015
0 0.66625 0.92875 0.02 0.02
0 0.9475 0.69875 0.02 0.02
0 0.7235 0.19163 0.01907 0.0203
0 0.85242 0.46028 0.01915 0.02415
0 0.65785 0.9878 0.01748 0.02125
0 0.8276 0.82692 0.01773 0.01815
0 0.67738 0.06785 0.01545 0.01963
0 0.57048 0.6026 0.01955 0.0213
0 0.5301 0.88982 0.02092 0.01712
0 0.85178 0.0603 0.0196 0.02415
