0 0.645 0.31875 0.0175 0.0225
0 0.75375 0.26875 0.02 0.02
0 0.3925 0.24375 0.02 0.0225
0 0.47375 0.29125 0.02 0.025
0 0.59375 0.335 0.0175 0.0225
0 0.664725 0.27052499999999996 0.024474999999999997 0.021425
0 0.51125 0.30625 0.0275 0.0275
0 0.7103499999999999 0.29545 0.02465 0.025525000000000003
0 0.56 0.3625 0.0275 0.0225
0 0.63375 0.3725 0.025 0.025
0 0.39375 0.2875 0.02 0.025
0 0.55 0.334375 0.01965 0.01875
0 0.5866 0.36205 0.021425 0.020525
0 0.435275 0.621875 0.016975 0.020525
0 0.4 0.604025 0.021425 0.022324999999999998