0 0.38375 0.03875 0.0225 0.0225
0 0.38125 0.18125 0.025 0.015
0 0.375 0.205 0.0225 0.0175
0 0.4275 0.18375 0.025 0.02
0 0.42625 0.15625 0.025 0.0125
0 0.37 0.1 0.0175 0.015
0 0.34125 0.17875 0.02 0.015
0 0.295 0.2075 0.0275 0.0225
0 0.39875 0.105 0.0175 0.015
0 0.38625 0.095 0.0175 0.015
0 0.2 0.13625 0.025 0.0225
0 0.285 0.6625 0.0225 0.0175
0 0.35375 0.90375 0.0275 0.0275
0 0.27 0.55125 0.0225 0.02
0 0.15133 0.5899 0.02105 0.0228
0 0.0603 0.8158 0.0171 0.01843
0 0.59723 0.91865 0.02063 0.01825
