0 0.32125 0.45375 0.0225 0.0225
0 0.41625 0.47 0.02 0.0225
0 0.25125 0.35875 0.02 0.0175
0 0.45875 0.40375 0.0225 0.0225
0 0.4675 0.1525 0.0225 0.0225
0 0.42125 0.055 0.0225 0.02
0 0.365 0.0875 0.0225 0.02
0 0.35 0.28125 0.0225 0.0225
0 0.41625 0.34 0.0225 0.02
0 0.33125 0.20875 0.0225 0.0225
0 0.32625 0.08 0.02 0.02
0 0.2225 0.36625 0.02 0.0175
0 0.2525 0.425 0.02 0.0175
0 0.43245 0.40395 0.02018 0.02602
0 0.3002 0.40048 0.02662 0.02138
0 0.406 0.40395 0.0231 0.0237
0 0.3993 0.4272 0.02368 0.02252
0 0.4275 0.45278 0.0231 0.0225
0 0.58375 0.235 0.0275 0.0225
0 0.74625 0.28875 0.0275 0.0175
0 0.60625 0.2175 0.0275 0.02
0 0.88875 0.14125 0.0225 0.0175
0 0.61375 0.4125 0.0225 0.0225
0 0.6675 0.1675 0.02 0.02
0 0.66125 0.1275 0.02 0.0175
0 0.68125 0.31375 0.025 0.0225
0 0.54875 0.47 0.0225 0.02
0 0.80875 0.22 0.0225 0.0225
0 0.58928 0.25662 0.0218 0.01798
0 0.79237 0.167 0.01928 0.02118
0 0.789 0.24738 0.02378 0.0191
0 0.7013 0.31005 0.0177 0.0219
0 0.60738 0.25728 0.01495 0.02265
0 0.83237 0.17043 0.01972 0.0222
0 0.48125 0.78875 0.02 0.0175
0 0.1325 0.81875 0.0225 0.0225
0 0.1575 0.69375 0.0225 0.0225
0 0.27375 0.54 0.02 0.02
0 0.48625 0.61375 0.02 0.02
0 0.29875 0.58625 0.02 0.02
0 0.12375 0.7175 0.0225 0.02
0 0.1025 0.65625 0.02 0.02
0 0.265 0.62875 0.0225 0.0225
0 0.34875 0.59012 0.02 0.0175
0 0.24 0.56 0.0225 0.0225
0 0.24875 0.60625 0.02 0.02
0 0.16375 0.5125 0.02 0.0175
0 0.45375 0.63 0.02 0.02
0 0.0625 0.83 0.0225 0.0225
0 0.4 0.9475 0.025 0.025
0 0.36375 0.5725 0.02 0.02
0 0.41875 0.665 0.02 0.02
0 0.03125 0.90625 0.02 0.02
0 0.32 0.90625 0.0225 0.02
0 0.1175 0.84125 0.02 0.02
0 0.09125 0.72375 0.02 0.0175
0 0.46875 0.825 0.02 0.02
0 0.30875 0.785 0.02 0.02
0 0.3375 0.61375 0.02 0.0175
0 0.19875 0.71 0.02 0.02
0 0.24875 0.5775 0.025 0.02
0 0.655 0.565 0.025 0.025
0 0.54625 0.9425 0.0225 0.02
0 0.5325 0.61375 0.02 0.02
0 0.67125 0.5525 0.0225 0.0225
0 0.6375 0.5175 0.0225 0.02
0 0.8 0.56125 0.0225 0.0225
0 0.51125 0.93625 0.02 0.025
0 0.7825 0.7 0.02 0.02
0 0.565 0.9675 0.0225 0.0225
0 0.51125 0.82625 0.02 0.0175
0 0.7575 0.56 0.02 0.02
