0 0.39875 0.84625 0.025 0.02
0 0.4375 0.74 0.0275 0.02
0 0.25875 0.53 0.0275 0.0225
0 0.055 0.805 0.0175 0.0225
0 0.05875 0.65875 0.02 0.0175
0 0.085 0.1425 0.02 0.0175
0 0.20177 0.13225 0.02647 0.022
0 0.20875 0.0925 0.02 0.02
0 0.19875 0.03625 0.0225 0.0175
0 0.15625 0.06 0.0175 0.02
0 0.1375 0.05625 0.0175 0.0175
0 0.24875 0.635 0.0175 0.0175
0 0.29875 0.35875 0.02 0.015
0 0.36875 0.91 0.025 0.02
0 0.09625 0.66625 0.025 0.02
0 0.25375 0.04875 0.0275 0.025
0 0.0925 0.0225 0.0225 0.02
0 0.1875 0.3075 0.02 0.02
0 0.41375 0.77125 0.02 0.02
0 0.1325 0.23375 0.02 0.02
0 0.13 0.20375 0.0225 0.02
0 0.30875 0.55375 0.0225 0.0225
0 0.2275 0.1025 0.02 0.02
0 0.1525 0.385 0.02 0.02
0 0.0375 0.04125 0.0225 0.0225
0 0.30375 0.22875 0.0225 0.0225
0 0.09125 0.565 0.0225 0.0225
0 0.23 0.125 0.0225 0.02
0 0.22125 0.19375 0.02 0.02
0 0.42 0.8 0.02 0.02
0 0.59875 0.15625 0.02 0.0175
