0 0.7990999999999999 0.5968 0.021825 0.02545
0 0.87125 0.4375 0.0175 0.0225
0 0.94375 0.43 0.0175 0.02
0 0.9 0.46125 0.0175 0.0125
0 0.6575 0.82125 0.02 0.0175
0 0.61375 0.60375 0.02 0.0225
0 0.28875 0.86 0.0225 0.0175
0 0.50125 0.54125 0.02 0.0175
0 0.98 0.08125 0.0225 0.025
0 0.94545 0.505775 0.020874999999999998 0.021575
0 0.75 0.61125 0.025 0.0225
0 0.6413249999999999 0.904 0.02155 0.023725
0 0.84375 0.575 0.0175 0.015
0 0.8507750000000001 0.6496 0.0225 0.021275
0 0.92375 0.11875 0.025 0.0175
0 0.19125 0.15125 0.0175 0.0175
0 0.1475 0.17375 0.0225 0.0225
0 0.7875 0.64625 0.02 0.02
0 0.76875 0.71875 0.02 0.02
0 0.50125 0.54125 0.02 0.0175
0 0.36625 0.7275 0.0225 0.0225
0 0.76125 0.5925 0.02 0.02
0 0.94 0.24625 0.02 0.02
0 0.91345 0.197125 0.019775 0.019225000000000003
0 0.9222 0.22317499999999998 0.017625 0.016
0 0.8335250000000001 0.505275 0.020625 0.017675
0 0.776675 0.494925 0.01765 0.01665
0 0.6518999999999999 0.991075 0.018075 0.017849999999999998
0 0.9307 0.872175 0.01675 0.019375
0 0.935775 0.855925 0.018000000000000002 0.017225
0 0.769 0.60635 0.015575 0.019450000000000002
0 0.94965 0.48109999999999997 0.015349999999999999 0.01755