0 0.50375 0.08125 0.0225 0.02
0 0.4225 0.13625 0.025 0.0225
0 0.1275 0.235 0.02 0.0225
0 0.09625 0.4825 0.0225 0.02
0 0.44625 0.08 0.0225 0.02
0 0.46 0.065 0.02 0.0175
0 0.06125 0.05 0.025 0.0225
0 0.3525 0.2975 0.0225 0.0225
0 0.23625 0.2875 0.02 0.02
0 0.32862 0.07987 0.01997 0.01645
0 0.32993 0.0596 0.0191 0.01865
0 0.49105 0.05488 0.01337 0.0199
0 0.035 0.515 0.0225 0.0175
0 0.49875 0.82625 0.0225 0.02
0 0.98 0.915 0.0225 0.02
0 0.98625 0.71125 0.02 0.0175
0 0.32375 0.9525 0.025 0.0225
0 0.945 0.8675 0.03 0.03
0 0.4875 0.805 0.0225 0.0225
