0 0.33875 0.6725 0.03 0.025
0 0.17875 0.80625 0.02 0.0275
0 0.2875 0.7725 0.0175 0.0175
0 0.11375 0.6325 0.02 0.02
0 0.32125 0.6 0.02 0.015
0 0.24 0.73 0.015 0.015
0 0.15625 0.2325 0.0225 0.02
0 0.105 0.83375 0.0225 0.0175
0 0.16625 0.9475 0.025 0.025
0 0.41625 0.81625 0.025 0.0175
0 0.255 0.9 0.0175 0.0175
0 0.25 0.87875 0.015 0.0175
0 0.17625 0.90125 0.0175 0.0175
0 0.18 0.6275 0.0225 0.02
0 0.1725 0.65125 0.0225 0.02
0 0.4275 0.41375 0.0225 0.0225
0 0.0375 0.75625 0.02 0.02
0 0.365 0.755 0.0175 0.0175
0 0.215 0.72625 0.02 0.02
0 0.22 0.50375 0.02 0.02
0 0.41 0.65625 0.02 0.02
0 0.215 0.70375 0.02 0.02
0 0.37875 0.70125 0.02 0.02
0 0.33125 0.51375 0.02 0.02
0 0.15125 0.61875 0.02 0.02
0 0.86375 0.44 0.03 0.025
0 0.94375 0.8025 0.0225 0.0225
0 0.78875 0.9425 0.0275 0.03
0 0.555 0.94375 0.02 0.0225
0 0.61375 0.94375 0.0225 0.0175
0 0.68375 0.93 0.02 0.02
0 0.62125 0.9025 0.02 0.0225
0 0.66 0.92125 0.015 0.0175
0 0.6275 0.93 0.015 0.015
0 0.81375 0.92375 0.0225 0.015
0 0.86625 0.3775 0.0225 0.0225
0 0.6925 0.4725 0.02 0.02
0 0.96375 0.11875 0.02 0.0225
0 0.97625 0.1575 0.0225 0.0325
0 0.69125 0.84125 0.0225 0.02
0 0.805 0.90125 0.015 0.0225
0 0.7725 0.91125 0.0225 0.0175
0 0.7675 0.98625 0.02 0.02
0 0.68 0.91 0.01 0.0175
0 0.68375 0.93 0.02 0.02
0 0.79625 0.51625 0.02 0.02
0 0.88875 0.39 0.02 0.02
0 0.82375 0.4125 0.02 0.02
0 0.895 0.06625 0.0225 0.0225
0 0.87125 0.03 0.02 0.02
0 0.66625 0.84 0.02 0.02
