0 0.50875 0.545 0.0325 0.0325
0 0.1625 0.51125 0.0275 0.03
0 0.17875 0.48125 0.025 0.0275
0 0.2125 0.58 0.03 0.0325
0 0.20045000000000002 0.545975 0.0259 0.025525000000000003
0 0.38625 0.49625 0.0225 0.025
0 0.35375 0.475 0.0225 0.0225
0 0.23572500000000002 0.52135 0.0275 0.023025000000000004
0 0.145 0.44625 0.025 0.025
0 0.57545 0.035725 0.016975 0.016075
0 0.345975 0.48972499999999997 0.0241 0.0241
0 0.140175 0.41517499999999996 0.014275 0.017849999999999998
0 0.7308 0.5942000000000001 0.022324999999999998 0.022324999999999998
0 0.672775 0.11115 0.016975 0.016975