0 0.0725 0.505 0.02 0.0175
0 0.10625 0.27875 0.0275 0.0275
0 0.195 0.3025 0.0225 0.0225
0 0.3825 0.6625 0.0225 0.025
0 0.2275 0.4575 0.0275 0.025
0 0.145 0.43875 0.025 0.02
0 0.1 0.4325 0.0275 0.02
0 0.14125 0.405 0.0175 0.0175
0 0.25625 0.20125 0.0225 0.0225
0 0.1325 0.22 0.0225 0.0175
0 0.21375 0.095 0.0275 0.0225
0 0.1225 0.55125 0.0225 0.02
0 0.1775 0.2575 0.02 0.0175
0 0.2475 0.13625 0.0225 0.0225
0 0.26 0.08625 0.0275 0.0275
0 0.2525 0.3175 0.0175 0.0175
0 0.27 0.31125 0.015 0.0225
0 0.21625 0.35 0.0225 0.02
0 0.25875 0.455 0.0175 0.02
0 0.10375 0.17375 0.0225 0.015
0 0.1975 0.2175 0.025 0.025
0 0.27 0.4125 0.0225 0.02
0 0.20875 0.5 0.02 0.02
0 0.1475 0.14625 0.02 0.02
0 0.18625 0.39375 0.02 0.02
0 0.16375 0.22 0.025 0.025
0 0.4034 0.6675 0.0225 0.0225
0 0.37 0.5425 0.02 0.02
0 0.14 0.62 0.0225 0.0225
0 0.44715 0.69625 0.0225 0.0225
0 0.10875 0.52215 0.0225 0.0225
0 0.3125 0.6075 0.02 0.02
0 0.12125 0.09875 0.02 0.02
0 0.235 0.05625 0.025 0.0225
0 0.15125 0.6825 0.0175 0.0175
0 0.975 0.19125 0.02 0.02
0 0.7375 0.90875 0.02 0.02
0 0.825 0.1 0.0225 0.0175
0 0.53375 0.755 0.0175 0.015
0 0.94 0.65125 0.025 0.025
0 0.97125 0.25 0.0175 0.0175
0 0.96125 0.8675 0.02 0.02
0 0.56375 0.31375 0.02 0.02
0 0.53125 0.7775 0.0225 0.0225
0 0.805 0.935 0.025 0.025
0 0.94125 0.38625 0.02 0.0175
