0 0.21875 0.74 0.0175 0.0275
0 0.25125 0.74 0.02 0.0225
0 0.28 0.81625 0.025 0.025
0 0.3525 0.8125 0.0225 0.0225
0 0.24125 0.90125 0.0225 0.0175
0 0.19625 0.87375 0.0225 0.02
0 0.2325 0.875 0.0175 0.02
0 0.25955 0.8725 0.02 0.02
0 0.27 0.90625 0.02 0.0225
0 0.23 0.8425 0.02 0.02
0 0.09 0.16625 0.025 0.02
0 0.1725 0.54625 0.0225 0.0225
0 0.28875 0.6575 0.0225 0.0275
0 0.03125 0.20375 0.025 0.025
0 0.2225 0.50375 0.0275 0.0275
0 0.08125 0.09375 0.015 0.02
0 0.06125 0.08375 0.0225 0.025
0 0.085 0.21625 0.0175 0.0175
0 0.06375 0.235 0.02 0.02
0 0.24375 0.6875 0.0175 0.02
0 0.22125 0.695 0.025 0.025
0 0.06375 0.3275 0.02 0.0225
0 0.36 0.88625 0.0175 0.0175
0 0.2025 0.7875 0.0225 0.0225
0 0.24 0.78625 0.0225 0.0225
0 0.30125 0.8975 0.025 0.025
0 0.03375 0.31625 0.025 0.025
0 0.09375 0.24 0.02 0.02
0 0.19875 0.915 0.02 0.02
0 0.26 0.92445 0.02 0.02
0 0.27375 0.84625 0.02 0.02
0 0.29625 0.69055 0.0225 0.0225
0 0.09465 0.3181 0.0199 0.02295
0 0.09362 0.33417 0.02805 0.0194
0 0.2778 0.72373 0.025 0.02092
0 0.31683 0.75407 0.03163 0.0245
0 0.32858 0.79668 0.02348 0.01785
0 0.33853 0.83113 0.02295 0.0194
0 0.6225 0.76 0.0225 0.015
0 0.60375 0.57875 0.0225 0.015
0 0.61125 0.54375 0.0175 0.01
0 0.59625 0.56 0.015 0.0125
0 0.545 0.45375 0.02 0.02
0 0.54 0.95 0.0225 0.02
