0 0.03375 0.36875 0.0225 0.02
0 0.15625 0.45125 0.0175 0.02
0 0.17375 0.43125 0.025 0.025
0 0.13625 0.09125 0.0225 0.015
0 0.23625 0.11375 0.0275 0.0275
0 0.47875 0.11875 0.0225 0.0225
0 0.6275 0.20375 0.02 0.0225
0 0.57375 0.1 0.0175 0.0225
0 0.51375 0.2425 0.02 0.0325
0 0.6775 0.2375 0.02 0.025
0 0.15 0.56125 0.0275 0.0275
0 0.4025 0.95875 0.02 0.02
0 0.4625 0.86125 0.02 0.0225
0 0.07 0.80625 0.0225 0.0225
0 0.04 0.80375 0.015 0.015
0 0.02125 0.795 0.0175 0.0175
0 0.15375 0.8175 0.02 0.0225
0 0.28375 0.92625 0.0175 0.0225
0 0.42375 0.83875 0.025 0.03
0 0.3225 0.84625 0.025 0.0275
0 0.21875 0.565 0.02 0.0225
0 0.4225 0.6775 0.02 0.0175
0 0.27 0.76625 0.025 0.015
0 0.21625 0.64 0.015 0.015
