0 0.95625 0.1225 0.025 0.0225
0 0.1775 0.67875 0.02 0.0175
0 0.073225 0.90845 0.015375000000000002 0.01875
0 0.09422499999999999 0.907825 0.01575 0.017375
0 0.9425 0.49375 0.0175 0.015
0 0.825 0.37375 0.0175 0.0125
0 0.895 0.44375 0.0225 0.02
0 0.11875 0.91625 0.025 0.0225
0 0.99125 0.44375 0.015 0.0175
0 0.95125 0.4575 0.0225 0.0225
0 0.204 0.617675 0.016925 0.019275
0 0.175975 0.65865 0.018000000000000002 0.015525
0 0.07730000000000001 0.8782 0.018875 0.015325
0 0.881625 0.414675 0.0204 0.02045
0 0.9256749999999999 0.47887500000000005 0.015625 0.020225