0 0.1225 0.55625 0.02 0.0175
0 0.17125 0.56125 0.015 0.015
0 0.14375 0.56625 0.02 0.0175
0 0.19 0.56875 0.0225 0.015
0 0.205 0.5875 0.02 0.015
0 0.13125 0.58875 0.0175 0.015
0 0.07375 0.605 0.0225 0.02
0 0.13375 0.62125 0.0175 0.015
0 0.05375 0.86 0.0225 0.02
0 0.154475 0.70215 0.023925000000000002 0.025
0 0.11535000000000001 0.60205 0.014650000000000002 0.015525
0 0.17052499999999998 0.585275 0.014275 0.0134
0 0.021875 0.7807999999999999 0.016975 0.016975
0 0.008475 0.627675 0.015175000000000001 0.016075
0 0.09285 0.59285 0.016075 0.014275
0 0.20670000000000002 0.565625 0.015175000000000001 0.016975
0 0.024550000000000002 0.621425 0.0134 0.017849999999999998
0 0.072325 0.814275 0.01965 0.014275
0 0.1259 0.814275 0.017849999999999998 0.016075