0 0.195 0.38125 0.025 0.0225
0 0.21375 0.28625 0.0225 0.0175
0 0.1895 0.2273 0.01852 0.0196
0 0.3 0.2675 0.0225 0.02
0 0.40875 0.2525 0.0175 0.0225
0 0.42375 0.24875 0.0175 0.025
0 0.41 0.33 0.0225 0.0225
0 0.2375 0.3 0.0225 0.0225
0 0.6775 0.38 0.025 0.025
0 0.53375 0.46125 0.025 0.025
0 0.81125 0.18625 0.025 0.025
0 0.81355 0.39595 0.03112 0.02558
0 0.8444 0.3471 0.02877 0.0279
0 0.6261 0.43455 0.03122 0.02
0 0.31625 0.645 0.0225 0.025
0 0.13 0.80375 0.0275 0.02
0 0.0825 0.91625 0.03 0.0225
0 0.35 0.95625 0.0225 0.02
0 0.38253 0.73863 0.02255 0.02475
0 0.34472 0.87248 0.02672 0.02342
0 0.26235 0.80025 0.02115 0.01655
0 0.24972 0.78695 0.0184 0.02033
0 0.71125 0.64875 0.0225 0.0175
0 0.7075 0.68875 0.0225 0.0225
0 0.56 0.9525 0.0225 0.02
0 0.85375 0.71125 0.0275 0.025
0 0.56625 0.81875 0.0225 0.02
