0 0.93625 0.78375 0.025 0.02
0 0.95 0.8325 0.025 0.03
0 0.1425 0.88625 0.025 0.0225
0 0.65 0.78625 0.0225 0.0225
0 0.88375 0.5375 0.0225 0.02
0 0.845 0.525 0.0275 0.025
0 0.9425 0.3725 0.02 0.015
0 0.945 0.29 0.02 0.025
0 0.43375 0.66 0.0175 0.02
0 0.73375 0.96375 0.02 0.015
0 0.92 0.9325 0.02 0.03
0 0.915 0.89875 0.025 0.0275
0 0.89 0.19375 0.0225 0.02
0 0.8825 0.76875 0.0225 0.0275
0 0.3925 0.83375 0.0175 0.015
0 0.1325 0.6175 0.0275 0.02
0 0.95125 0.075 0.025 0.0225
0 0.3925 0.68125 0.0175 0.0225
0 0.3975 0.65875 0.0225 0.0225
0 0.96125 0.54625 0.025 0.025