0 0.4775 0.03375 0.0175 0.0225
0 0.66 0.28875 0.03 0.0225
0 0.9 0.29375 0.0275 0.02
0 0.735 0.40625 0.03 0.0225
0 0.85875 0.4325 0.025 0.0225
0 0.6725 0.43625 0.0275 0.02
0 0.67875 0.45125 0.0175 0.0175
0 0.83375 0.4675 0.02 0.02
0 0.56625 0.40375 0.0225 0.0175
0 0.9625 0.49125 0.02 0.0175
0 0.96625 0.475 0.0175 0.0175
0 0.6975 0.38125 0.025 0.02
0 0.71125 0.4475 0.02 0.02
0 0.8625 0.39875 0.0225 0.02
0 0.875 0.03375 0.02 0.02
0 0.83625 0.4025 0.02 0.02
0 0.75125 0.3775 0.0225 0.0225
0 0.94375 0.4325 0.0275 0.03
0 0.76625 0.685 0.0275 0.025
0 0.87875 0.69 0.03 0.0275
0 0.94125 0.89875 0.02 0.02
0 0.77625 0.65375 0.025 0.0225
0 0.90375 0.79 0.0225 0.0225
0 0.8925 0.875 0.0275 0.0275
0 0.7775 0.635 0.0225 0.0225
0 0.67125 0.67625 0.0225 0.0225
0 0.6825 0.55875 0.02 0.02
