0 0.12 0.0425 0.0175 0.0175
0 0.03125 0.45125 0.02 0.0225
0 0.03125 0.5025 0.0175 0.0225
0 0.00625 0.51625 0.01 0.02
0 0.1725 0.505 0.02 0.02
0 0.1475 0.33625 0.0225 0.02
0 0.18875 0.36875 0.0225 0.0175
0 0.34125 0.42 0.0225 0.02
0 0.4775 0.3975 0.02 0.02
0 0.455 0.38875 0.025 0.0225
0 0.62875 0.31 0.02 0.02
0 0.49 0.2575 0.0225 0.0225
0 0.49 0.3 0.0275 0.025
0 0.3775 0.3275 0.015 0.0175
0 0.51375 0.32375 0.0225 0.02
0 0.30875 0.3825 0.0175 0.0175
0 0.42375 0.38 0.02 0.0225
0 0.28875 0.1425 0.025 0.0275
0 0.0175 0.18625 0.0225 0.0175
0 0.50375 0.58125 0.0225 0.02
0 0.4225 0.63625 0.025 0.0225
0 0.1275 0.735 0.02 0.0225
0 0.09625 0.9825 0.0225 0.02
0 0.44625 0.58 0.0225 0.02
0 0.46 0.565 0.02 0.0175
0 0.125 0.255 0.025 0.025
0 0.06125 0.55 0.025 0.0225
0 0.3525 0.7975 0.0225 0.0225
0 0.09125 0.0475 0.0225 0.0225
0 0.0475 0.06125 0.025 0.0225
0 0.57 0.34875 0.02 0.02
0 0.185 0.32 0.0225 0.0225
0 0.14375 0.515 0.02 0.02
0 0.06375 0.51125 0.02 0.02
0 0.73 0.495 0.02 0.02
0 0.66875 0.32 0.02 0.02
0 0.2725 0.05625 0.02 0.02
0 0.16 0.15875 0.025 0.025
0 0.6975 0.4725 0.0225 0.0225
0 0.23625 0.7875 0.02 0.02
0 0.57375 0.24625 0.0275 0.025
0 0.52625 0.34375 0.02 0.02
0 0.17 0.18875 0.02 0.02
0 0.16 0.4425 0.02 0.02
0 0.33125 0.33875 0.0225 0.0225
0 0.73 0.2775 0.02 0.02
0 0.21 0.45375 0.02 0.0175
0 0.33125 0.3875 0.0175 0.0175
0 0.4575 0.35375 0.02 0.02
0 0.538075 0.267925 0.021124999999999998 0.021974999999999998
0 0.512725 0.28962499999999997 0.020375 0.027125
0 0.53295 0.29145 0.018574999999999998 0.025075
0 0.043250000000000004 0.171225 0.0197 0.0227
0 0.037025 0.19405 0.02045 0.025675
0 0.097675 0.010049999999999998 0.029975 0.020099999999999996
0 0.32862499999999994 0.5798749999999999 0.019975 0.01645
0 0.329925 0.5596 0.0191 0.01865
0 0.24350000000000002 0.43524999999999997 0.01095 0.01795
0 0.49105 0.554875 0.013375 0.0199