0 0.81375 0.6775 0.0225 0.025
0 0.70625 0.5775 0.025 0.02
0 0.905 0.64625 0.02 0.02
0 0.81375 0.51125 0.02 0.0175
0 0.79625 0.525 0.02 0.02
0 0.655 0.1825 0.025 0.02
0 0.51 0.13875 0.02 0.0275
0 0.54 0.145 0.0225 0.0175
0 0.6425 0.8775 0.025 0.0225
0 0.58625 0.38875 0.0275 0.0225
0 0.87875 0.07 0.0275 0.0175
0 0.87 0.22375 0.015 0.015
0 0.7975 0.155 0.0175 0.02
0 0.76375 0.3 0.02 0.0225
0 0.725 0.8375 0.02 0.02
0 0.785 0.80875 0.025 0.025
0 0.7375 0.855 0.0175 0.0175
0 0.77375 0.8825 0.02 0.0225
0 0.82625 0.275 0.0225 0.02
0 0.67 0.585 0.025 0.0225
0 0.88 0.24125 0.0225 0.015
0 0.73625 0.64375 0.02 0.0175
0 0.7725 0.625 0.02 0.0175
0 0.58875 0.58 0.0175 0.02
0 0.69 0.81625 0.02 0.0225
0 0.65625 0.945 0.02 0.02
0 0.82625 0.3625 0.0175 0.015
0 0.80875 0.32875 0.0175 0.02
0 0.55375 0.18 0.02 0.02
0 0.85625 0.2775 0.0225 0.0225
0 0.85625 0.25375 0.02 0.0225
0 0.68 0.11875 0.025 0.0225
0 0.59625 0.2675 0.0175 0.02
0 0.60125 0.19375 0.02 0.0275
0 0.84375 0.48125 0.02 0.0225
0 0.88875 0.66375 0.02 0.0225
0 0.925 0.48625 0.0225 0.02
0 0.71 0.33125 0.0225 0.025
0 0.555 0.20125 0.015 0.0175
0 0.57125 0.2175 0.02 0.02
0 0.67625 0.18 0.02 0.0175
0 0.6675 0.16875 0.02 0.02
0 0.69375 0.1525 0.02 0.02