0 0.295 0.21625 0.0275 0.0225
0 0.29 0.13875 0.0175 0.0225
0 0.255 0.1325 0.03 0.0275
0 0.2925 0.0525 0.025 0.025
0 0.115 0.05125 0.0275 0.0225
0 0.175 0.19875 0.02 0.0225
0 0.13285 0.2138 0.0199 0.01925
0 0.09 0.03 0.0175 0.0275
0 0.47625 0.1575 0.035 0.025
0 0.42125 0.11625 0.0225 0.0225
0 0.35 0.06625 0.0225 0.0225
0 0.26625 0.28625 0.0225 0.0275
0 0.28125 0.32625 0.02 0.015
0 0.295 0.34 0.0125 0.0175
0 0.32875 0.32125 0.0175 0.0225
0 0.33125 0.215 0.015 0.0175
0 0.3425 0.21375 0.0125 0.0175
0 0.30875 0.36625 0.0175 0.015
0 0.65875 0.56625 0.025 0.0225
0 0.62 0.98625 0.0275 0.0275
0 0.56 0.57388 0.0225 0.02
0 0.8075 0.38625 0.0225 0.0225
