0 0.3475 0.25375 0.0225 0.02
0 0.33 0.2725 0.025 0.0175
0 0.79875 0.3275 0.0175 0.0225
0 0.695 0.2825 0.02 0.02
0 0.66875 0.345 0.02 0.0225
0 0.745 0.48875 0.0225 0.0175
0 0.7725 0.5075 0.0225 0.0175
0 0.84875 0.08625 0.0225 0.02
0 0.835 0.3825 0.02 0.02
0 0.86375 0.44125 0.0225 0.02
0 0.935 0.485 0.02 0.0175
0 0.935 0.555 0.02 0.0175
0 0.5175 0.2175 0.0175 0.0175
0 0.26625 0.2 0.0175 0.02
0 0.735 0.2275 0.0175 0.0175
0 0.26625 0.4775 0.0225 0.02
0 0.9325 0.28625 0.0175 0.0175
0 0.97875 0.13875 0.025 0.025
0 0.9575 0.47625 0.0225 0.02
0 0.765 0.16875 0.0225 0.0225
0 0.22875 0.24875 0.025 0.0225
0 0.825 0.64375 0.0225 0.02
0 0.085 0.04875 0.0225 0.0225
0 0.97625 0.04375 0.0225 0.0225
0 0.8 0.3575 0.0225 0.02
0 0.131575 0.0269 0.020625 0.021225
0 0.73875 0.15 0.02 0.02
0 0.254025 0.467925 0.022324999999999998 0.016200000000000003
0 0.122875 0.051775 0.024325 0.02495
0 0.155225 0.006725 0.014525 0.013349999999999999
0 0.24447500000000003 0.0913 0.017525 0.0183
0 0.280725 0.287 0.018600000000000002 0.018625
0 0.235 0.356225 0.016399999999999998 0.021400000000000002
0 0.930575 0.012875000000000001 0.0183 0.0204
0 0.9477 0.2922 0.013500000000000002 0.019175
0 0.9372499999999999 0.5262 0.017325 0.018475
0 0.87965 0.43477499999999997 0.0175 0.019525
0 0.144025 0.018125 0.015525 0.015525
0 0.50665 0.7817000000000001 0.0169 0.020525
0 0.24775 0.39425 0.020525 0.020649999999999998
0 0.7670999999999999 0.451 0.0235 0.018075
0 0.9198999999999999 0.08795 0.018375 0.015149999999999999
0 0.932925 0.111775 0.019424999999999998 0.016425000000000002
0 0.9214 0.12532500000000002 0.016 0.014924999999999999
0 0.582425 0.438875 0.017075 0.0187
0 0.5841 0.419525 0.016425000000000002 0.01585
0 0.6518 0.468675 0.014325000000000001 0.015925
0 0.45042499999999996 0.624675 0.020475 0.018975
0 0.866425 0.6466500000000001 0.02035 0.020075
0 0.6106 0.587825 0.024775000000000002 0.022075