0 0.30875 0.54375 0.0275 0.02
0 0.45125 0.7725 0.03 0.0225
0 0.4775 0.72375 0.025 0.025
0 0.1775 0.80875 0.025 0.02
0 0.1925 0.76875 0.02 0.0275
0 0.0725 0.695 0.0225 0.0225
0 0.15875 0.715 0.0225 0.02
0 0.72625 0.91125 0.025 0.0225
0 0.6375 0.5225 0.03 0.0225
0 0.2325 0.93375 0.0225 0.0175
0 0.34 0.9225 0.025 0.02
0 0.06 0.9025 0.0175 0.015
0 0.6425 0.07625 0.02 0.02
0 0.6575 0.05625 0.015 0.015
0 0.875 0.10625 0.0175 0.02
0 0.215 0.65625 0.0175 0.02
0 0.71 0.95875 0.03 0.0225
0 0.855 0.02125 0.0275 0.0275
0 0.84625 0.10125 0.0225 0.0225
0 0.195 0.98 0.02 0.0175
0 0.2375 0.7975 0.0175 0.015
0 0.405 0.57 0.015 0.0225
0 0.2925 0.505 0.0175 0.0125
0 0.26125 0.80875 0.0175 0.0175
0 0.76625 0.09375 0.0175 0.0175
0 0.70625 0.54125 0.0225 0.0175
0 0.70875 0.555 0.0225 0.015
0 0.35375 0.0475 0.025 0.025
0 0.42125 0.7175 0.02 0.02
0 0.1475 0.94875 0.0225 0.025
0 0.28375 0.71625 0.0175 0.0175
0 0.1425 0.96125 0.0225 0.0225
0 0.29625 0.13125 0.025 0.025
0 0.11375 0.97 0.025 0.025
0 0.10125 0.2625 0.02 0.02
0 0.815 0.87125 0.02 0.0175