0 0.48125 0.45875 0.025 0.025
0 0.5125 0.41375 0.0225 0.02
0 0.6375 0.4825 0.025 0.0275
0 0.58125 0.2 0.03 0.0225
0 0.5275 0.21625 0.0175 0.02
0 0.6025 0.36375 0.0275 0.0175
0 0.6525 0.37125 0.02 0.0225
0 0.9025 0.35375 0.025 0.0175
0 0.89625 0.33625 0.02 0.0175
0 0.9775 0.27375 0.0225 0.02
0 0.70375 0.415 0.0225 0.025
0 0.79 0.2325 0.025 0.02
0 0.31125 0.07125 0.025 0.0225
0 0.26 0.1975 0.025 0.025
0 0.9025 0.1625 0.02 0.02
0 0.66875 0.34375 0.0225 0.02
0 0.62625 0.31 0.02 0.02
0 0.27 0.11875 0.02 0.02
0 0.19125 0.18125 0.02 0.02
0 0.61375 0.38 0.02 0.02
0 0.165 0.25125 0.0225 0.02
0 0.73 0.26125 0.0225 0.0225
0 0.50625 0.47125 0.02 0.02
0 0.035 0.45375 0.02 0.02
0 0.10125 0.23875 0.02 0.02
0 0.2375 0.27 0.0225 0.02
0 0.52875 0.3025 0.0225 0.0225
0 0.5 0.26 0.0225 0.0225
0 0.83875 0.24125 0.0225 0.0225
0 0.31375 0.0375 0.02 0.02
0 0.9375 0.29125 0.0225 0.0225
0 0.24625 0.25125 0.02 0.02
0 0.17875 0.45875 0.0225 0.0225
0 0.14 0.39375 0.02 0.02
0 0.39875 0.42375 0.02 0.02
0 0.64375 0.33 0.02 0.02
0 0.47625 0.1725 0.0225 0.0225
0 0.5275 0.4625 0.02 0.02
0 0.10368 0.4127 0.0266 0.02803
0 0.14225 0.31937 0.03358 0.02475
0 0.9519 0.31772 0.02898 0.02148
0 0.76848 0.29005 0.0303 0.02478
0 0.8744 0.21067 0.01533 0.02317
0 0.4177 0.45272 0.01933 0.02365
0 0.76927 0.32248 0.0238 0.02908
0 0.66927 0.37615 0.0176 0.01712
0 0.68453 0.46285 0.02127 0.02027
0 0.55068 0.4719 0.01528 0.02072
0 0.5727 0.39073 0.01847 0.01798
0 0.8589 0.14772 0.02105 0.02638
0 0.92368 0.10487 0.01572 0.01965
0 0.4925 0.635 0.0275 0.0275
0 0.5425 0.605 0.0225 0.0175
0 0.41625 0.645 0.02 0.0175
0 0.42625 0.6675 0.02 0.02
0 0.515 0.53625 0.0225 0.0225
0 0.47875 0.5925 0.02 0.02
0 0.4575 0.67 0.0225 0.0225
0 0.18625 0.77 0.025 0.0225
0 0.62625 0.5275 0.0225 0.02
0 0.655 0.56 0.0275 0.02
0 0.895 0.63625 0.02 0.0275
0 0.11875 0.77 0.025 0.025
0 0.755 0.79625 0.02 0.02
0 0.78625 0.7825 0.02 0.02
0 0.65 0.95 0.0225 0.0225
0 0.26625 0.575 0.0275 0.025
0 0.8275 0.775 0.0225 0.02
0 0.17625 0.69 0.025 0.0225
0 0.85 0.68375 0.02 0.02
0 0.2325 0.64875 0.0225 0.02
0 0.20925 0.76448 0.02803 0.02388
0 0.19622 0.6285 0.0249 0.02275
