0 0.57875 0.74875 0.025 0.025
0 0.365 0.15 0.025 0.02
0 0.26455 0.17170000000000002 0.024825 0.0216
0 0.303225 0.18125 0.025724999999999998 0.026775000000000004
0 0.08625 0.2375 0.02 0.02
0 0.09125 0.255 0.0225 0.0175
0 0.6491 0.71635 0.023225 0.024825
0 0.835 0.74625 0.0175 0.02
0 0.44034999999999996 0.71955 0.02215 0.022324999999999998
0 0.462675 0.7722249999999999 0.026425 0.032325
0 0.6932250000000001 0.6717 0.021425 0.0216
0 0.5716 0.6283 0.021425 0.022324999999999998
0 0.5210750000000001 0.66625 0.02035 0.021425
0 0.57875 0.74875 0.025 0.025
0 0.225 0.215 0.025 0.025
0 0.60965 0.72125 0.023225 0.020724999999999997
0 0.09125 0.2525 0.0225 0.0225
0 0.115 0.16875 0.0275 0.0275
0 0.014724999999999999 0.270975 0.01875 0.022324999999999998
0 0.896875 0.854025 0.01875 0.01875
0 0.354475 0.054025 0.017849999999999998 0.022324999999999998
0 0.08035 0.26785 0.016075 0.01965
0 0.746425 0.86115 0.021425 0.020525