0 0.8825 0.1975 0.0225 0.0225
0 0.885 0.4825 0.0225 0.0225
0 0.825 0.30875 0.02 0.015
0 0.8925 0.32875 0.0225 0.02
0 0.83375 0.33 0.02 0.0175
0 0.4575 0.4075 0.0225 0.0225
0 0.59875 0.34 0.0275 0.025
0 0.59625 0.2275 0.02 0.015
0 0.655 0.40125 0.025 0.025
0 0.59375 0.1475 0.0225 0.0225
0 0.65375 0.14 0.0225 0.0225
0 0.68 0.89625 0.025 0.025
0 0.23625 0.55125 0.0275 0.025
0 0.54875 0.59125 0.02 0.02
0 0.855 0.5175 0.025 0.02
0 0.89625 0.6275 0.0275 0.0175
0 0.9075 0.6425 0.0275 0.0175
0 0.88875 0.73375 0.025 0.025
0 0.94375 0.59 0.0225 0.0225
0 0.58875 0.6625 0.0225 0.0225
0 0.45 0.52125 0.0225 0.0225
0 0.5894 0.6205 0.02822 0.02828
0 0.85085 0.68705 0.0214 0.02623
0 0.25837 0.5128 0.02155 0.0256
0 0.55902 0.6141 0.0256 0.02898
