0 0.93375 0.48125 0.0225 0.02
0 0.27125 0.2225 0.025 0.0175
0 0.955 0.035 0.0225 0.0225
0 0.89875 0.2475 0.02 0.02
0 0.76875 0.15375 0.0225 0.0225
0 0.1375 0.5925 0.0175 0.0175
0 0.0675 0.605 0.0175 0.0225
0 0.1125 0.56875 0.0225 0.02
0 0.105 0.55375 0.0225 0.0175
0 0.1625 0.5725 0.0225 0.0175
0 0.18375 0.62375 0.02 0.0175
0 0.19375 0.63625 0.02 0.015
0 0.20875 0.59125 0.025 0.02
0 0.2175 0.56625 0.015 0.0175
0 0.2275 0.53375 0.0225 0.015
0 0.2675 0.6425 0.02 0.0225
0 0.335 0.685 0.0175 0.0225
0 0.33875 0.645 0.015 0.02
0 0.44115 0.66547 0.0202 0.02092
0 0.46187 0.6705 0.02625 0.02602
0 0.59625 0.62875 0.0175 0.0225
0 0.5825 0.62 0.0175 0.0175
0 0.92528 0.5759 0.02132 0.01855
0 0.8775 0.6325 0.025 0.025
0 0.125 0.70875 0.0175 0.0175
0 0.13 0.7225 0.015 0.0225
0 0.15375 0.71 0.015 0.0175
0 0.16375 0.72125 0.0275 0.0225
0 0.165 0.7375 0.0225 0.025
0 0.20675 0.74358 0.021 0.02285
0 0.0275 0.735 0.0175 0.02
0 0.135 0.78875 0.0175 0.025
0 0.16875 0.7675 0.02 0.025
0 0.13125 0.7625 0.0275 0.0275
0 0.09 0.75625 0.025 0.0325
0 0.1075 0.75375 0.02 0.0175
0 0.14625 0.81 0.025 0.0225
0 0.11875 0.82875 0.0175 0.015
0 0.09 0.81 0.0175 0.0175
0 0.14115 0.8716 0.0277 0.02428
0 0.10375 0.87625 0.015 0.02
0 0.0275 0.94625 0.025 0.0225
0 0.03875 0.93 0.0225 0.02
0 0.2225 0.8575 0.0175 0.025
0 0.28125 0.90125 0.0175 0.0275
0 0.20875 0.92375 0.025 0.025
0 0.33875 0.93625 0.0275 0.03
0 0.5575 0.7825 0.02 0.025
0 0.5225 0.8075 0.0175 0.0275
0 0.5025 0.81 0.0175 0.03
0 0.5875 0.7775 0.0175 0.0225
0 0.475 0.76875 0.02 0.025
0 0.53625 0.82 0.02 0.02
0 0.6075 0.86875 0.025 0.0275
0 0.4925 0.84625 0.0225 0.025
0 0.58 0.57 0.0225 0.0225
0 0.645 0.83875 0.0225 0.0225
0 0.23125 0.76375 0.0225 0.02
0 0.1025 0.85625 0.02 0.02
0 0.19375 0.88125 0.0225 0.02
0 0.4975 0.74875 0.02 0.02
0 0.59875 0.59625 0.0225 0.02
0 0.645 0.9275 0.0275 0.0275
