0 0.365 0.70625 0.0275 0.025
0 0.07625 0.58375 0.02 0.02
0 0.32125 0.57625 0.02 0.02
0 0.35125 0.56375 0.025 0.02
0 0.2075 0.655 0.02 0.02
0 0.17125 0.68 0.0175 0.0175
0 0.05875 0.7875 0.02 0.02
0 0.030699999999999998 0.736025 0.026099999999999998 0.019525
0 0.435 0.86375 0.0225 0.0225
0 0.215 0.8725 0.0225 0.02
0 0.0475 0.56375 0.02 0.0175
0 0.35875 0.62375 0.0175 0.0175
0 0.86 0.02875 0.025 0.025
0 0.25625 0.73625 0.0225 0.0175
0 0.455 0.67875 0.02 0.02
0 0.475 0.665 0.0175 0.015
0 0.99125 0.11875 0.0175 0.0225
0 0.335 0.12625 0.025 0.025
0 0.23 0.50625 0.0225 0.02