0 0.5875 0.33375 0.02 0.025
0 0.8025 0.36875 0.02 0.02
0 0.8575 0.33125 0.0225 0.0225
0 0.72875 0.21625 0.02 0.02
0 0.75267 0.29642 0.01785 0.01785
0 0.30875 0.92375 0.0225 0.025
0 0.16625 0.80125 0.02 0.02
0 0.45823 0.93535 0.02393 0.02572
0 0.2 0.76625 0.02 0.02
0 0.18573 0.8116 0.01785 0.01965
0 0.49285 0.5201 0.01427 0.0241
0 0.93375 0.66875 0.02142 0.02178
0 0.9049 0.74625 0.01698 0.02
0 0.5775 0.76875 0.02 0.0175
0 0.5566 0.79625 0.0225 0.02142
0 0.8692 0.7799 0.01875 0.01875
0 0.89597 0.77948 0.01698 0.01607
