0 0.35625 0.2175 0.025 0.0225
0 0.27 0.315 0.0175 0.0225
0 0.32875 0.4825 0.025 0.015
0 0.20875 0.33125 0.0225 0.02
0 0.62875 0.05125 0.02 0.015
0 0.7575 0.48125 0.02 0.0225
0 0.95375 0.415 0.0175 0.02
0 0.9025 0.18875 0.0225 0.025
0 0.96625 0.27875 0.02 0.0175
0 0.66 0.02375 0.0225 0.02
0 0.9425 0.46 0.02 0.02
0 0.07875 0.59625 0.02 0.0175
0 0.18875 0.9 0.0225 0.025
0 0.065 0.755 0.02 0.02
0 0.0725 0.7025 0.02 0.02
0 0.08875 0.88875 0.0225 0.025
0 0.15 0.85875 0.015 0.0225
0 0.06625 0.93625 0.015 0.0175
0 0.135 0.93625 0.02 0.02
0 0.2575 0.9325 0.02 0.025
0 0.275 0.88625 0.0225 0.0225
0 0.2575 0.90625 0.02 0.02
0 0.25375 0.89125 0.0175 0.0175
0 0.30875 0.92375 0.025 0.015
0 0.315 0.9375 0.0225 0.02
0 0.385 0.96625 0.0225 0.015
0 0.2925 0.94125 0.0225 0.0225
0 0.30875 0.97 0.0225 0.02
0 0.09625 0.51625 0.0225 0.0225
0 0.32625 0.90885 0.02 0.02
0 0.93 0.57125 0.025 0.0275
0 0.61 0.625 0.0275 0.0225
0 0.61 0.71125 0.0175 0.02
0 0.96375 0.6325 0.0175 0.0175
