0 0.16670000000000001 0.718925 0.0209 0.021425
0 0.880525 0.47635 0.026075 0.0184
0 0.26135 0.925625 0.026600000000000002 0.0259
0 0.19454999999999997 0.91385 0.0216 0.017325
0 0.7207250000000001 0.524475 0.021425 0.023925000000000002
0 0.7434000000000001 0.47840000000000005 0.021775000000000003 0.02465
0 0.873475 0.621975 0.0184 0.022850000000000002
0 0.75375 0.50875 0.02 0.02
0 0.735 0.51 0.015 0.0225
0 0.93625 0.82375 0.025 0.02
0 0.65 0.88 0.02 0.02
0 0.45125 0.745 0.0225 0.0175
0 0.69965 0.4825 0.02 0.02
0 0.803025 0.6101 0.020724999999999997 0.017325
0 0.6925 0.51 0.0225 0.0225
0 0.27052499999999996 0.847325 0.021425 0.017849999999999998
0 0.36875 0.8875 0.01965 0.017849999999999998
0 0.88615 0.678125 0.020525 0.0241
0 0.7357250000000001 0.5290250000000001 0.023225 0.016975
0 0.775 0.4567 0.023225 0.020525
0 0.8875 0.65535 0.017849999999999998 0.017849999999999998
0 0.8901749999999999 0.634375 0.01965 0.01875
0 0.929475 0.659825 0.01965 0.01965
0 0.92635 0.68035 0.01875 0.017849999999999998
0 0.859375 0.7339249999999999 0.022324999999999998 0.01965