0 0.1875 0.29875 0.015 0.0225
0 0.08375 0.235 0.025 0.0225
0 0.315 0.3275 0.025 0.0175
0 0.2375 0.31 0.025 0.0225
0 0.33875 0.29625 0.0275 0.0325
0 0.3675 0.36 0.03 0.025
0 0.3425 0.3225 0.0225 0.0175
0 0.31875 0.405 0.03 0.02
0 0.35625 0.3975 0.0225 0.0175
0 0.35125 0.43125 0.0275 0.0175
0 0.29125 0.17625 0.02 0.02
0 0.18375 0.10125 0.0225 0.02
0 0.47125 0.14125 0.0225 0.0225
0 0.34 0.25625 0.0275 0.0275
0 0.2825 0.21125 0.0225 0.02
0 0.30625 0.14875 0.02 0.02
0 0.52 0.04375 0.0225 0.02
0 0.54875 0.10125 0.0225 0.025
0 0.6725 0.11625 0.0225 0.0225
0 0.6575 0.205 0.03 0.03
0 0.57875 0.095 0.0225 0.025
0 0.63375 0.19125 0.0175 0.0175
