0 0.22625 0.385 0.02 0.02
0 0.75765 0.0247 0.01533 0.0169
0 0.74625 0.03625 0.02 0.015
0 0.88 0.4175 0.0325 0.0275
0 0.84125 0.42125 0.0225 0.0225
0 0.545 0.42125 0.02 0.02
0 0.68 0.43125 0.02 0.02
0 0.32625 0.96375 0.0175 0.0175
0 0.26 0.72875 0.0225 0.0175
0 0.28 0.725 0.02 0.0225
0 0.325 0.76875 0.025 0.0175
0 0.43625 0.70875 0.02 0.02
0 0.33215 0.8875 0.02 0.02
0 0.5375 0.94 0.02 0.0275
0 0.89875 0.7925 0.03 0.0275
0 0.9375 0.7625 0.025 0.02
0 0.8225 0.765 0.02 0.0225
0 0.745 0.81 0.0175 0.0175
0 0.69875 0.63 0.0175 0.02
0 0.835 0.85875 0.02 0.02
0 0.7825 0.65043 0.02 0.02
0 0.7825 0.84125 0.02 0.02
