0 0.28 0.0175 0.02 0.0175
0 0.295 0.02375 0.0175 0.02
0 0.2925 0.08125 0.0225 0.0225
0 0.755 0.3075 0.02 0.02
0 0.71375 0.53375 0.02 0.02
0 0.83125 0.52 0.0225 0.02
0 0.9 0.5825 0.02 0.0175
0 0.8075 0.6625 0.0325 0.025
0 0.88 0.63625 0.0275 0.0225
0 0.93125 0.5825 0.02 0.015
0 0.89625 0.72125 0.0225 0.0225
0 0.28875 0.97875 0.0225 0.025
0 0.1175 0.95875 0.0325 0.0225
0 0.45125 0.21125 0.025 0.0225
0 0.41375 0.16375 0.02 0.02
0 0.5625 0.2925 0.0325 0.015
0 0.65875 0.02375 0.02 0.0225
0 0.82625 0.13375 0.0275 0.03
0 0.66375 0.11 0.0225 0.0225
0 0.735 0.61375 0.025 0.025
0 0.81375 0.7125 0.0225 0.02
0 0.9425 0.469675 0.0275 0.025
0 0.5575 0.38 0.0225 0.0225
0 0.43125 0.0575 0.025 0.025
0 0.605 0.37625 0.0225 0.0225
0 0.56875 0.24 0.025 0.025
0 0.50375 0.16 0.025 0.025
0 0.285 0.86125 0.02 0.02
0 0.32625 0.09375 0.02 0.02
0 0.73125 0.35625 0.0225 0.0225
0 0.435 0.1875 0.0225 0.0225
0 0.79125 0.74 0.0225 0.0225
0 0.9225 0.50625 0.0275 0.0275
0 0.65 0.81 0.0225 0.0225
0 0.71125 0.56875 0.0275 0.0275
0 0.735 0.07 0.025 0.025
0 0.765 0.82 0.0225 0.02
0 0.89375 0.78875 0.0225 0.0225
0 0.18 0.82625 0.02 0.02
0 0.3425 0.2075 0.02 0.02
0 0.805 0.045 0.0275 0.0275
0 0.0625 0.685 0.0225 0.0225
0 0.0325 0.47625 0.0275 0.025
0 0.1175 0.55625 0.02 0.02
0 0.95625 0.46625 0.025 0.025