0 0.2375 0.08 0.025 0.0225
0 0.22625 0.14 0.025 0.0225
0 0.27875 0.0775 0.025 0.0275
0 0.88 0.05125 0.02 0.02
0 0.275 0.0975 0.0225 0.025
0 0.895 0.07 0.02 0.02
0 0.71573 0.07053 0.02485 0.03252
0 0.68625 0.6525 0.02 0.0175
0 0.47375 0.6325 0.0225 0.02
0 0.4725 0.6625 0.025 0.02
0 0.61625 0.6575 0.02 0.02
0 0.43375 0.81125 0.0225 0.0175
0 0.4175 0.74875 0.0275 0.0225
0 0.4975 0.625 0.025 0.02
0 0.765 0.51 0.0175 0.0175
0 0.7775 0.52625 0.015 0.015
0 0.45125 0.8475 0.025 0.025
0 0.5175 0.805 0.0225 0.0225
0 0.5575 0.93625 0.0225 0.0225
0 0.48125 0.93 0.0225 0.0225
0 0.055 0.885 0.0275 0.025
0 0.925 0.8025 0.02 0.02
0 0.5975 0.71 0.025 0.025
0 0.7 0.805 0.0225 0.0225
0 0.47333 0.8912 0.02995 0.02085
0 0.90305 0.76972 0.02303 0.0282
0 0.9871 0.80397 0.02578 0.02535
0 0.59418 0.74323 0.02892 0.0258
0 0.47515 0.8487 0.02053 0.03013
0 0.53125 0.85733 0.02005 0.0207
0 0.54745 0.84355 0.02187 0.0201
0 0.4298 0.72183 0.01593 0.01912
