0 0.975 0.17875 0.0225 0.02
0 0.9776250000000001 0.313275 0.022725 0.019925
0 0.78625 0.26125 0.02 0.0175
0 0.79875 0.35375 0.0225 0.0175
0 0.20125 0.62875 0.025 0.0225
0 0.99125 0.25125 0.0175 0.0175
0 0.92625 0.23875 0.02 0.0175
0 0.935 0.12 0.0225 0.0175
0 0.67625 0.33 0.02 0.02
0 0.09 0.08625 0.0225 0.02
0 0.66 0.22875 0.0275 0.0225
0 0.73 0.31625 0.02 0.02
0 0.8675 0.42 0.02 0.0225
0 0.85375 0.895 0.03 0.02
0 0.6225 0.88625 0.025 0.0175
0 0.69 0.28625 0.02 0.02
0 0.80125 0.41 0.02 0.0175
0 0.485 0.47125 0.0225 0.0175
0 0.65125 0.8825 0.02 0.0175
0 0.73125 0.75 0.02 0.02
0 0.71625 0.13375 0.025 0.025
0 0.7075 0.39 0.025 0.025
0 0.70875 0.23375 0.0225 0.0225
0 0.66 0.38625 0.0225 0.0225
0 0.33 0.515 0.025 0.0225
0 0.88875 0.04 0.0225 0.02
0 0.97625 0.08375 0.02 0.02
0 0.60125 0.1975 0.0225 0.0225
0 0.18875 0.59625 0.0225 0.0225
0 0.735 0.25125 0.0225 0.0225
0 0.95625 0.055 0.0225 0.0225
0 0.82875 0.31125 0.02 0.02
0 0.6 0.50625 0.0225 0.0225
0 0.18375 0.53125 0.0225 0.0225
0 0.505 0.335 0.02 0.02
0 0.73 0.46 0.0225 0.0225
0 0.305 0.57875 0.0225 0.0225
0 0.935 0.1675 0.02 0.02
0 0.76125 0.29 0.0225 0.0225
0 0.575 0.32375 0.02 0.02
0 0.65375 0.19625 0.02 0.02
0 0.76375 0.80875 0.0225 0.0225
0 0.88375 0.3675 0.02 0.02
0 0.8575 0.30375 0.02 0.02
0 0.64875 0.2525 0.02 0.02
0 0.61425 0.255 0.02 0.02
0 0.88875 0.315 0.02 0.02
0 0.055 0.255 0.0225 0.02
0 0.03125 0.96625 0.03 0.0275
0 0.23375 0.59875 0.02 0.02
0 0.72625 0.3525 0.0225 0.02
0 0.3 0.5425 0.02 0.02
0 0.613375 0.06865 0.027125 0.0212
0 0.7959499999999999 0.07495 0.01645 0.0192
0 0.7518 0.05305 0.01845 0.0139
0 0.67745 0.20342500000000002 0.015825 0.0265
0 0.714275 0.431425 0.0271 0.020375
0 0.733875 0.4188 0.02375 0.020375
0 0.7454999999999999 0.070625 0.017775 0.018500000000000003
0 0.95195 0.2306 0.027000000000000003 0.019775
0 0.187775 0.970625 0.021974999999999998 0.0269
0 0.6097 0.278125 0.020975 0.0245
0 0.08727499999999999 0.33197499999999996 0.02625 0.027025
0 0.334075 0.608425 0.026150000000000003 0.030299999999999997
0 0.277675 0.9634 0.030425 0.020925
0 0.637275 0.969325 0.020125 0.024300000000000002