0 0.20125 0.28625 0.02 0.02
0 0.14375 0.26625 0.0175 0.0275
0 0.225 0.07625 0.025 0.0175
0 0.18 0.0825 0.0225 0.0175
0 0.37875 0.30375 0.0275 0.025
0 0.22 0.23375 0.0225 0.0225
0 0.09125 0.05625 0.025 0.025
0 0.4525 0.02082 0.02 0.02
0 0.67375 0.12625 0.02 0.0175
0 0.77375 0.055 0.02 0.02
0 0.73875 0.06125 0.02 0.015
0 0.78625 0.0225 0.0225 0.0175
0 0.8075 0.0475 0.02 0.015
0 0.695 0.37 0.0225 0.0225
0 0.565 0.3775 0.0275 0.0175
0 0.86625 0.4325 0.0225 0.02
0 0.8625 0.09125 0.025 0.0225
0 0.835 0.72 0.0275 0.0225
0 0.9575 0.91125 0.025 0.02
0 0.94 0.74375 0.0225 0.015
0 0.95625 0.835 0.025 0.02
0 0.51125 0.83875 0.02 0.0125
0 0.6425 0.8725 0.0175 0.0125
0 0.89125 0.68375 0.02 0.02
0 0.97875 0.54375 0.02 0.0175
