0 0.945 0.83875 0.0175 0.0175
0 0.95875 0.85375 0.0175 0.02
0 0.78125 0.8275 0.015 0.02
0 0.74375 0.86375 0.0175 0.025
0 0.70375 0.90625 0.0325 0.025
0 0.5600999999999999 0.87605 0.0209 0.020425
0 0.81125 0.81375 0.0175 0.0225
0 0.8325 0.81125 0.02 0.025
0 0.9475 0.76875 0.0175 0.0175
0 0.7275 0.86625 0.015 0.0175
0 0.74375 0.81625 0.0225 0.02
0 0.795 0.84125 0.0225 0.0175
0 0.93125 0.79 0.02 0.0225
0 0.81375 0.73375 0.0225 0.02
0 0.65625 0.61875 0.0175 0.02
0 0.08625 0.44375 0.025 0.02
0 0.05375 0.25625 0.0225 0.03
0 0.08375 0.26625 0.02 0.0275
0 0.46625 0.3075 0.0275 0.0175
0 0.9425 0.05875 0.0225 0.0175
0 0.90625 0.09625 0.015 0.0175
0 0.9375 0.1 0.0175 0.0175
0 0.93375 0.12 0.025 0.02
0 0.89625 0.12625 0.0175 0.015
0 0.9075 0.04625 0.025 0.02
0 0.865 0.81375 0.02 0.0225
0 0.58875 0.10875 0.0175 0.02
0 0.74125 0.69125 0.015 0.02
0 0.3675 0.3925 0.0175 0.0125
0 0.545 0.3275 0.0175 0.015
0 0.6125 0.08625 0.03 0.025
0 0.6 0.12625 0.0225 0.0225
0 0.9875 0.02625 0.025 0.025
0 0.56375 0.32125 0.0175 0.015
0 0.9853000000000001 0.7099 0.0144 0.022324999999999998
0 0.9925 0.69 0.015 0.0225
0 0.99125 0.66875 0.015 0.0225
0 0.88375 0.83 0.02 0.02
0 0.28625 0.55875 0.0125 0.0175
0 0.99125 0.7675 0.015 0.0225
0 0.62375 0.24125 0.025 0.0225
0 0.62375 0.1925 0.0225 0.025
0 0.7175 0.78875 0.02 0.02