0 0.79625 0.1725 0.0225 0.0275
0 0.7125 0.245 0.0275 0.035
0 0.13375 0.09125 0.02 0.015
0 0.085 0.11625 0.0225 0.02
0 0.13125 0.06125 0.025 0.02
0 0.24875 0.36625 0.02 0.025
0 0.15 0.3925 0.0225 0.02
0 0.73625 0.45 0.02 0.02
0 0.21 0.19625 0.0175 0.02
0 0.19375 0.21375 0.0225 0.02
0 0.14875 0.195 0.0225 0.0225
0 0.13875 0.25 0.025 0.02
0 0.18125 0.12375 0.02 0.0175
0 0.16875 0.11625 0.0175 0.02
0 0.27375 0.31125 0.015 0.02
0 0.285 0.3325 0.02 0.02
0 0.21125 0.38125 0.0225 0.0225
0 0.969 0.27625 0.0225 0.0225
0 0.52875 0.44625 0.025 0.0225
0 0.115 0.1325 0.02 0.0175
0 0.7625 0.23125 0.0225 0.02
0 0.2125 0.06 0.02 0.02
0 0.20625 0.245 0.0225 0.02
0 0.15375 0.3325 0.0225 0.02
0 0.16375 0.0575 0.02 0.0175
0 0.12875 0.16 0.02 0.02
0 0.17875 0.08875 0.02 0.02
0 0.295 0.94125 0.02 0.0225
0 0.245 0.9125 0.0325 0.0225
0 0.21875 0.74875 0.0225 0.0225
0 0.11375 0.975 0.025 0.02
0 0.12125 0.85125 0.0225 0.0225
0 0.11125 0.82875 0.02 0.0275
0 0.20125 0.83375 0.02 0.0225
0 0.04625 0.89 0.0175 0.0175
0 0.78875 0.91375 0.0175 0.02
0 0.79625 0.8025 0.02 0.015
0 0.35625 0.5675 0.0275 0.0175
0 0.105 0.74125 0.0175 0.0225
0 0.49 0.93875 0.02 0.0225
0 0.15625 0.685 0.0275 0.025
0 0.48 0.74625 0.0225 0.02
