0 0.31 0.1325 0.0225 0.0225
0 0.31 0.16625 0.02 0.0175
0 0.38625 0.195 0.025 0.025
0 0.2517 0.27282 0.01907 0.02065
0 0.4025 0.81625 0.0225 0.0175
0 0.32 0.76 0.015 0.015
0 0.0625 0.84875 0.0225 0.0225
0 0.22125 0.83125 0.0175 0.02
0 0.175 0.7325 0.02 0.0175
0 0.40125 0.77375 0.0225 0.025
0 0.4263 0.77737 0.0174 0.02223
0 0.47 0.22625 0.02 0.02
0 0.17375 0.88375 0.0175 0.02
0 0.78125 0.08125 0.02 0.0225
0 0.70625 0.0925 0.0175 0.0225
0 0.74875 0.15875 0.0275 0.0275
0 0.8214 0.16003 0.02 0.0225
0 0.9275 0.225 0.0225 0.0225
0 0.69375 0.93625 0.0225 0.0225
0 0.67375 0.95375 0.0225 0.02
0 0.64625 0.90625 0.015 0.015
0 0.79375 0.94625 0.0175 0.0175
0 0.76 0.9325 0.0225 0.02
0 0.70125 0.79625 0.0225 0.0175
0 0.71 0.92625 0.0125 0.015
0 0.67375 0.105 0.02 0.015
0 0.54695 0.06298 0.02138 0.02042
0 0.88 0.94 0.0225 0.0225
0 0.84 0.96375 0.02 0.0175
0 0.53033 0.87015 0.02187 0.0253
0 0.85875 0.1575 0.02 0.0175
0 0.76167 0.13805 0.02665 0.0236
0 0.935 0.0375 0.0175 0.0175
0 0.69715 0.03232 0.02072 0.02035
0 0.64125 0.0725 0.0225 0.015
0 0.93 0.8625 0.0225 0.02
0 0.835 0.1275 0.025 0.025
0 0.65625 0.1225 0.0175 0.015
0 0.92 0.205 0.015 0.0175
0 0.87625 0.87 0.0125 0.02
0 0.80215 0.985 0.02 0.0175
0 0.61 0.98375 0.0225 0.02
0 0.62375 0.05125 0.02 0.02
0 0.6525 0.025 0.0225 0.0225
0 0.59875 0.12125 0.02 0.02
0 0.91375 0.16625 0.02 0.02
0 0.66125 0.8375 0.02 0.0175
0 0.5975 0.9775 0.02 0.02
0 0.67988 0.92287 0.02425 0.02025
0 0.68005 0.98698 0.02393 0.02393
0 0.71808 0.9899 0.02127 0.02022
0 0.70505 0.96728 0.0218 0.01968
