0 0.365 0.3575 0.025 0.025
0 0.42978 0.33375 0.02457 0.025
0 0.3975 0.36125 0.02 0.0225
0 0.37625 0.41625 0.0225 0.025
0 0.57408 0.44373 0.02315 0.02502
0 0.67127 0.28735 0.02502 0.02717
0 0.27087 0.471 0.02575 0.02308
0 0.45625 0.185 0.0225 0.02
0 0.495 0.135 0.03 0.0225
0 0.53 0.1825 0.0225 0.02
0 0.11375 0.155 0.0225 0.025
0 0.68125 0.245 0.025 0.025
0 0.27375 0.3925 0.025 0.025
0 0.92125 0.26375 0.02 0.0225
0 0.62125 0.45125 0.0275 0.02
0 0.25375 0.4825 0.0225 0.02
0 0.42875 0.25 0.0225 0.0225
0 0.26832 0.10875 0.0225 0.0225
0 0.74375 0.2375 0.0275 0.025
0 0.88375 0.28 0.0225 0.02
0 0.24375 0.37875 0.025 0.025
0 0.93 0.15875 0.0275 0.0275
0 0.51125 0.03375 0.02 0.0175
0 0.355 0.07 0.025 0.0225
0 0.47875 0.1875 0.02 0.02
0 0.2025 0.2 0.02 0.02
0 0.40625 0.2025 0.02 0.02
0 0.50875 0.235 0.0175 0.0175
0 0.04793 0.445 0.02 0.02
0 0.455 0.25 0.0225 0.0225
0 0.84125 0.32 0.02 0.02
0 0.37375 0.315 0.0225 0.0225
0 0.60625 0.88625 0.025 0.0275
0 0.5675 0.81125 0.02 0.025
0 0.82625 0.66125 0.02 0.02
0 0.67125 0.5375 0.02 0.02
0 0.9825 0.63125 0.0225 0.02
0 0.71875 0.66 0.02 0.0175
0 0.03 0.55125 0.0275 0.02
0 0.1075 0.54375 0.0225 0.0175
0 0.17625 0.55375 0.0175 0.015
0 0.03625 0.62375 0.0275 0.02
0 0.96375 0.66125 0.0175 0.0175
0 0.94625 0.6175 0.02 0.02
0 0.64545 0.87 0.025 0.025
