0 0.075 0.15625 0.02 0.0175
0 0.4475 0.1475 0.0225 0.0175
0 0.21875 0.205 0.02 0.025
0 0.33 0.09 0.0225 0.0225
0 0.05625 0.21625 0.0225 0.015
0 0.67875 0.2675 0.0175 0.02
0 0.05 0.0425 0.02 0.02
0 0.81375 0.42875 0.015 0.0175
0 0.3825 0.45125 0.025 0.02
0 0.72625 0.4675 0.0225 0.025
0 0.04625 0.1875 0.0225 0.0225
0 0.68125 0.7325 0.035 0.025
0 0.77875 0.6125 0.0225 0.0275
0 0.6825 0.58875 0.0225 0.0275
0 0.65375 0.5625 0.0225 0.0225
0 0.69375 0.5525 0.025 0.0175
0 0.78125 0.57875 0.02 0.0175
0 0.645 0.71875 0.03 0.0325
0 0.17 0.955 0.0325 0.0325
0 0.71375 0.76875 0.0325 0.025
0 0.885 0.5575 0.0275 0.0325
0 0.6725 0.64375 0.025 0.0275
0 0.93625 0.53875 0.0275 0.0225
0 0.76625 0.54875 0.025 0.02
0 0.09625 0.97375 0.025 0.0225
0 0.4675 0.595 0.0225 0.025
0 0.86 0.52375 0.0225 0.02
0 0.83875 0.535 0.0225 0.0225
0 0.7525 0.51125 0.025 0.0225
0 0.48875 0.54125 0.025 0.0225
0 0.71875 0.53375 0.02 0.02
