0 0.09875 0.93375 0.025 0.0225
0 0.27375 0.8925 0.02 0.02
0 0.32875 0.8275 0.02 0.0175
0 0.4625 0.93125 0.0225 0.0175
0 0.26375 0.62625 0.02 0.0225
0 0.325 0.48625 0.02 0.0175
0 0.39375 0.1575 0.0275 0.0225
0 0.344 0.0938 0.02135 0.02057
0 0.38375 0.9125 0.025 0.0225
0 0.34525 0.91722 0.0205 0.02195
0 0.42265 0.59527 0.02027 0.01698
0 0.3775 0.39625 0.025 0.025
0 0.19375 0.28375 0.02 0.0175
0 0.12885 0.30995 0.02587 0.0224
0 0.3318 0.40085 0.02493 0.0247
0 0.36 0.3775 0.025 0.0275
0 0.175 0.08125 0.02 0.0225
0 0.25625 0.09 0.0225 0.0225
0 0.3225 0.17 0.025 0.0225
0 0.47618 0.78802 0.0243 0.0249
0 0.42 0.03625 0.02 0.0175
0 0.42625 0.06625 0.015 0.0175
0 0.465 0.15625 0.0175 0.0125
0 0.11 0.02875 0.015 0.015
0 0.0775 0.06 0.015 0.015
0 0.2675 0.59 0.0225 0.0175
0 0.41 0.8975 0.015 0.0175
0 0.34375 0.3275 0.0175 0.0175
0 0.4 0.40875 0.025 0.02
0 0.27 0.65125 0.02 0.0225
0 0.17375 0.3375 0.015 0.015
0 0.3175 0.85125 0.0175 0.0175
0 0.2825 0.44875 0.0225 0.02
0 0.47625 0.135 0.02 0.02
0 0.0625 0.2325 0.0225 0.0225
0 0.22125 0.5125 0.0225 0.0225
0 0.16875 0.055 0.02 0.02
0 0.29625 0.5025 0.025 0.025
0 0.165 0.91125 0.0225 0.0225
0 0.19 0.89 0.02 0.0175
0 0.34625 0.43375 0.0225 0.0225
0 0.335 0.3175 0.02 0.02
0 0.10525 0.295 0.0225 0.02
0 0.0475 0.1225 0.02 0.02
0 0.14625 0.815 0.0175 0.0175
0 0.27125 0.4775 0.02 0.02
0 0.0662 0.13382 0.0283 0.01808
0 0.017 0.96657 0.01613 0.02243
0 0.40025 0.9241 0.0227 0.0143
0 0.43035 0.79575 0.01783 0.0201
0 0.18865 0.90855 0.01915 0.01862
0 0.40922 0.98675 0.02203 0.01638
0 0.26257 0.98562 0.02158 0.01947
0 0.2052 0.3064 0.01755 0.01818
0 0.27592 0.56258 0.01972 0.018
0 0.41213 0.54468 0.0171 0.01792
0 0.21353 0.90845 0.01758 0.01525
0 0.86875 0.1575 0.025 0.0225
0 0.93625 0.15625 0.015 0.015
0 0.95 0.1675 0.0175 0.0175
0 0.70125 0.82125 0.0225 0.0225
0 0.71625 0.77125 0.02 0.02
0 0.70692 0.7988 0.0195 0.02115
0 0.6225 0.6575 0.02 0.02
0 0.56 0.10375 0.0225 0.02
0 0.955 0.15 0.02 0.025
0 0.55 0.15625 0.02 0.025
0 0.6865 0.71485 0.022 0.02223
0 0.52033 0.0975 0.0225 0.0225
0 0.82625 0.10375 0.02 0.0175
0 0.66 0.58 0.0225 0.0225
0 0.77775 0.7812 0.02158 0.01955
0 0.62415 0.54928 0.01792 0.0218
0 0.70985 0.7157 0.016 0.01325
0 0.95572 0.1031 0.01682 0.0187
