0 0.22125 0.1525 0.0225 0.0225
0 0.21375 0.395 0.0225 0.0225
0 0.1525 0.36375 0.0225 0.02
0 0.21125 0.0925 0.0225 0.0225
0 0.355 0.1675 0.02 0.02
0 0.055 0.37875 0.02 0.02
0 0.2025 0.06 0.02 0.0175
0 0.1393 0.20342 0.02 0.0225
0 0.02625 0.05 0.02 0.02
0 0.0825 0.22875 0.0225 0.02
0 0.4125 0.18875 0.02 0.02
0 0.38375 0.1475 0.0225 0.0225
0 0.095 0.0325 0.02 0.02
0 0.2325 0.12875 0.02 0.02
0 0.13125 0.03125 0.0225 0.0225
0 0.02625 0.31 0.0225 0.0225
0 0.16375 0.1775 0.02 0.02
0 0.29375 0.36125 0.02 0.0175
0 0.11052 0.075 0.0225 0.0225
0 0.03625 0.4025 0.0175 0.0175
0 0.89625 0.34625 0.02 0.02
0 0.95375 0.48625 0.025 0.0225
0 0.975 0.27625 0.02 0.02
0 0.63875 0.07375 0.0175 0.0175
0 0.69875 0.34875 0.02 0.02
0 0.73 0.35 0.02 0.02
0 0.9275 0.48375 0.02 0.02
0 0.53375 0.1075 0.02 0.02
0 0.865 0.485 0.0225 0.02
0 0.86875 0.43875 0.025 0.025
0 0.61 0.41375 0.0225 0.02
0 0.69375 0.405 0.02 0.02
0 0.75125 0.3475 0.02 0.02
0 0.79875 0.43375 0.02 0.02
0 0.90125 0.38875 0.02 0.02
0 0.83125 0.33375 0.0175 0.025
0 0.94625 0.39625 0.02 0.0175
0 0.70125 0.46375 0.02 0.02
0 0.92375 0.33 0.0225 0.0225
0 0.93875 0.1675 0.0225 0.0225
0 0.8568 0.40882 0.01827 0.0213
0 0.84175 0.39275 0.02287 0.01875
0 0.85755 0.38332 0.02005 0.01942
0 0.92575 0.38195 0.01947 0.01887
0 0.475 0.67875 0.0225 0.02
0 0.47763 0.81328 0.02272 0.01992
0 0.28625 0.76125 0.02 0.0175
0 0.29875 0.85375 0.0225 0.0175
0 0.49125 0.75125 0.0175 0.0175
0 0.42625 0.73875 0.02 0.0175
0 0.435 0.62 0.0225 0.0175
0 0.17625 0.83 0.02 0.02
0 0.16 0.72875 0.0275 0.0225
0 0.23 0.81625 0.02 0.02
0 0.3675 0.92 0.02 0.0225
0 0.19 0.78625 0.02 0.02
0 0.30125 0.91 0.02 0.0175
0 0.21625 0.63375 0.025 0.025
0 0.2075 0.89 0.025 0.025
0 0.20875 0.73375 0.0225 0.0225
0 0.16 0.88625 0.0225 0.0225
0 0.38875 0.54 0.0225 0.02
0 0.47625 0.58375 0.02 0.02
0 0.10125 0.6975 0.0225 0.0225
0 0.235 0.75125 0.0225 0.0225
0 0.45625 0.555 0.0225 0.0225
0 0.32875 0.81125 0.02 0.02
0 0.23 0.96 0.0225 0.0225
0 0.435 0.6675 0.02 0.02
0 0.26125 0.79 0.0225 0.0225
0 0.075 0.82375 0.02 0.02
0 0.15375 0.69625 0.02 0.02
0 0.38375 0.8675 0.02 0.02
0 0.3575 0.80375 0.02 0.02
0 0.14875 0.7525 0.02 0.02
0 0.11425 0.755 0.02 0.02
0 0.38875 0.815 0.02 0.02
0 0.22625 0.8525 0.0225 0.02
0 0.11338 0.56865 0.02712 0.0212
0 0.29595 0.57495 0.01645 0.0192
0 0.2518 0.55305 0.01845 0.0139
0 0.17745 0.70343 0.01582 0.0265
0 0.21427 0.93143 0.0271 0.02038
0 0.23388 0.9188 0.02375 0.02038
0 0.2455 0.57062 0.01777 0.0185
0 0.45195 0.7306 0.027 0.01978
0 0.1097 0.77813 0.02098 0.0245
0 0.52625 0.6 0.0225 0.02
0 0.61557 0.60818 0.02135 0.01865
0 0.54375 0.63625 0.0225 0.0175
0 0.5275 0.66125 0.02 0.02
0 0.64375 0.61125 0.0175 0.015
0 0.9025 0.90375 0.025 0.025
0 0.9475 0.83375 0.0225 0.0225
