0 0.1383 0.26965 0.024825 0.025
0 0.15375 0.31329999999999997 0.020724999999999997 0.019825
0 0.30375 0.51125 0.025 0.0225
0 0.20045000000000002 0.353125 0.022324999999999998 0.022324999999999998
0 0.8125 0.555 0.0175 0.015
0 0.3 0.5625 0.0225 0.0175
0 0.15875 0.94125 0.0225 0.0225
0 0.16625 0.91 0.02 0.02
0 0.19 0.52625 0.0225 0.02
0 0.13375 0.9641 0.02215 0.02215
0 0.55125 0.89375 0.0225 0.0225
0 0.94375 0.89125 0.025 0.025
0 0.12885 0.9509000000000001 0.025525000000000003 0.022850000000000002
0 0.62625 0.91375 0.0225 0.0225
0 0.9525 0.31375 0.02 0.02
0 0.74465 0.96205 0.016075 0.01875
0 0.740625 0.990625 0.01875 0.01875
0 0.88705 0.902675 0.027675 0.01965
0 0.80135 0.565175 0.01875 0.017849999999999998
0 0.0942 0.9388500000000001 0.016975 0.016975
0 0.409375 0.026775000000000004 0.015175000000000001 0.016075
0 0.9308 0.934375 0.01875 0.016975
0 0.9692000000000001 0.91875 0.015175000000000001 0.016075
0 0.98705 0.9183 0.016975 0.015175000000000001