0 0.78125 0.155 0.0175 0.0175
0 0.09125 0.35125 0.02 0.02
0 0.4675 0.095 0.02 0.02
0 0.2125 0.23125 0.0225 0.02
0 0.68625 0.9475 0.0225 0.0175
0 0.53 0.82875 0.0225 0.0225
0 0.84 0.7525 0.02 0.02
0 0.89 0.69875 0.025 0.015
0 0.93 0.7225 0.0175 0.02
0 0.965 0.755 0.015 0.02
0 0.84625 0.61375 0.0225 0.0225
0 0.6925 0.75 0.02 0.0175
0 0.8025 0.795 0.02 0.0175
0 0.83 0.8175 0.015 0.015
0 0.40625 0.9 0.025 0.015
0 0.97375 0.70875 0.015 0.0175
0 0.30125 0.625 0.02 0.02
0 0.78625 0.66875 0.0225 0.0225
0 0.835 0.69625 0.0275 0.025
0 0.9275 0.685 0.02 0.02
0 0.43375 0.9125 0.02 0.02
0 0.87125 0.7675 0.0225 0.0225
0 0.61625 0.93 0.0225 0.02
0 0.34 0.88625 0.02 0.02
0 0.6725 0.965 0.0175 0.0175
0 0.9325 0.7075 0.02 0.0275
