0 0.52625 0.485 0.0225 0.0225
0 0.45875 0.41875 0.0175 0.02
0 0.3925 0.5625 0.025 0.02
0 0.54375 0.54375 0.02 0.0175
0 0.5475 0.605 0.0275 0.02
0 0.51 0.2175 0.02 0.0175
0 0.43125 0.1625 0.02 0.0225
0 0.415 0.1575 0.0175 0.015
0 0.47375 0.155 0.025 0.0175
0 0.44 0.34625 0.0175 0.02
0 0.4725 0.63625 0.02 0.0225
0 0.405 0.07125 0.0225 0.02
0 0.45 0.05875 0.02 0.02
0 0.49 0.33625 0.0225 0.0225
0 0.4725 0.5675 0.0275 0.025
0 0.43375 0.82875 0.0225 0.0275
0 0.505 0.42625 0.0175 0.02
0 0.47875 0.42625 0.0175 0.0175
0 0.40125 0.67625 0.0225 0.02
0 0.385 0.34875 0.0175 0.02
0 0.41625 0.5975 0.02 0.0175
0 0.4275 0.61625 0.02 0.0175
0 0.575 0.1525 0.0175 0.015
0 0.64625 0.4275 0.02 0.0225
0 0.535 0.63625 0.0275 0.0225
0 0.39125 0.23875 0.025 0.0275
0 0.54875 0.19625 0.025 0.025
0 0.61625 0.445 0.0175 0.02
0 0.73 0.23625 0.0225 0.025
0 0.35625 0.5325 0.02 0.02
0 0.4825 0.11 0.0225 0.0225
0 0.50625 0.470975 0.02 0.02
0 0.41125 0.39625 0.0225 0.0225
0 0.505 0.52125 0.02 0.02
0 0.58 0.36875 0.02 0.02
0 0.4175 0.04125 0.02 0.02
0 0.57 0.415 0.025 0.025
0 0.495 0.7875 0.02 0.02
0 0.54 0.4275 0.02 0.02
0 0.61885 0.458275 0.027174999999999998 0.023424999999999998
0 0.5325 0.19125 0.02 0.02
0 0.58875 0.4875 0.02 0.02