0 0.88125 0.33 0.0275 0.0275
0 0.76625 0.3575 0.025 0.025
0 0.69125 0.3375 0.0225 0.0275
0 0.69125 0.3025 0.0175 0.0225
0 0.2975 0.50875 0.025 0.0275
0 0.3175 0.49 0.0225 0.025
0 0.2825 0.48625 0.025 0.0225
0 0.33125 0.715 0.02 0.02
0 0.815 0.60625 0.0275 0.0225
0 0.9075 0.59375 0.0275 0.0275
0 0.4975 0.665 0.0175 0.0225
0 0.6975 0.225 0.0275 0.02
0 0.555 0.37875 0.025 0.0225
0 0.35875 0.73125 0.025 0.02
0 0.57625 0.84125 0.0225 0.02
0 0.57 0.865 0.025 0.0225
0 0.3975 0.43 0.0225 0.0175
0 0.3875 0.46125 0.02 0.0125
0 0.41625 0.4525 0.0225 0.0225
0 0.75325 0.641775 0.0215 0.026425
0 0.71 0.14375 0.0275 0.0225
0 0.9426749999999999 0.25165 0.02215 0.0258
0 0.5375 0.495 0.015 0.015
0 0.46 0.39125 0.02 0.0175
0 0.21 0.68125 0.0225 0.0225
0 0.265075 0.71505 0.027675 0.022400000000000003
0 0.78885 0.279425 0.027725 0.021949999999999997
0 0.815 0.63125 0.0225 0.02
0 0.41375 0.39375 0.02 0.02