0 0.79875 0.70625 0.0225 0.02
0 0.87125 0.78875 0.0175 0.02
0 0.9175 0.85375 0.0175 0.02
0 0.9627500000000001 0.8185250000000001 0.020775000000000002 0.021875
0 0.93 0.73375 0.0175 0.0225
0 0.9075 0.78875 0.02 0.0175
0 0.88625 0.53875 0.015 0.015
0 0.97 0.5925 0.0225 0.0225
0 0.8072499999999999 0.5512250000000001 0.020499999999999997 0.022425
0 0.9132750000000001 0.5123 0.019074999999999998 0.015525
0 0.8624250000000001 0.9621 0.024474999999999997 0.02665
0 0.8625 0.9025 0.0225 0.02
0 0.8589749999999999 0.9305 0.023424999999999998 0.020975
0 0.9325 0.6325 0.0175 0.0175
0 0.95375 0.635 0.0175 0.015
0 0.85 0.5175 0.0175 0.0175
0 0.97375 0.70625 0.02 0.02
0 0.99125 0.6575 0.0175 0.025
0 0.87375 0.5475 0.0175 0.015
0 0.93 0.78875 0.0225 0.0225
0 0.8457250000000001 0.780275 0.0245 0.020550000000000002
0 0.8425 0.81125 0.025 0.025
0 0.04625 0.5325 0.02 0.0175
0 0.9128499999999999 0.538525 0.014975 0.016325
0 0.96025 0.58275 0.018725000000000002 0.019074999999999998
0 0.826475 0.86405 0.019950000000000002 0.026324999999999998
0 0.8601000000000001 0.7332 0.021949999999999997 0.021775000000000003
0 0.888425 0.6119 0.021525 0.018475
0 0.8195250000000001 0.5125500000000001 0.017625 0.016175
0 0.8396250000000001 0.531375 0.022125 0.0181
0 0.8652249999999999 0.570075 0.017925 0.020525
0 0.02165 0.72 0.021875 0.01855