0 0.16 0.78875 0.03 0.0225
0 0.4 0.79375 0.0275 0.02
0 0.51625 0.88125 0.0225 0.025
0 0.235 0.90625 0.03 0.0225
0 0.35875 0.9325 0.025 0.0225
0 0.1725 0.93625 0.0275 0.02
0 0.6575 0.94625 0.025 0.02
0 0.17875 0.95125 0.0175 0.0175
0 0.33375 0.9675 0.02 0.02
0 0.06625 0.90375 0.0225 0.0175
0 0.4625 0.99125 0.02 0.0175
0 0.46625 0.975 0.0175 0.0175
0 0.1975 0.88125 0.025 0.02
0 0.60875 0.83875 0.0225 0.0225
0 0.21125 0.9475 0.02 0.02
0 0.07375 0.42 0.0225 0.02
0 0.3625 0.89875 0.0225 0.02
0 0.375 0.53375 0.02 0.02
0 0.66375 0.84 0.02 0.02
0 0.33625 0.9025 0.02 0.02
0 0.685 0.87875 0.0225 0.0225
0 0.02 0.5125 0.0225 0.0225
0 0.7075 0.83125 0.02 0.02
0 0.25125 0.8775 0.0225 0.0225
0 0.44375 0.9325 0.0275 0.03
0 0.52625 0.7325 0.02 0.02
0 0.04625 0.40875 0.02 0.02