0 0.45625 0.3 0.015 0.025
0 0.0725 0.13 0.025 0.0225
0 0.245 0.36 0.025 0.025
0 0.29 0.24582 0.02 0.02
0 0.04125 0.0925 0.0225 0.0225
0 0.75375 0.3325 0.0175 0.0225
0 0.78875 0.33125 0.03 0.025
0 0.83125 0.46125 0.03 0.02
0 0.87 0.45875 0.025 0.0175
0 0.63875 0.26625 0.02 0.02
0 0.86 0.17375 0.0175 0.02
0 0.8825 0.16125 0.02 0.02
0 0.7525 0.3625 0.02 0.025
0 0.66125 0.27287 0.02 0.02
0 0.95837 0.48537 0.02 0.02
0 0.89843 0.19875 0.02 0.02
0 0.745 0.40245 0.0225 0.0225
0 0.935 0.45912 0.02 0.02
0 0.6595 0.37392 0.02662 0.02393
0 0.03875 0.6425 0.025 0.02
0 0.16125 0.53375 0.025 0.02
0 0.28 0.96625 0.02 0.02
0 0.83875 0.61875 0.025 0.02
0 0.895 0.64125 0.03 0.0225
0 0.82375 0.57875 0.0225 0.02
0 0.81125 0.5975 0.0225 0.0175
0 0.9575 0.52 0.025 0.025
0 0.8875 0.5625 0.025 0.025
0 0.97 0.63 0.0225 0.02
