0 0.78125 0.595 0.0175 0.02
0 0.74875 0.64875 0.0225 0.0225
0 0.7325 0.39 0.0275 0.035
0 0.8425 0.40375 0.0225 0.0275
0 0.91125 0.34125 0.0225 0.02
0 0.6625 0.70375 0.025 0.02
0 0.66125 0.85 0.02 0.0225
0 0.775 0.49625 0.0225 0.02
0 0.8725 0.27 0.025 0.025
0 0.88625 0.21125 0.02 0.015
0 0.87125 0.18125 0.0225 0.0175
0 0.93125 0.11125 0.0225 0.0225
0 0.7175 0.3325 0.025 0.025
0 0.795 0.4025 0.025 0.0225
0 0.895 0.24125 0.0175 0.0225
0 0.91375 0.11625 0.0225 0.0275
0 0.92 0.07875 0.02 0.0225
0 0.8975 0.08125 0.02 0.02
0 0.68 0.6625 0.0175 0.025
0 0.73875 0.59875 0.0175 0.0175
0 0.745 0.55875 0.0225 0.0275
0 0.905 0.0275 0.0375 0.0275
0 0.8925 0.1225 0.02 0.02
0 0.89375 0.265 0.0175 0.02
0 0.91125 0.24 0.02 0.0175
0 0.83875 0.595 0.0225 0.0225
0 0.71375 0.65125 0.015 0.0175
0 0.9575 0.3375 0.0175 0.0175
0 0.955 0.1275 0.0225 0.0175
0 0.98625 0.71375 0.0225 0.0275
0 0.8367249999999999 0.5945 0.0225 0.0225
0 0.66375 0.53125 0.0225 0.02
0 0.79375 0.36375 0.0225 0.0225
0 0.80875 0.3825 0.0225 0.0225
0 0.6125 0.97375 0.02 0.0175
0 0.61125 0.59875 0.025 0.0225
0 0.7875 0.66125 0.0175 0.0175
0 0.35875 0.515 0.0175 0.0175