0 0.25 0.0625 0.02 0.015
0 0.23 0.0925 0.0225 0.0225
0 0.10458 0.0939 0.02193 0.01885
0 0.39 0.5125 0.02 0.0175
0 0.31127 0.60742 0.02078 0.01843
0 0.64625 0.56 0.0225 0.0175
0 0.84375 0.59375 0.0225 0.0225
0 0.89125 0.6275 0.0225 0.0175
0 0.895 0.66125 0.0225 0.0175
0 0.8775 0.075 0.02 0.0175
0 0.8975 0.11125 0.02 0.0175
0 0.88125 0.15125 0.02 0.015
0 0.84303 0.16285 0.01963 0.01795
0 0.82485 0.185 0.01827 0.01542
0 0.73875 0.2425 0.02 0.0175
0 0.8025 0.3 0.025 0.02
0 0.84318 0.31125 0.02243 0.0175
0 0.86718 0.32785 0.02 0.02
0 0.80108 0.34795 0.02138 0.0202
0 0.86625 0.3625 0.0175 0.0175
0 0.8325 0.45 0.02 0.02
0 0.88355 0.21545 0.0225 0.02223
0 0.88 0.115 0.015 0.0175
0 0.7025 0.595 0.0175 0.0175
0 0.6475 0.58375 0.02 0.02
0 0.85 0.69375 0.0225 0.02
0 0.78375 0.2225 0.02 0.02
0 0.76375 0.565 0.0225 0.0225
0 0.74125 0.22125 0.02 0.02
0 0.81 0.0625 0.02 0.0175
0 0.80815 0.33057 0.01835 0.01795
0 0.87125 0.4375 0.0175 0.0175
0 0.7925 0.19125 0.02 0.02
0 0.84898 0.46945 0.0181 0.01645
0 0.61563 0.5933 0.01695 0.01873
0 0.82642 0.1704 0.02067 0.0158
0 0.8529 0.13187 0.0183 0.01555
0 0.8799 0.23837 0.01692 0.0196
0 0.7492 0.20742 0.01805 0.01663
0 0.86222 0.1454 0.01665 0.0176
0 0.86865 0.12533 0.01765 0.01673
0 0.89403 0.6425 0.02268 0.01893
0 0.7894 0.67287 0.02345 0.01715
