0 0.6125 0.24875 0.03 0.025
0 0.9092 0.33035 0.028025 0.025724999999999998
0 0.65 0.25125 0.025 0.02
0 0.53125 0.27875 0.025 0.025
0 0.66625 0.12125 0.025 0.0225
0 0.89 0.14625 0.025 0.02
0 0.5775 0.3175 0.025 0.025
0 0.72875 0.395 0.0225 0.0225
0 0.745 0.41375 0.02 0.02
0 0.435 0.5792 0.027149999999999997 0.023025000000000004
0 0.495 0.15875 0.0225 0.02
0 0.21625 0.275 0.02 0.02
0 0.208125 0.180975 0.022324999999999998 0.019825
0 0.26625 0.19 0.0225 0.0225
0 0.12125 0.25489999999999996 0.025724999999999998 0.028025
0 0.1816 0.2051 0.02465 0.023399999999999997
0 0.16142499999999999 0.280975 0.02035 0.02125
0 0.0901 0.22920000000000001 0.024825 0.020525
0 0.015 0.27 0.02 0.02
0 0.0475 0.235 0.0175 0.02
0 0.20125 0.38365000000000005 0.02 0.025525000000000003
0 0.7825 0.475 0.0225 0.02
0 0.795 0.52875 0.02 0.02
0 0.8 0.49375 0.02 0.02
0 0.87375 0.49375 0.025 0.02
0 0.695 0.81125 0.0225 0.025
0 0.10375 0.06875 0.0275 0.0225
0 0.84875 0.50625 0.0275 0.0275
0 0.25625 0.235 0.0225 0.02
0 0.70455 0.141525 0.026600000000000002 0.02375
0 0.83625 0.59125 0.0225 0.0225
0 0.135 0.23625 0.025 0.025
0 0.205 0.24 0.0225 0.0225
0 0.6790999999999999 0.36715000000000003 0.025724999999999998 0.02215
0 0.22375 0.2175 0.0225 0.0225
0 0.12625 0.15875 0.0225 0.0225
0 0.6816 0.3533 0.023925000000000002 0.02125
0 0.966975 0.034825 0.01965 0.018925
0 0.8407250000000001 0.429475 0.021425 0.021425
0 0.08885 0.108025 0.022324999999999998 0.023225
0 0.0701 0.253575 0.016975 0.016075
0 0.51295 0.11295 0.01875 0.022324999999999998
0 0.7308 0.21205 0.016975 0.020525
0 0.9509000000000001 0.45982500000000004 0.01965 0.014275