0 0.17375 0.12625 0.02 0.0175
0 0.27375 0.055 0.02 0.02
0 0.23875 0.06125 0.02 0.015
0 0.28625 0.0225 0.0225 0.0175
0 0.3075 0.0475 0.02 0.015
0 0.195 0.37 0.0225 0.0225
0 0.065 0.3775 0.0275 0.0175
0 0.80875 0.26 0.0175 0.02
0 0.69125 0.26 0.0225 0.0225
0 0.81625 0.14875 0.0225 0.03
0 0.36625 0.4325 0.0225 0.02
0 0.3625 0.09125 0.025 0.0225
0 0.53375 0.09125 0.0175 0.02
0 0.69125 0.26 0.0225 0.0225
0 0.9025 0.25125 0.0225 0.0225
0 0.815 0.33125 0.0225 0.02
0 0.88 0.455 0.0225 0.02
0 0.76625 0.92625 0.0175 0.0175
0 0.655 0.92625 0.015 0.015
0 0.62625 0.905 0.02 0.02
0 0.51625 0.9225 0.0175 0.0225
0 0.335 0.72 0.0275 0.0225
0 0.48875 0.8125 0.02 0.02
0 0.80875 0.68375 0.0225 0.0225
0 0.81622 0.75848 0.01758 0.02197
0 0.615 0.96375 0.025 0.0225
0 0.4575 0.91125 0.025 0.02
0 0.44 0.74375 0.0225 0.015
0 0.53375 0.92125 0.0175 0.0225
0 0.45625 0.835 0.025 0.02
0 0.97625 0.56125 0.0275 0.025
0 0.96875 0.5275 0.0275 0.0275
0 0.8125 0.515 0.02 0.02
0 0.85 0.51125 0.0225 0.02
0 0.71 0.545 0.0225 0.025
0 0.83 0.695 0.02 0.02
0 0.1425 0.8725 0.0175 0.0125
0 0.56 0.83875 0.02 0.02
0 0.49875 0.535 0.02 0.02
0 0.39125 0.68375 0.02 0.02
0 0.57125 0.565 0.025 0.025
0 0.47875 0.54375 0.02 0.0175
