0 0.3024 0.7184 0.02732 0.02572
0 0.2874 0.69188 0.02053 0.01303
0 0.47 0.38 0.025 0.02
0 0.49 0.3875 0.02 0.0225
0 0.48875 0.4075 0.0225 0.02
0 0.41865 0.67365 0.0209 0.02447
0 0.1925 0.22125 0.0225 0.02
0 0.34205 0.7175 0.01625 0.01893
0 0.21448 0.30375 0.02142 0.0225
0 0.46535 0.85365 0.02322 0.02232
0 0.47625 0.7175 0.02 0.02
0 0.20875 0.17625 0.0175 0.0175
0 0.455 0.68875 0.025 0.025
0 0.45177 0.3509 0.01965 0.01785
0 0.49062 0.43528 0.01518 0.02232
0 0.325 0.69732 0.01607 0.01785
0 0.67375 0.895 0.0225 0.0225
0 0.51375 0.945 0.02 0.02
0 0.51375 0.98375 0.0225 0.025
0 0.56625 0.99 0.0225 0.02
0 0.56678 0.5143 0.01925 0.01968
0 0.67948 0.11715 0.0125 0.01825
0 0.68852 0.1061 0.01605 0.01677
0 0.61475 0.14062 0.01878 0.01337
0 0.65805 0.15302 0.01788 0.01498
0 0.67628 0.16598 0.01707 0.0123
0 0.71405 0.1291 0.01558 0.01357
0 0.70527 0.13645 0.01058 0.0146
