0 0.4339 0.09097 0.02475 0.02475
0 0.1165 0.32862 0.0195 0.02225
0 0.24 0.4506 0.025 0.02368
0 0.3972 0.43588 0.02135 0.01923
0 0.42162 0.05625 0.0254 0.02322
0 0.36933 0.40847 0.02078 0.02232
0 0.46448 0.48795 0.0236 0.0241
0 0.37448 0.42763 0.01857 0.01795
0 0.17575 0.446 0.02115 0.02592
0 0.48478 0.42213 0.01955 0.02105
0 0.49198 0.44593 0.01607 0.024
0 0.2544 0.40863 0.0213 0.02438
0 0.21657 0.43817 0.02243 0.01742
0 0.32 0.97625 0.02 0.0175
0 0.3 0.95625 0.02 0.015
0 0.31 0.92625 0.0225 0.02
0 0.33875 0.97375 0.02 0.015
0 0.4725 0.86 0.0275 0.02
0 0.4525 0.8275 0.0225 0.02
0 0.44625 0.84625 0.0225 0.0175
0 0.485 0.905 0.02 0.02
0 0.47125 0.79 0.025 0.02
0 0.44625 0.81125 0.0225 0.0175
0 0.2725 0.68625 0.02 0.02
0 0.42875 0.58625 0.025 0.0175
0 0.46 0.57375 0.03 0.0175
0 0.20125 0.595 0.0275 0.0225
0 0.31 0.92625 0.0225 0.02
0 0.2725 0.68625 0.02 0.02
0 0.485 0.905 0.02 0.02
0 0.67375 0.7275 0.025 0.02
0 0.76375 0.8775 0.03 0.0225
0 0.8325 0.7875 0.0175 0.0175
0 0.87 0.76375 0.025 0.03
0 0.785 0.79 0.02 0.0225
0 0.77125 0.8125 0.0175 0.02
0 0.70875 0.94375 0.0225 0.0175
0 0.71375 0.91875 0.025 0.0125
0 0.93875 0.88375 0.03 0.0275
0 0.91 0.91625 0.02 0.025
0 0.67625 0.8825 0.0225 0.0225
0 0.83875 0.80875 0.0225 0.0225
0 0.70625 0.7075 0.02 0.02
0 0.76125 0.85375 0.025 0.0225
0 0.73 0.85125 0.02 0.0175
0 0.69375 0.88625 0.02 0.02
0 0.74625 0.7475 0.02 0.02
0 0.755 0.90375 0.02 0.02
0 0.89353 0.94217 0.02065 0.0239
0 0.85528 0.9682 0.02342 0.02342
0 0.6807 0.9546 0.0189 0.03087
0 0.72565 0.63062 0.02643 0.03227
