0 0.48 0.12375 0.0225 0.025
0 0.2375 0.40875 0.02 0.02
0 0.66875 0.28375 0.02 0.015
0 0.6725 0.255 0.0125 0.015
0 0.56375 0.15875 0.025 0.015
0 0.77375 0.2825 0.02 0.0225
0 0.545 0.3525 0.02 0.0175
0 0.03375 0.255 0.0175 0.015
0 0.6525 0.44625 0.025 0.0225
0 0.64125 0.2725 0.0225 0.0225
0 0.52875 0.0425 0.0225 0.02
0 0.44 0.15125 0.025 0.025
0 0.6103 0.25595 0.02 0.02
0 0.6225 0.07625 0.02 0.02
0 0.46125 0.3675 0.02 0.02
0 0.6325 0.12 0.02 0.0225
0 0.03125 0.2775 0.0225 0.0225
0 0.305 0.435 0.025 0.025
0 0.56 0.11875 0.0225 0.0225
0 0.11125 0.52625 0.025 0.02
0 0.10375 0.5475 0.025 0.0225
0 0.0875 0.50875 0.0225 0.0175
0 0.54 0.78125 0.02 0.02
0 0.5425 0.885 0.0175 0.0175
