0 0.78625 0.26375 0.0225 0.025
0 0.12765 0.425975 0.020274999999999998 0.020575
0 0.16375 0.38875 0.02 0.0225
0 0.4975 0.36 0.02 0.0225
0 0.38875 0.8175 0.025 0.02
0 0.3575 0.845 0.0225 0.0325
0 0.34875 0.62055 0.023799999999999998 0.020550000000000002
0 0.45777500000000004 0.45197499999999996 0.025275 0.024225
0 0.24625 0.44625 0.025 0.025
0 0.20832499999999998 0.371 0.025325 0.025875
0 0.50125 0.7325 0.025 0.02
0 0.7775 0.14875 0.0225 0.025
0 0.7525 0.155 0.0225 0.025
0 0.9725 0.075 0.0225 0.0225
0 0.732825 0.59045 0.019375 0.021575
0 0.32625 0.6975 0.02 0.0225
0 0.412925 0.611075 0.02335 0.022875
0 0.4154 0.55 0.023725 0.0225
0 0.531425 0.46555 0.019675 0.0236
0 0.465 0.35375 0.0275 0.025
0 0.43067500000000003 0.3638 0.025025 0.022275
0 0.38 0.43375 0.025 0.0225
0 0.22 0.5125 0.025 0.02
0 0.3275 0.58 0.025 0.02
0 0.73485 0.6436499999999999 0.0253 0.0232
0 0.562725 0.9696750000000001 0.024575 0.021825
0 0.73375 0.3725 0.02 0.02
0 0.56 0.0675 0.02 0.0225
0 0.665 0.705 0.0175 0.015
0 0.6475 0.7075 0.0175 0.02
0 0.6325 0.7875 0.0175 0.0225
0 0.944025 0.85665 0.02445 0.0208
0 0.944425 0.9692000000000001 0.021925 0.01975
0 0.44625 0.7975 0.02 0.0225
0 0.26125 0.46625 0.025 0.025
0 0.84 0.52375 0.025 0.025
0 0.71125 0.16 0.0275 0.025
0 0.73 0.78625 0.02 0.02
0 0.765 0.74625 0.02 0.02
0 0.755 0.71875 0.02 0.02
0 0.665 0.78125 0.02 0.02
0 0.6675 0.8275 0.0225 0.0225
0 0.045 0.855 0.02 0.02
0 0.73 0.5275 0.0225 0.0225
0 0.81625 0.65375 0.0225 0.02
0 0.73 0.72875 0.0175 0.0175
0 0.2 0.40625 0.0225 0.02
0 0.647775 0.7347 0.01875 0.021175000000000003
0 0.9824250000000001 0.38020000000000004 0.025550000000000003 0.021124999999999998
0 0.578325 0.9381 0.020925 0.019074999999999998