0 0.01875 0.26875 0.025 0.03
0 0.10625 0.275 0.025 0.025
0 0.08625 0.24 0.02 0.0225
0 0.215 0.2525 0.0225 0.0225
0 0.03375 0.3575 0.02 0.0175
0 0.15375 0.8275 0.015 0.025
0 0.155 0.97375 0.02 0.0225
0 0.17375 0.96875 0.02 0.02
0 0.13375 0.95 0.015 0.02
0 0.64375 0.755 0.0225 0.02
0 0.54875 0.64125 0.02 0.02
0 0.09375 0.95125 0.0225 0.0225
0 0.295 0.9425 0.0225 0.0225
0 0.63 0.79 0.02 0.02
0 0.0275 0.8175 0.025 0.025
0 0.1925 0.81875 0.0225 0.02
0 0.18125 0.79125 0.0225 0.02
0 0.14 0.09875 0.025 0.025
0 0.52875 0.68875 0.0225 0.0225
0 0.3675 0.7325 0.02 0.0175
0 0.1975 0.285 0.0225 0.0225
0 0.5175 0.6675 0.0225 0.0225
0 0.17375 0.96875 0.02 0.02
0 0.85375 0.59575 0.0275 0.0275
0 0.2025 0.71625 0.02 0.02
0 0.36174999999999996 0.955 0.02 0.02
0 0.48125 0.7175 0.0175 0.0175