0 0.785 0.0925 0.03 0.0225
0 0.84875 0.36 0.0225 0.025
0 0.8475 0.4075 0.0225 0.0225
0 0.41625 0.42375 0.0225 0.02
0 0.64 0.4275 0.02 0.0225
0 0.68875 0.425 0.0225 0.02
0 0.7075 0.43625 0.0225 0.0175
0 0.6875 0.39 0.0225 0.0175
0 0.56375 0.3775 0.03 0.0325
0 0.28375 0.25125 0.0275 0.03
0 0.39875 0.30375 0.025 0.025
0 0.34625 0.295 0.02 0.02
0 0.81375 0.38625 0.0225 0.0225
0 0.79625 0.1875 0.025 0.0225
0 0.82125 0.0325 0.025 0.025
0 0.87875 0.14 0.0225 0.0225
0 0.93125 0.165 0.025 0.025
0 0.37 0.3725 0.02 0.02
0 0.81625 0.0625 0.0225 0.0225
0 0.81463 0.1505 0.025 0.0225
0 0.97 0.25125 0.0225 0.0225
0 0.55125 0.2725 0.0225 0.02
0 0.88875 0.255 0.0225 0.02
0 0.86875 0.1475 0.0225 0.0225
0 0.61625 0.4 0.0225 0.0225
0 0.41875 0.3775 0.02 0.02
0 0.425 0.19 0.02 0.02
0 0.94 0.21125 0.02 0.02
0 0.31 0.37875 0.02 0.02
0 0.9 0.06 0.025 0.025
0 0.685 0.455 0.0225 0.02
0 0.88375 0.2225 0.0225 0.0225
0 0.29625 0.35375 0.0225 0.0225
0 0.895 0.08375 0.02 0.02
0 0.8725 0.385 0.0225 0.0225
0 0.79875 0.04 0.0225 0.0225
0 0.415 0.555 0.02 0.02
0 0.68875 0.62 0.0175 0.0175
0 0.6275 0.71375 0.03 0.0275
0 0.68125 0.6875 0.0225 0.0175
0 0.5675 0.7725 0.0225 0.02
0 0.79 0.91125 0.0275 0.02
0 0.745 0.9225 0.025 0.0225
0 0.67625 0.74375 0.02 0.02
0 0.63125 0.7775 0.0225 0.015
0 0.6725 0.78375 0.02 0.0125
0 0.24625 0.9725 0.0175 0.0225
0 0.83375 0.74625 0.02 0.02
0 0.735 0.69 0.0225 0.0225
0 0.75375 0.7275 0.03 0.0275
0 0.7775 0.7525 0.0225 0.0225
0 0.39125 0.9375 0.02 0.02
0 0.40625 0.59875 0.0225 0.02
0 0.725 0.77082 0.0225 0.0225
0 0.85375 0.90125 0.0225 0.0225
0 0.38125 0.63125 0.02 0.02
0 0.81375 0.96 0.02 0.02
0 0.82625 0.84875 0.0225 0.0225
0 0.44125 0.5125 0.025 0.025
0 0.86625 0.95125 0.0225 0.0225
0 0.6975 0.66375 0.0225 0.0225
0 0.74625 0.95375 0.0225 0.0225
0 0.865 0.935 0.0225 0.025
0 0.785 0.82708 0.02 0.02
0 0.72625 0.66625 0.025 0.025
0 0.405 0.64625 0.0225 0.02
0 0.52625 0.6525 0.025 0.025
0 0.58375 0.6925 0.0225 0.0225
