0 0.64875 0.04 0.0225 0.0175
0 0.585 0.03625 0.0225 0.0175
0 0.70375 0.0325 0.02 0.025
0 0.745 0.025 0.0225 0.0175
0 0.69375 0.10125 0.02 0.0225
0 0.845 0.125 0.0225 0.02
0 0.775 0.17 0.0225 0.015
0 0.76625 0.195 0.025 0.0175
0 0.76125 0.3075 0.0225 0.025
0 0.79125 0.145 0.0225 0.015
0 0.78375 0.115 0.015 0.015
0 0.885 0.11 0.015 0.0125
0 0.85 0.2275 0.0225 0.015
0 0.76 0.2525 0.0175 0.0175
0 0.605 0.37625 0.0225 0.025
0 0.6225 0.2925 0.025 0.02
0 0.59 0.2925 0.0225 0.0225
0 0.51 0.36625 0.0175 0.02
0 0.51625 0.3825 0.02 0.015
0 0.51 0.41 0.0225 0.0175
0 0.535 0.42375 0.02 0.02
0 0.52875 0.44125 0.0175 0.0175
0 0.46 0.37125 0.0125 0.0225
0 0.4725 0.43625 0.015 0.02
0 0.45 0.41625 0.0175 0.02
0 0.6525 0.435 0.0225 0.0225
0 0.61625 0.4525 0.0225 0.0225
0 0.675 0.47375 0.02 0.02
0 0.71 0.485 0.02 0.0175
0 0.39625 0.44625 0.0225 0.0325
0 0.1125 0.47375 0.025 0.02
0 0.18125 0.4875 0.025 0.02
0 0.2125 0.46 0.02 0.0175
0 0.18625 0.42 0.015 0.0175
0 0.21375 0.39875 0.0225 0.02
0 0.15875 0.39875 0.02 0.02
0 0.27 0.32625 0.0225 0.025
0 0.31125 0.295 0.02 0.025
0 0.2975 0.24625 0.0225 0.0175
0 0.27625 0.25375 0.0175 0.0175
0 0.325 0.205 0.0175 0.02
0 0.34375 0.225 0.02 0.02
0 0.105 0.23375 0.0225 0.025
0 0.16 0.22 0.025 0.0225
0 0.17875 0.1325 0.0175 0.0175
0 0.2625 0.1575 0.02 0.0175
0 0.0525 0.26875 0.02 0.0175
0 0.19 0.16375 0.0175 0.0225
0 0.13125 0.1575 0.0225 0.02
0 0.13 0.17625 0.0175 0.0175
0 0.2075 0.12375 0.0175 0.0225
0 0.2425 0.0875 0.025 0.0175
0 0.34 0.27625 0.02 0.02
0 0.16 0.36875 0.0225 0.0225
0 0.51375 0.46875 0.0225 0.02
0 0.37375 0.16375 0.02 0.02
0 0.78875 0.2925 0.0175 0.0175
0 0.2 0.19625 0.0225 0.02
0 0.04875 0.38125 0.0225 0.02
0 0.23625 0.12625 0.02 0.02
0 0.7825 0.21875 0.0175 0.0175
0 0.0375 0.37125 0.0225 0.0225
0 0.38375 0.2275 0.0175 0.0175
0 0.505 0.16 0.0225 0.0225
0 0.03875 0.13875 0.025 0.025
0 0.19125 0.0725 0.0225 0.0225
0 0.46625 0.21625 0.02 0.02
0 0.49125 0.3675 0.02 0.02
0 0.71625 0.05 0.02 0.02
0 0.87875 0.09875 0.0175 0.0175
0 0.26798 0.05057 0.02237 0.0275
0 0.24868 0.03858 0.01925 0.02438
0 0.11963 0.28028 0.0229 0.02072
0 0.11832 0.249 0.01925 0.01762
0 0.11885 0.4341 0.02237 0.0207
0 0.50365 0.44688 0.02335 0.0233
0 0.08102 0.23467 0.0229 0.01815
0 0.23145 0.33555 0.01815 0.01968
0 0.02368 0.27167 0.02187 0.02647
0 0.0521 0.22815 0.02237 0.02388
0 0.43013 0.39552 0.01918 0.02178
0 0.47782 0.48573 0.02178 0.01653
0 0.58553 0.3473 0.02127 0.0192
0 0.87755 0.2073 0.02232 0.02183
0 0.62845 0.37345 0.02057 0.0215
0 0.5704 0.44675 0.02453 0.0156
0 0.59795 0.44798 0.02158 0.02495
0 0.85118 0.25817 0.0185 0.02208
0 0.9473 0.2637 0.01847 0.02252
0 0.19165 0.43722 0.02138 0.02375
0 0.0438 0.33835 0.0219 0.02087
0 0.3524 0.17028 0.02038 0.01695
0 0.19858 0.41073 0.01522 0.0212
0 0.64467 0.34305 0.02775 0.02035
0 0.93252 0.10385 0.0208 0.01698
0 0.20475 0.3447 0.02372 0.02598
0 0.29815 0.14892 0.01788 0.022
0 0.0626 0.29132 0.02025 0.0225
0 0.2055 0.3691 0.0233 0.02397
0 0.58883 0.07965 0.0215 0.02413
0 0.61408 0.05435 0.02555 0.03107
0 0.54988 0.3248 0.0202 0.01852
0 0.66515 0.11713 0.02018 0.02172
0 0.85097 0.18415 0.01762 0.01767
0 0.36125 0.54125 0.0225 0.025
0 0.38 0.5775 0.025 0.0225
0 0.375 0.59875 0.0225 0.02
0 0.44 0.56375 0.0225 0.025
0 0.27125 0.62625 0.02 0.0175
0 0.42125 0.5225 0.02 0.02
0 0.485 0.61 0.025 0.02
0 0.32375 0.54875 0.02 0.0275
0 0.485 0.525 0.02 0.02
0 0.4325 0.66625 0.0225 0.0175
0 0.52375 0.63375 0.025 0.0175
0 0.59375 0.60875 0.015 0.02
0 0.615 0.565 0.0175 0.015
0 0.6325 0.5375 0.0225 0.02
0 0.6175 0.51875 0.0225 0.0225
0 0.63625 0.56125 0.02 0.025
0 0.45625 0.7025 0.02 0.02
0 0.4475 0.73 0.0275 0.025
0 0.27125 0.67375 0.0225 0.0225
0 0.26375 0.6925 0.015 0.0225
0 0.4575 0.84125 0.03 0.025
0 0.445 0.89375 0.0325 0.0225
0 0.57625 0.97 0.0225 0.0175
0 0.48875 0.78875 0.025 0.02
0 0.4675 0.78375 0.0175 0.02
0 0.42 0.80625 0.025 0.02
0 0.33125 0.58875 0.0175 0.02
0 0.29875 0.7875 0.0225 0.025
0 0.36375 0.795 0.02 0.0225
0 0.5675 0.92125 0.02 0.02
0 0.625 0.96375 0.025 0.0225
0 0.595 0.93375 0.0175 0.0225
0 0.62875 0.82875 0.0225 0.0225
0 0.66 0.86375 0.025 0.02
0 0.68875 0.81 0.02 0.0175
0 0.68875 0.70375 0.02 0.0225
0 0.8275 0.6075 0.02 0.0225
0 0.765 0.5425 0.02 0.0225
0 0.86125 0.87125 0.0225 0.0225
0 0.8675 0.71 0.0275 0.02
0 0.70625 0.77875 0.0225 0.0175
0 0.75125 0.93 0.0225 0.02
0 0.39625 0.93375 0.0225 0.0175
0 0.68 0.93375 0.0275 0.0225
0 0.75125 0.87875 0.02 0.0225
0 0.7625 0.89125 0.025 0.0175
0 0.7875 0.8975 0.025 0.0175
0 0.825 0.82375 0.02 0.0225
0 0.725 0.94 0.0225 0.0225
0 0.85625 0.6425 0.02 0.02
0 0.7725 0.62375 0.0225 0.0225
0 0.71375 0.8 0.02 0.02
0 0.56125 0.58125 0.0225 0.0225
0 0.32865 0.66685 0.01533 0.01727
0 0.79125 0.93 0.02 0.02
0 0.295 0.65375 0.0225 0.0225
0 0.82625 0.58625 0.0225 0.0225
0 0.6675 0.775 0.02 0.02
0 0.60875 0.93 0.0225 0.02
0 0.68625 0.82875 0.02 0.02
0 0.83125 0.56 0.0225 0.0225
0 0.47125 0.63625 0.0225 0.0225
0 0.5225 0.79375 0.02 0.0225
0 0.43625 0.7725 0.0225 0.0225
0 0.785 0.6225 0.0225 0.0225
0 0.79 0.6075 0.0225 0.02
0 0.79375 0.96375 0.02 0.02
0 0.43875 0.52875 0.02 0.02
0 0.4425 0.915 0.025 0.025
0 0.745 0.72875 0.0225 0.0225
0 0.8325 0.91875 0.025 0.025
0 0.82275 0.70125 0.02703 0.0225
0 0.7375 0.76625 0.02 0.02
0 0.73375 0.6025 0.0275 0.025
0 0.80422 0.54197 0.0145 0.02365
0 0.75233 0.52195 0.02467 0.02423
0 0.76897 0.71065 0.01507 0.02245
0 0.76643 0.57075 0.02243 0.01802
0 0.78195 0.57895 0.01282 0.0231
0 0.7938 0.5826 0.01507 0.02252
0 0.8598 0.66583 0.02183 0.01968
0 0.83865 0.66637 0.02015 0.0208
0 0.72385 0.71267 0.01735 0.02425
0 0.7042 0.72145 0.01988 0.0277
0 0.7165 0.82693 0.02413 0.02817
0 0.50995 0.83325 0.02248 0.02475
0 0.74007 0.65835 0.01742 0.02112
0 0.78797 0.6975 0.02027 0.02027
0 0.80103 0.71035 0.01617 0.01988
0 0.8093 0.6752 0.02337 0.01905
0 0.69093 0.76493 0.0199 0.021
0 0.77873 0.7485 0.02027 0.02107
0 0.7795 0.76658 0.0226 0.01953
0 0.83757 0.7183 0.02103 0.01995
0 0.60502 0.86252 0.02575 0.01655
0 0.42997 0.62998 0.02803 0.02178
0 0.52802 0.6577 0.02567 0.02413
0 0.32993 0.96415 0.03065 0.02482
0 0.59767 0.5342 0.01857 0.0202
0 0.40172 0.89653 0.01795 0.01808
0 0.9339 0.88133 0.016 0.01802
0 0.93622 0.90405 0.0226 0.02225
0 0.42338 0.50588 0.02005 0.01173
0 0.4824 0.50637 0.02195 0.01273
0 0.36333 0.93708 0.02308 0.01878
0 0.0837 0.51788 0.01385 0.0197
0 0.12923 0.53438 0.01918 0.01875
0 0.15927 0.52042 0.02033 0.0212
0 0.16997 0.5407 0.02252 0.0168
0 0.0618 0.56355 0.01823 0.01818
0 0.3828 0.52583 0.01918 0.01773
0 0.29745 0.5523 0.01632 0.02067
0 0.39373 0.51468 0.01968 0.0151
