0 0.14375 0.34125 0.02 0.02
0 0.14 0.24375 0.02 0.0175
0 0.32625 0.15875 0.0125 0.0225
0 0.34625 0.16375 0.015 0.02
0 0.2525 0.15875 0.0225 0.0175
0 0.18625 0.26 0.0225 0.0225
0 0.24 0.11108 0.02 0.0175
0 0.13875 0.31125 0.02 0.02
0 0.14847 0.255 0.01555 0.01503
0 0.26677 0.13087 0.02283 0.0204
0 0.11282 0.1781 0.0185 0.02048
0 0.22078 0.1998 0.02193 0.0246
0 0.23165 0.2073 0.01707 0.02112
0 0.9075 0.1675 0.02 0.02
0 0.915 0.2275 0.02 0.02
0 0.955 0.17125 0.025 0.025
0 0.95875 0.385 0.0225 0.0225
0 0.54875 0.36875 0.025 0.025
0 0.95612 0.47275 0.02297 0.01692
0 0.17 0.835 0.015 0.015
0 0.15375 0.74625 0.02 0.015
0 0.14875 0.72625 0.02 0.0225
0 0.16375 0.86625 0.02 0.0175
0 0.485 0.855 0.0275 0.0275
0 0.1275 0.81625 0.02 0.02
0 0.74375 0.7975 0.0225 0.0175
0 0.8425 0.69375 0.0225 0.0275
0 0.8275 0.715 0.0275 0.0225
0 0.9475 0.6925 0.025 0.0225
0 0.925 0.7125 0.0225 0.025
0 0.965 0.7675 0.0275 0.025
0 0.71375 0.825 0.025 0.0225
0 0.69875 0.63625 0.02 0.02
0 0.865 0.96625 0.02 0.02
0 0.7975 0.73375 0.0225 0.02
0 0.9425 0.775 0.02 0.02
0 0.8625 0.63875 0.02 0.02
0 0.91775 0.51308 0.023 0.0208
0 0.96727 0.63858 0.02385 0.02357
