0 0.63625 0.02625 0.0225 0.02
0 0.61125 0.0425 0.02 0.02
0 0.6675 0.0475 0.0225 0.02
0 0.69875 0.0325 0.0225 0.015
0 0.69125 0.05125 0.025 0.02
0 0.7925 0.04375 0.0175 0.0175
0 0.78125 0.06 0.0225 0.0225
0 0.7425 0.11125 0.0175 0.0175
0 0.655 0.14875 0.02 0.0225
0 0.64375 0.17 0.0225 0.0225
0 0.71375 0.1725 0.02 0.025
0 0.72875 0.19 0.025 0.025
0 0.73875 0.14 0.0325 0.0175
0 0.0425 0.59875 0.02 0.0125
0 0.12375 0.24625 0.0175 0.02
0 0.12125 0.29125 0.0225 0.0225
0 0.15875 0.28 0.0225 0.02
0 0.24875 0.44125 0.02 0.02
0 0.205 0.255 0.025 0.025
0 0.0475 0.50125 0.02 0.02
0 0.2175 0.1625 0.02 0.02
0 0.1275 0.5175 0.02 0.0175
0 0.685 0.11625 0.02 0.02
0 0.25375 0.23375 0.02 0.0175
0 0.30875 0.071975 0.0225 0.0225
0 0.07 0.4725 0.0225 0.02
0 0.2875 0.4875 0.0225 0.0225
0 0.3375 0.41125 0.02 0.02