0 0.260125 0.06875 0.018425 0.022525
0 0.7375 0.065 0.0225 0.025
0 0.8386 0.33615 0.020975 0.020075
0 0.76625 0.195 0.025 0.0225
0 0.773575 0.0199 0.024624999999999998 0.02465
0 0.9792749999999999 0.042475 0.027125 0.026000000000000002
0 0.462025 0.046974999999999996 0.01905 0.01855
0 0.98875 0.16125 0.0225 0.02
0 0.34047499999999997 0.952975 0.025075 0.023424999999999998
0 0.3385 0.17462499999999997 0.024624999999999998 0.021775000000000003
0 0.82125 0.3725 0.02 0.0175
0 0.65 0.13375 0.025 0.025
0 0.965 0.12875 0.0175 0.0175
0 0.21625 0.92125 0.02 0.02
0 0.70625 0.12875 0.0225 0.0225
0 0.57 0.04375 0.02 0.02
0 0.9625 0.485 0.02 0.02
0 0.53625 0.59 0.02 0.0175
0 0.89375 0.26875 0.02 0.02
0 0.955 0.16125 0.0175 0.0175
0 0.8225 0.185 0.0175 0.0175
0 0.65875 0.1575 0.02 0.02
0 0.0746 0.80345 0.018825 0.019424999999999998
0 0.0397 0.786275 0.018675 0.018975
0 0.30185 0.8828499999999999 0.019775 0.02105
0 0.9826 0.44707500000000006 0.020550000000000002 0.01915
0 0.98765 0.462125 0.018175 0.020425
0 0.9775499999999999 0.1745 0.0217 0.022425
0 0.75145 0.142225 0.02435 0.018349999999999998
0 0.7803749999999999 0.17285 0.023250000000000003 0.0207
0 0.7920999999999999 0.13817500000000002 0.01815 0.019175
0 0.47450000000000003 0.025425 0.020425 0.020499999999999997
0 0.179975 0.06860000000000001 0.017075 0.01755
0 0.561025 0.22774999999999998 0.018500000000000003 0.0216
0 0.5882999999999999 0.23095 0.01765 0.019074999999999998
0 0.9942 0.10875 0.0116 0.0264
0 0.84735 0.1234 0.0197 0.020025
0 0.9012 0.17815 0.01845 0.020575
0 0.9303 0.08055 0.01955 0.018225
0 0.7097249999999999 0.241125 0.019424999999999998 0.01795
0 0.688075 0.249025 0.020775000000000002 0.026600000000000002
0 0.90865 0.132675 0.0191 0.0207