0 0.57285 0.27115 0.030725 0.024825
0 0.54 0.28125 0.0225 0.0225
0 0.38625 0.215 0.0225 0.025
0 0.44875 0.21875 0.0225 0.025
0 0.33 0.48125 0.025 0.0275
0 0.3525 0.51375 0.0275 0.03
0 0.37875 0.12875 0.0225 0.025
0 0.0975 0.2275 0.0225 0.0225
0 0.14295 0.2158 0.028025 0.0191
0 0.3225 0.21125 0.025 0.025
0 0.53625 0.34125 0.0225 0.0225
0 0.336525 0.5284 0.02375 0.02215
0 0.3975 0.1625 0.0275 0.0275
0 0.295 0.39625 0.0275 0.025
0 0.44777500000000003 0.241075 0.01875 0.017849999999999998
0 0.22545 0.8567 0.01875 0.020525
0 0.210275 0.835725 0.016975 0.017849999999999998
0 0.17010000000000003 0.80535 0.022324999999999998 0.016075