0 0.17875 0.94375 0.02 0.0225
0 0.30875 0.27625 0.0225 0.0275
0 0.48 0.78125 0.0225 0.02
0 0.0975 0.935 0.0175 0.0175
0 0.18875 0.9008 0.0225 0.0225
0 0.88625 0.55125 0.025 0.025
0 0.825 0.53875 0.025 0.02
0 0.84625 0.5375 0.0175 0.0225
0 0.93 0.8075 0.02 0.0225
0 0.73875 0.19375 0.0275 0.0275
0 0.805 0.4275 0.025 0.0225
0 0.92 0.62625 0.0175 0.02
0 0.7625 0.33375 0.0225 0.0275
0 0.83875 0.2325 0.0225 0.02
0 0.9075 0.3375 0.02 0.025
0 0.95125 0.59125 0.0175 0.02
0 0.88875 0.50875 0.02 0.0225
0 0.9075 0.7225 0.02 0.0175
0 0.85375 0.86875 0.015 0.015
0 0.91125 0.79625 0.0175 0.02
0 0.91125 0.57625 0.02 0.0225
0 0.8125 0.4575 0.0175 0.02
0 0.76 0.21125 0.02 0.02
0 0.88125 0.64125 0.015 0.015
0 0.8825 0.18875 0.02 0.02
0 0.78625 0.20625 0.0225 0.0225
0 0.97682 0.70125 0.0225 0.0225
0 0.8925 0.08875 0.02 0.02
0 0.5575 0.45875 0.0225 0.0225
0 0.915 0.4175 0.0225 0.0225
0 0.79125 0.135 0.025 0.0225
0 0.87375 0.4225 0.0225 0.0225
0 0.78875 0.1025 0.02 0.0175
0 0.9 0.63125 0.02 0.02
0 0.905 0.11375 0.02 0.02
0 0.88625 0.69625 0.0175 0.0175
0 0.7575 0.10375 0.02 0.02
0 0.93125 0.49125 0.0175 0.0175
