0 0.02625 0.485 0.0225 0.0225
0 0.04375 0.54375 0.02 0.0175
0 0.0475 0.605 0.0275 0.02
0 0.075 0.1525 0.0175 0.015
0 0.14625 0.4275 0.02 0.0225
0 0.035 0.63625 0.0275 0.0225
0 0.04875 0.19625 0.025 0.025
0 0.11625 0.445 0.0175 0.02
0 0.23 0.23625 0.0225 0.025
0 0.08 0.36875 0.02 0.02
0 0.07 0.415 0.025 0.025
0 0.04 0.4275 0.02 0.02
0 0.11885 0.45827 0.02717 0.02342
0 0.0325 0.19125 0.02 0.02
0 0.08875 0.4875 0.02 0.02
0 0.72625 0.54625 0.025 0.0225
0 0.7825 0.5425 0.0225 0.02
0 0.84 0.40875 0.0275 0.02
0 0.91625 0.22625 0.025 0.0175
0 0.98 0.33875 0.0175 0.0175
0 0.77 0.4375 0.0225 0.02
0 0.92375 0.27 0.0175 0.0175
