0 0.195 0.13375 0.0225 0.0175
0 0.23125 0.29875 0.0225 0.0225
0 0.0325 0.10375 0.025 0.0225
0 0.06125 0.09375 0.0225 0.02
0 0.04385 0.2411 0.01978 0.01717
0 0.06225 0.32933 0.02197 0.01885
0 0.11625 0.32625 0.02 0.0175
0 0.19875 0.435 0.025 0.0225
0 0.46875 0.02375 0.025 0.0225
0 0.21 0.255 0.0225 0.0225
0 0.06375 0.13875 0.0225 0.0225
0 0.11055 0.2013 0.01933 0.0187
0 0.16245 0.42888 0.01957 0.01847
0 0.3912 0.48752 0.02525 0.01792
0 0.10693 0.31022 0.01742 0.01865
0 0.27875 0.14533 0.01823 0.0228
0 0.4713 0.13662 0.01937 0.02325
0 0.925 0.3025 0.02 0.0225
0 0.9327 0.24045 0.02743 0.02265
0 0.66625 0.16 0.025 0.0225
0 0.9175 0.15375 0.0275 0.02
0 0.82 0.0875 0.015 0.0175
0 0.7225 0.40625 0.025 0.025
0 0.76625 0.4225 0.0225 0.0175
0 0.69 0.3925 0.0175 0.0175
0 0.65625 0.315 0.0225 0.0175
0 0.6375 0.2775 0.0225 0.0225
0 0.905 0.125 0.02 0.015
0 0.885 0.13875 0.02 0.0175
0 0.635 0.4825 0.02 0.015
0 0.7525 0.47 0.0175 0.015
0 0.78875 0.10625 0.02 0.02
0 0.6592 0.48028 0.0191 0.0177
0 0.8065 0.16453 0.01835 0.01835
0 0.79845 0.148 0.01655 0.01745
0 0.67563 0.45735 0.01553 0.02005
0 0.71525 0.38323 0.0162 0.01823
0 0.11585 0.57308 0.0242 0.0226
0 0.0423 0.57652 0.02962 0.02558
0 0.06995 0.6139 0.0249 0.02527
0 0.2375 0.575 0.02 0.0225
0 0.20125 0.64625 0.0225 0.0225
0 0.26125 0.65 0.0275 0.025
0 0.21125 0.67625 0.02 0.02
0 0.2601 0.70535 0.0252 0.02178
0 0.21 0.70375 0.025 0.02
0 0.4375 0.80875 0.0225 0.025
0 0.20098 0.963 0.02575 0.0224
0 0.34323 0.8494 0.01833 0.02065
0 0.1575 0.5625 0.02 0.02
0 0.41375 0.91625 0.0225 0.0225
0 0.18125 0.81625 0.02 0.02
0 0.26935 0.868 0.0237 0.01727
0 0.09653 0.666 0.02517 0.01773
0 0.169 0.7454 0.01837 0.0158
0 0.15205 0.84327 0.01837 0.01868
0 0.2953 0.93057 0.01915 0.01827
0 0.28817 0.9048 0.01742 0.01673
0 0.26963 0.8829 0.02145 0.01812
0 0.2301 0.6659 0.01837 0.01643
0 0.12218 0.62838 0.0158 0.01745
0 0.12953 0.64015 0.01593 0.0197
0 0.1837 0.53085 0.01562 0.02243
0 0.24652 0.73073 0.0252 0.0168
0 0.36282 0.86447 0.01897 0.01392
0 0.49018 0.87517 0.01965 0.0218
0 0.78875 0.7258 0.0225 0.0225
0 0.60875 0.76375 0.02 0.02
0 0.73625 0.7125 0.0225 0.0225
0 0.61125 0.83375 0.0225 0.0225
0 0.63297 0.60643 0.01593 0.02
