0 0.29375 0.2825 0.035 0.03
0 0.1775 0.1225 0.0275 0.0275
0 0.28125 0.12125 0.0225 0.02
0 0.3325 0.2275 0.025 0.025
0 0.4225 0.19 0.0275 0.0225
0 0.4475 0.5875 0.03 0.03
0 0.1775 0.7225 0.03 0.0225
0 0.12375 0.73375 0.0225 0.0175
0 0.19375 0.95875 0.025 0.0225
0 0.18375 0.865 0.025 0.0225
0 0.1625 0.77875 0.02 0.0175
0 0.26 0.415 0.0225 0.0325
0 0.235 0.21 0.0225 0.025
0 0.67375 0.60875 0.0225 0.0225
0 0.375 0.3175 0.03 0.0275
0 0.23375 0.74875 0.02 0.0225
0 0.32625 0.70625 0.0225 0.03
0 0.03125 0.7775 0.02 0.0225
0 0.785 0.21875 0.0175 0.0225
0 0.32 0.90625 0.025 0.025
0 0.5475 0.17375 0.0225 0.0225
0 0.2025 0.975 0.0175 0.02
0 0.02875 0.28 0.0175 0.0175
0 0.0575 0.27375 0.02 0.0225
0 0.31625 0.67875 0.0175 0.025
0 0.34125 0.09125 0.0175 0.015
0 0.71045 0.32375 0.0225 0.02
0 0.33 0.9575 0.0225 0.0225
0 0.64125 0.625 0.025 0.025
0 0.22625 0.88375 0.02 0.02
0 0.3525 0.255 0.025 0.025
0 0.53375 0.87125 0.02 0.02
0 0.26875 0.17875 0.02 0.02
0 0.43 0.73375 0.025 0.025
0 0.68045 0.8025 0.02 0.02
0 0.50125 0.805 0.0225 0.0225
0 0.46125 0.2825 0.02 0.02
0 0.21125 0.74 0.02 0.02
0 0.3725 0.065 0.0225 0.02