0 0.20375 0.25 0.025 0.02
0 0.26125 0.1925 0.02 0.02
0 0.21 0.3075 0.0175 0.02
0 0.2825 0.41875 0.0175 0.0175
0 0.13125 0.28875 0.025 0.02
0 0.09615 0.3238 0.01907 0.02095
0 0.71375 0.14125 0.0225 0.025
0 0.64515 0.22578 0.02027 0.02155
0 0.48625 0.18375 0.02 0.02
0 0.5375 0.2575 0.0225 0.02
0 0.83875 0.25625 0.0225 0.02
0 0.855 0.405 0.0325 0.03
0 0.84905 0.30552 0.02297 0.0225
0 0.725 0.27375 0.02 0.02
0 0.6925 0.24125 0.0175 0.02
0 0.685 0.46125 0.0275 0.02
0 0.73375 0.42875 0.0225 0.02
0 0.695 0.41625 0.0225 0.015
0 0.35125 0.45625 0.0225 0.015
0 0.46375 0.34375 0.025 0.025
0 0.4825 0.315 0.015 0.015
0 0.7325 0.33375 0.02 0.0175
0 0.745 0.3175 0.0175 0.015
0 0.685 0.185 0.0225 0.02
0 0.06617 0.03458 0.02538 0.02357
0 0.63375 0.08875 0.0175 0.0175
0 0.51125 0.20875 0.0175 0.02
0 0.5675 0.07625 0.0175 0.0225
0 0.45875 0.26375 0.015 0.02
0 0.865 0.32625 0.025 0.025
0 0.8575 0.345 0.0225 0.02
0 0.89625 0.46125 0.025 0.0275
0 0.23753 0.05057 0.02255 0.01862
0 0.28125 0.18125 0.0225 0.025
0 0.8225 0.49125 0.0175 0.0175
0 0.8125 0.4725 0.0175 0.0225
0 0.87125 0.435 0.0225 0.0175
0 0.7025 0.445 0.0225 0.0175
0 0.79 0.3125 0.025 0.015
0 0.88375 0.085 0.0225 0.0225
0 0.30125 0.335 0.0225 0.0225
0 0.6825 0.125 0.025 0.025
0 0.84 0.09375 0.0225 0.0225
0 0.7 0.1 0.0225 0.0225
0 0.75 0.3775 0.02 0.02
0 0.68 0.28125 0.0225 0.02
0 0.82625 0.0325 0.02 0.02
0 0.20375 0.0575 0.02 0.02
0 0.45 0.31 0.02 0.02
0 0.57 0.11 0.0175 0.0175
0 0.85018 0.48798 0.02 0.01883
0 0.2889 0.25048 0.01885 0.0188
0 0.31255 0.28863 0.01798 0.01477
0 0.9833 0.48198 0.0148 0.01575
0 0.9707 0.48147 0.01282 0.02007
0 0.71772 0.41725 0.02167 0.01843
0 0.75105 0.35845 0.02355 0.0151
0 0.58295 0.0934 0.0216 0.02212
0 0.97575 0.28642 0.01403 0.01572
0 0.97655 0.308 0.02013 0.0179
0 0.77912 0.09555 0.01495 0.01605
0 0.77572 0.0771 0.01752 0.0185
0 0.28385 0.28268 0.01593 0.01535
0 0.59983 0.06583 0.0175 0.02092
0 0.80662 0.07068 0.0168 0.01635
0 0.83525 0.46578 0.017 0.0155
0 0.79368 0.43612 0.0213 0.01688
0 0.8439 0.43155 0.01995 0.0167
0 0.26012 0.56875 0.01843 0.02252
0 0.7375 0.565 0.0225 0.025
0 0.8386 0.83615 0.02098 0.02007
0 0.76625 0.695 0.025 0.0225
0 0.77358 0.5199 0.02462 0.02465
0 0.97927 0.54247 0.02712 0.026
0 0.46203 0.54697 0.01905 0.01855
0 0.98875 0.66125 0.0225 0.02
0 0.3385 0.67462 0.02462 0.02178
0 0.82125 0.8725 0.02 0.0175
0 0.65 0.63375 0.025 0.025
0 0.965 0.62875 0.0175 0.0175
0 0.70625 0.62875 0.0225 0.0225
0 0.57 0.54375 0.02 0.02
0 0.89375 0.76875 0.02 0.02
0 0.955 0.66125 0.0175 0.0175
0 0.8225 0.685 0.0175 0.0175
0 0.65875 0.6575 0.02 0.02
0 0.9826 0.94708 0.02055 0.01915
0 0.98765 0.96213 0.01818 0.02042
0 0.97755 0.6745 0.0217 0.02243
0 0.75145 0.64222 0.02435 0.01835
0 0.78037 0.67285 0.02325 0.0207
0 0.7921 0.63818 0.01815 0.01918
0 0.4745 0.52542 0.02042 0.0205
0 0.17997 0.5686 0.01707 0.01755
0 0.56102 0.72775 0.0185 0.0216
0 0.5883 0.73095 0.01765 0.01907
0 0.9942 0.60875 0.0116 0.0264
0 0.84735 0.6234 0.0197 0.02003
0 0.9012 0.67815 0.01845 0.02057
0 0.9303 0.58055 0.01955 0.01823
0 0.70972 0.74113 0.01942 0.01795
0 0.68807 0.74902 0.02078 0.0266
0 0.90865 0.63267 0.0191 0.0207
