0 0.12625 0.9025 0.025 0.025
0 0.37625 0.85625 0.02 0.0175
0 0.28625 0.8975 0.0175 0.015
0 0.23625 0.9125 0.02 0.015
0 0.16375 0.7625 0.02 0.015
0 0.4275 0.5775 0.0225 0.0175
0 0.4925 0.62125 0.015 0.0175
0 0.0325 0.34625 0.0225 0.0275
0 0.08875 0.8725 0.02 0.02
0 0.0275 0.3325 0.025 0.025
0 0.20875 0.7525 0.0225 0.0225
0 0.08 0.68625 0.02 0.02
0 0.17625 0.7875 0.025 0.025
0 0.39875 0.89875 0.025 0.025
0 0.35875 0.1225 0.025 0.0225
0 0.395 0.35 0.02 0.02
0 0.335 0.93125 0.025 0.025
0 0.05625 0.69 0.0225 0.0225
0 0.18875 0.68875 0.0225 0.02
0 0.835 0.91875 0.03 0.025
0 0.85 0.84625 0.0225 0.0225
0 0.91625 0.63625 0.0225 0.0175
0 0.95875 0.68 0.02 0.0175
0 0.635 0.2225 0.03 0.02
0 0.70375 0.26875 0.0225 0.0175
0 0.91625 0.4075 0.0275 0.025
0 0.8225 0.19 0.0225 0.0275
0 0.76875 0.105 0.0225 0.02
0 0.91875 0.20125 0.0225 0.02
0 0.835 0.285 0.025 0.0225
0 0.83625 0.24625 0.025 0.02
0 0.86 0.17125 0.025 0.02
0 0.71625 0.36875 0.0225 0.0225
0 0.7525 0.28 0.02 0.02
0 0.82125 0.345 0.025 0.025
0 0.935 0.11125 0.02 0.02
0 0.7375 0.10375 0.0225 0.02
0 0.77375 0.72625 0.0225 0.02
0 0.92375 0.18125 0.0225 0.0225
0 0.91125 0.55625 0.0175 0.0175
0 0.64375 0.38625 0.0225 0.0225
0 0.76625 0.35125 0.02 0.02
0 0.91 0.605 0.0175 0.0175
