0 0.03215 0.87562 0.01823 0.01518
0 0.11 0.96 0.0225 0.0225
0 0.22125 0.97875 0.02 0.0175
0 0.43125 0.89875 0.025 0.02
0 0.22778 0.81778 0.02303 0.02303
0 0.02108 0.88125 0.01607 0.01607
0 0.41115 0.8692 0.02053 0.01875
0 0.05045 0.80983 0.01518 0.01965
0 0.08972 0.93125 0.01698 0.02142
0 0.42902 0.92545 0.02232 0.02232
0 0.87125 0.07125 0.0275 0.0275
0 0.91 0.00875 0.02 0.0175
0 0.75375 0.0525 0.025 0.0225
0 0.845 0.11125 0.0225 0.025
0 0.93875 0.0975 0.0225 0.0225
0 0.965 0.04375 0.02 0.0275
0 0.8425 0.21375 0.0225 0.0225
0 0.73875 0.20875 0.0225 0.025
0 0.90875 0.12125 0.0225 0.0225
0 0.70875 0.39875 0.025 0.025
0 0.95715 0.08035 0.01607 0.01785
0 0.8808 0.2491 0.02053 0.01965
0 0.9433 0.20448 0.01875 0.01607
0 0.92545 0.16517 0.01698 0.01607
0 0.94198 0.16517 0.01785 0.01607
0 0.97813 0.20135 0.01875 0.02232
0 0.71027 0.2317 0.01518 0.01875
0 0.7259 0.23705 0.01607 0.01875
0 0.74285 0.11965 0.01785 0.01785
0 0.69375 0.18885 0.02322 0.02053
0 0.75403 0.1509 0.0241 0.02322
0 0.73215 0.33215 0.01785 0.01785
0 0.72233 0.34955 0.01965 0.02053
0 0.9241 0.22677 0.01607 0.01785
0 0.74063 0.17677 0.02768 0.02142
0 0.67097 0.69778 0.02232 0.01698
0 0.66073 0.9433 0.02322 0.02053
0 0.64865 0.95403 0.01698 0.01698
0 0.5924 0.96295 0.01875 0.01875
