0 0.2275 0.2925 0.03 0.0225
0 0.64875 0.69875 0.0325 0.025
0 0.6675 0.73375 0.02 0.0325
0 0.55875 0.69625 0.0275 0.0225
0 0.6075 0.7025 0.03 0.0225
0 0.6525 0.7675 0.02 0.0225
0 0.7025 0.71625 0.02 0.025
0 0.735 0.71125 0.0175 0.03
0 0.95375 0.68125 0.03 0.0275
0 0.16875 0.6325 0.025 0.0275
0 0.1425 0.58875 0.03 0.02
0 0.09 0.55 0.02 0.02
0 0.1 0.64125 0.0225 0.0175
0 0.09875 0.66125 0.0275 0.0225
0 0.16875 0.6325 0.0275 0.0275
0 0.20875 0.7525 0.0225 0.02
0 0.9725 0.50875 0.0225 0.0225
0 0.065 0.42625 0.0225 0.0225
0 0.62125 0.735 0.0225 0.0225
0 0.5625 0.19625 0.02 0.02
0 0.86625 0.5228 0.02 0.02
0 0.12125 0.48375 0.0225 0.0225
0 0.97875 0.54125 0.0225 0.0225
0 0.21125 0.95875 0.0275 0.025
0 0.14 0.74875 0.0225 0.0225
0 0.08875 0.8725 0.025 0.025
0 0.465 0.29375 0.0225 0.02
0 0.694375 0.77 0.0225 0.0225
0 0.029875 0.6361249999999999 0.026125 0.025
0 0.16885000000000003 0.572525 0.021825 0.029325
0 0.18969999999999998 0.581875 0.028224999999999997 0.028775
0 0.7134 0.7542749999999999 0.017 0.019675
0 0.725675 0.78475 0.0202 0.026075