0 0.445 0.33875 0.0175 0.0175
0 0.45875 0.35375 0.0175 0.02
0 0.28125 0.3275 0.015 0.02
0 0.24375 0.36375 0.0175 0.025
0 0.20375 0.40625 0.0325 0.025
0 0.0601 0.37605 0.0209 0.02042
0 0.31125 0.31375 0.0175 0.0225
0 0.3325 0.31125 0.02 0.025
0 0.4475 0.26875 0.0175 0.0175
0 0.2275 0.36625 0.015 0.0175
0 0.24375 0.31625 0.0225 0.02
0 0.295 0.34125 0.0225 0.0175
0 0.43125 0.29 0.02 0.0225
0 0.31375 0.23375 0.0225 0.02
0 0.15625 0.11875 0.0175 0.02
0 0.365 0.31375 0.02 0.0225
0 0.24125 0.19125 0.015 0.02
0 0.4853 0.2099 0.0144 0.02232
0 0.4925 0.19 0.015 0.0225
0 0.49125 0.16875 0.015 0.0225
0 0.38375 0.33 0.02 0.02
0 0.49125 0.2675 0.015 0.0225
0 0.2175 0.28875 0.02 0.02
0 0.61805 0.33893 0.0264 0.02467
0 0.78 0.45375 0.025 0.025
0 0.91375 0.40375 0.0325 0.02
0 0.795 0.24 0.03 0.02
0 0.62 0.46 0.02 0.015
0 0.69375 0.37875 0.02 0.02
0 0.5475 0.37375 0.015 0.0225
0 0.55125 0.4275 0.025 0.025
0 0.6 0.265 0.0175 0.015
0 0.8975 0.175 0.02 0.015
0 0.90795 0.20503 0.02413 0.01742
0 0.65 0.3325 0.0225 0.0225
0 0.5425 0.28125 0.0175 0.02
0 0.7475 0.36 0.0225 0.0225
0 0.58 0.28375 0.0225 0.0175
0 0.81 0.45 0.02 0.02
0 0.625 0.26875 0.0175 0.0175
0 0.52375 0.35875 0.025 0.0225
0 0.86125 0.48875 0.0225 0.02
0 0.6575 0.485 0.0225 0.015
0 0.52375 0.31125 0.02 0.02
0 0.39875 0.57375 0.02 0.02
0 0.4175 0.59625 0.0175 0.02
0 0.38375 0.92625 0.0175 0.0175
0 0.31625 0.9425 0.0225 0.02
0 0.3725 0.905 0.0175 0.0175
0 0.43 0.8375 0.0175 0.02
0 0.44375 0.88 0.015 0.0125
0 0.4175 0.75875 0.025 0.02
0 0.38 0.71625 0.0175 0.02
0 0.4019 0.55527 0.02 0.02
0 0.24625 0.635 0.0175 0.0175
0 0.1975 0.6375 0.0175 0.0175
0 0.7325 0.915 0.02 0.0175
0 0.85 0.6125 0.0275 0.02
0 0.71125 0.55875 0.0225 0.02
0 0.69375 0.54125 0.0175 0.02
0 0.89625 0.54 0.0175 0.0175
0 0.5525 0.6625 0.0275 0.0175
0 0.525 0.64875 0.0175 0.02
0 0.72125 0.53375 0.0225 0.0175
0 0.725 0.50875 0.025 0.015
0 0.81875 0.53 0.0175 0.02
0 0.88625 0.59 0.02 0.0175
