0 0.39875 0.1825 0.0325 0.025
0 0.395 0.0925 0.025 0.02
0 0.58875 0.3975 0.0275 0.0225
0 0.1925 0.03875 0.0275 0.02
0 0.04625 0.1275 0.0225 0.0225
0 0.4075 0.1275 0.02 0.0275
0 0.65875 0.245 0.0225 0.0275
0 0.36375 0.1975 0.02 0.0225
0 0.685 0.39375 0.0225 0.02
0 0.5025 0.16 0.025 0.02
0 0.2325 0.0425 0.02 0.0175
0 0.43 0.07625 0.0175 0.02
0 0.47875 0.10625 0.0225 0.025
0 0.43375 0.15375 0.0175 0.025
0 0.72125 0.315 0.0225 0.0225
0 0.70375 0.305 0.0225 0.02
0 0.55 0.36625 0.025 0.0225
0 0.45 0.07375 0.0225 0.02
0 0.7925 0.465 0.0275 0.02
0 0.7675 0.47625 0.02 0.0225
0 0.82125 0.47875 0.02 0.0225
0 0.54875 0.285 0.0175 0.0225
0 0.6325 0.22 0.0175 0.0225
0 0.5 0.3925 0.02 0.0175
0 0.03125 0.1425 0.02 0.0225
0 0.8 0.44875 0.0225 0.0175
0 0.79375 0.42375 0.025 0.0175
0 0.69625 0.32625 0.0225 0.0175
0 0.49 0.0725 0.02 0.02
0 0.35125 0.09375 0.0175 0.02
0 0.3875 0.1175 0.03 0.025
0 0.315 0.47625 0.0225 0.025
0 0.2825 0.48125 0.025 0.025
0 0.64125 0.415 0.0225 0.0225
0 0.435 0.1025 0.02 0.015
0 0.35625 0.22625 0.0175 0.0175
0 0.335 0.22875 0.02 0.0225
0 0.96875 0.30375 0.025 0.0225
0 0.39125 0.20375 0.025 0.0175
0 0.64125 0.415 0.0225 0.0225
0 0.68 0.47375 0.02 0.02
0 0.74625 0.4675 0.0175 0.0175
0 0.26625 0.29625 0.02 0.02
0 0.8375 0.23 0.0225 0.0225
0 0.82875 0.745 0.0325 0.035
0 0.91625 0.78125 0.0275 0.0225
0 0.90875 0.605 0.025 0.0275
0 0.92125 0.58125 0.0225 0.02
0 0.795 0.6325 0.0225 0.02
0 0.85375 0.55 0.02 0.0225
0 0.89125 0.5875 0.0175 0.0175
0 0.14625 0.72875 0.025 0.0225
0 0.1525 0.64 0.02 0.02
0 0.165 0.6025 0.0225 0.025
0 0.56125 0.54 0.0225 0.0225
0 0.83125 0.6625 0.0175 0.02
0 0.85375 0.52875 0.0275 0.0225
0 0.23 0.525 0.0225 0.02
0 0.7525 0.5275 0.025 0.0225
0 0.63125 0.9425 0.0225 0.0225
0 0.83043 0.56625 0.01837 0.02
0 0.77375 0.57157 0.02 0.02
0 0.5925 0.5325 0.02 0.02
0 0.42375 0.84625 0.02 0.02
0 0.12375 0.685 0.02 0.02
0 0.82588 0.60255 0.0301 0.0225
0 0.97375 0.69875 0.02 0.02
0 0.0451 0.5413 0.02283 0.025
0 0.35245 0.9731 0.0212 0.02445
0 0.88667 0.63018 0.0288 0.0212
0 0.79945 0.54075 0.02065 0.02065
0 0.89158 0.5606 0.02337 0.02337
