0 0.05375 0.17125 0.0325 0.03
0 0.2275 0.4125 0.025 0.025
0 0.07375 0.48375 0.025 0.025
0 0.4075 0.4675 0.025 0.02
0 0.075 0.15125 0.0275 0.025
0 0.06375 0.11875 0.0225 0.0225
0 0.08597 0.17278 0.0225 0.0225
0 0.95125 0.0575 0.02 0.025
0 0.10125 0.5525 0.02 0.0275
0 0.24875 0.52875 0.0275 0.025
0 0.365 0.57875 0.0275 0.0225
0 0.3625 0.66125 0.025 0.0225
0 0.3675 0.67875 0.0275 0.0225
0 0.2025 0.575 0.0275 0.0225
0 0.40625 0.71375 0.025 0.025
0 0.425 0.67375 0.025 0.0225
0 0.4225 0.64875 0.0225 0.02
0 0.43 0.555 0.025 0.02
0 0.48375 0.72 0.025 0.02
0 0.4475 0.755 0.0175 0.0225
0 0.4525 0.78625 0.0225 0.0225
0 0.47125 0.79625 0.025 0.02
0 0.12 0.8825 0.025 0.02
0 0.29875 0.83125 0.02 0.02
0 0.145 0.97625 0.02 0.015
0 0.17375 0.96625 0.02 0.02
0 0.37625 0.97875 0.0225 0.02
0 0.25 0.81375 0.0175 0.0225
0 0.17375 0.96625 0.02 0.02
0 0.5575 0.84125 0.0225 0.015
0 0.8925 0.6775 0.0225 0.0275
0 0.71875 0.6 0.02 0.02
