0 0.55 0.075 0.0225 0.0225
0 0.3875 0.22875 0.0225 0.0225
0 0.4025 0.2625 0.0225 0.0225
0 0.205 0.14 0.0225 0.02
0 0.4709 0.0646 0.0186 0.02203
0 0.95035 0.40868 0.01677 0.01912
0 0.47125 0.74875 0.0225 0.02
0 0.39625 0.5575 0.025 0.0275
0 0.17875 0.87125 0.02 0.025
0 0.20125 0.91875 0.0175 0.015
0 0.21125 0.945 0.0175 0.0175
0 0.12125 0.85625 0.0225 0.0175
0 0.96125 0.89125 0.0175 0.015
0 0.62875 0.9725 0.0225 0.0175
0 0.4975 0.80125 0.0175 0.02
0 0.42625 0.75 0.015 0.0125
0 0.43125 0.57125 0.0225 0.02
0 0.96375 0.86 0.0175 0.02
0 0.23625 0.83875 0.0275 0.0225
0 0.97 0.9125 0.02 0.0175
0 0.97808 0.90327 0.01785 0.01843
0 0.58875 0.63375 0.02 0.02
0 0.24875 0.7525 0.0225 0.02
0 0.61165 0.77658 0.0215 0.02103
0 0.17863 0.9338 0.01798 0.0194
0 0.93202 0.93263 0.01942 0.01705
0 0.67362 0.68952 0.02048 0.01477
