0 0.19875 0.605 0.025 0.0225
0 0.15875 0.5 0.025 0.02
0 0.13625 0.5025 0.0175 0.015
0 0.07125 0.4725 0.0225 0.025
0 0.05375 0.43375 0.02 0.0225
0 0.18125 0.7475 0.03 0.02
0 0.55125 0.64 0.02 0.025
0 0.31 0.66375 0.0225 0.0175
0 0.23 0.715 0.0225 0.0225
0 0.19125 0.6575 0.025 0.0275
0 0.915 0.075 0.025 0.025
0 0.0375 0.46375 0.02 0.0275
0 0.03625 0.34625 0.0175 0.015
0 0.55375 0.61375 0.025 0.0175
0 0.45125 0.26 0.03 0.02
0 0.13375 0.54375 0.025 0.02
0 0.11875 0.375 0.0225 0.0175
0 0.32625 0.13125 0.0225 0.0225
0 0.5575 0.68375 0.0225 0.02
0 0.2375 0.61875 0.02 0.02
0 0.21875 0.57875 0.0225 0.0225
0 0.20625 0.54125 0.0175 0.0175
0 0.125 0.4375 0.0175 0.02
0 0.15875 0.57375 0.02 0.02
0 0.135 0.57375 0.0225 0.025
0 0.53375 0.28 0.02 0.0175
0 0.35 0.17 0.025 0.0175
0 0.3475 0.1475 0.0175 0.02
0 0.37625 0.48375 0.0175 0.0175
0 0.4675 0.51 0.0225 0.025
0 0.01125 0.45875 0.0225 0.0275
0 0.10875 0.335 0.025 0.0225
0 0.82625 0.0275 0.0175 0.025
0 0.945 0.0125 0.0225 0.025
0 0.89125 0.02625 0.0175 0.0225
0 0.72 0.985 0.0175 0.0225
0 0.305 0.3675 0.0225 0.0225
0 0.8075 0.8525 0.02 0.02
0 0.131375 0.62875 0.02 0.02