0 0.695 0.38125 0.025 0.0225
0 0.71375 0.28625 0.0225 0.0175
0 0.6895 0.2273 0.01852 0.0196
0 0.8 0.2675 0.0225 0.02
0 0.90875 0.2525 0.0175 0.0225
0 0.92375 0.24875 0.0175 0.025
0 0.91 0.33 0.0225 0.0225
0 0.7375 0.3 0.0225 0.0225
0 0.455 0.41 0.0275 0.0275
0 0.22875 0.7475 0.0225 0.0225
0 0.1275 0.7475 0.0225 0.0225
0 0.24875 0.8325 0.02 0.02
0 0.18625 0.90125 0.02 0.0225
0 0.35495 0.74595 0.02618 0.0206
0 0.81625 0.645 0.0225 0.025
0 0.63 0.80375 0.0275 0.02
0 0.5825 0.91625 0.03 0.0225
0 0.4594 0.87432 0.02413 0.02085
0 0.85 0.95625 0.0225 0.02
0 0.88253 0.73863 0.02255 0.02475
0 0.14902 0.72557 0.02555 0.02115
0 0.84472 0.87248 0.02672 0.02342
0 0.76235 0.80025 0.02115 0.01655
0 0.74972 0.78695 0.0184 0.02033
