0 0.30875 0.26 0.0175 0.02
0 0.19125 0.26 0.0225 0.0225
0 0.31625 0.14875 0.0225 0.03
0 0.03375 0.09125 0.0175 0.02
0 0.19125 0.26 0.0225 0.0225
0 0.4025 0.25125 0.0225 0.0225
0 0.315 0.33125 0.0225 0.02
0 0.38 0.455 0.0225 0.02
0 0.26625 0.92625 0.0175 0.0175
0 0.155 0.92625 0.015 0.015
0 0.12625 0.905 0.02 0.02
0 0.30875 0.68375 0.0225 0.0225
0 0.31622 0.75848 0.01758 0.02197
0 0.115 0.96375 0.025 0.0225
0 0.03375 0.92125 0.0175 0.0225
0 0.47625 0.56125 0.0275 0.025
0 0.46875 0.5275 0.0275 0.0275
0 0.3125 0.515 0.02 0.02
0 0.35 0.51125 0.0225 0.02
0 0.21 0.545 0.0225 0.025
0 0.33 0.695 0.02 0.02
0 0.06 0.83875 0.02 0.02
0 0.07125 0.565 0.025 0.025
