0 0.1125 0.9025 0.0175 0.0225
0 0.13375 0.90625 0.02 0.0225
0 0.14125 0.92875 0.02 0.0275
0 0.13125 0.04875 0.0275 0.0275
0 0.04 0.07 0.0225 0.025
0 0.06875 0.14375 0.0225 0.025
0 0.20125 0.2675 0.0325 0.025
0 0.08375 0.03 0.0225 0.02
0 0.1425 0.0175 0.02 0.0175
0 0.0675 0.04875 0.02 0.015
0 0.04625 0.045 0.02 0.015
0 0.03625 0.1475 0.02 0.015
0 0.275 0.235 0.0225 0.02
0 0.1375 0.36875 0.0225 0.0225
0 0.2025 0.4475 0.015 0.0175
0 0.4675 0.5075 0.02 0.0175
0 0.43875 0.4325 0.0175 0.015
0 0.1025 0.38875 0.0225 0.0225
0 0.46875 0.705 0.02 0.02
0 0.275 0.235 0.0225 0.0225
0 0.1925 0.96625 0.0175 0.0175
0 0.4725 0.67375 0.0225 0.0225
0 0.23625 0.92625 0.02 0.02
0 0.49125 0.7575 0.0175 0.02
0 0.09 0.41 0.02 0.02
0 0.225 0.90375 0.02 0.02
0 0.42 0.6725 0.02 0.0175
0 0.6375 0.66625 0.0225 0.0175
0 0.61875 0.69375 0.0225 0.0225
0 0.72 0.8025 0.0275 0.025
0 0.68 0.8075 0.0225 0.0175
0 0.53375 0.76875 0.0275 0.025
0 0.8075 0.4125 0.02 0.0225
0 0.83 0.4525 0.0175 0.02
0 0.655 0.6025 0.0175 0.0175
0 0.63125 0.6525 0.0225 0.0125
0 0.5275 0.7475 0.02 0.0175
0 0.9025 0.38625 0.0225 0.0225
0 0.77375 0.835 0.0225 0.02
