0 0.31375 0.48625 0.02 0.0175
0 0.30875 0.265 0.02 0.015
0 0.38625 0.31625 0.0175 0.0175
0 0.54 0.235 0.0225 0.0225
0 0.39375 0.03625 0.025 0.0225
0 0.2575 0.3125 0.025 0.0225
0 0.33875 0.0375 0.0225 0.0225
0 0.33 0.54625 0.025 0.0175
0 0.36375 0.6475 0.025 0.0175
0 0.785 0.79875 0.02 0.0175
0 0.67875 0.8425 0.0225 0.02
0 0.61 0.86 0.02 0.02
0 0.96625 0.93875 0.02 0.0175
0 0.62875 0.8775 0.02 0.0175
0 0.5525 0.83375 0.0225 0.0175
0 0.39 0.605 0.0225 0.0175
0 0.63375 0.66625 0.02 0.0175
0 0.73375 0.78125 0.02 0.0175
0 0.8475 0.96875 0.0225 0.02
0 0.83625 0.64875 0.0175 0.0175
0 0.88375 0.65 0.02 0.02
0 0.92125 0.67375 0.02 0.0175
0 0.8975 0.72875 0.02 0.0175
0 0.2975 0.575 0.0225 0.0175
0 0.30125 0.595 0.0175 0.015
0 0.395 0.50875 0.0175 0.015
0 0.3175 0.7525 0.0175 0.0175
0 0.72375 0.8175 0.02 0.02
0 0.60875 0.915 0.02 0.02
0 0.3575 0.835 0.025 0.0225
0 0.595 0.6075 0.0225 0.0225
0 0.69875 0.865 0.0225 0.0225
0 0.7025 0.81125 0.02 0.02
0 0.94 0.895 0.02 0.02
0 0.545 0.87375 0.02 0.02
0 0.2225 0.7975 0.02 0.02
0 0.63125 0.96 0.025 0.025
0 0.3375 0.74625 0.0225 0.02
0 0.36375 0.80625 0.0275 0.0275
0 0.95125 0.52 0.0225 0.0225
0 0.73375 0.75875 0.0225 0.0225
0 0.64375 0.74625 0.02 0.02
0 0.3825 0.73625 0.025 0.0225
0 0.715 0.5975 0.02 0.02
0 0.672 0.79875 0.02 0.02
0 0.8375 0.8225 0.0225 0.0225
0 0.88625 0.6925 0.02 0.02
0 0.6425 0.92375 0.0225 0.0225
0 0.86147 0.8599 0.01988 0.02132
0 0.88813 0.8614 0.02135 0.01982
0 0.86405 0.69805 0.02355 0.0206
0 0.82332 0.67028 0.03542 0.02283
0 0.81368 0.7088 0.02357 0.02283
0 0.81552 0.69103 0.02135 0.01837
0 0.36663 0.60475 0.02438 0.02662
0 0.97123 0.76817 0.02205 0.02127
0 0.95472 0.78513 0.0158 0.0177
0 0.64183 0.58563 0.02215 0.03118
0 0.8757 0.93377 0.02208 0.03107
