0 0.54875 0.785 0.0225 0.02
0 0.365 0.230125 0.0225 0.020274999999999998
0 0.39375 0.2175 0.025 0.0225
0 0.41875 0.11625 0.015 0.0175
0 0.52 0.355 0.02 0.02
0 0.06875 0.84125 0.02 0.02
0 0.05625 0.9725 0.0175 0.02
0 0.0711 0.978125 0.020550000000000002 0.019225000000000003
0 0.0975 0.9475 0.0225 0.02
0 0.7975 0.89875 0.02 0.015
0 0.8775 0.6775 0.02 0.015
0 0.585 0.71625 0.015 0.02
0 0.56625 0.58875 0.0225 0.02
0 0.6925 0.43625 0.0225 0.0175
0 0.325 0.96875 0.02 0.02
0 0.45 0.22625 0.0225 0.02
0 0.02375 0.31375 0.02 0.02
0 0.0375 0.86125 0.02 0.02
0 0.0625 0.74375 0.02 0.02
0 0.39 0.44375 0.0225 0.0225
0 0.9 0.37 0.02 0.02
0 0.6475 0.3575 0.02 0.02
0 0.0076 0.17885 0.015175000000000001 0.019074999999999998
0 0.10975 0.991975 0.019525 0.016075
0 0.05335 0.91025 0.019225000000000003 0.018725000000000002
0 0.088275 0.8933 0.017625 0.018725000000000002
0 0.07997499999999999 0.763925 0.018600000000000002 0.0168
0 0.1048 0.775325 0.018525 0.018525
0 0.7225 0.608475 0.0182 0.0187
0 0.744225 0.563875 0.01705 0.01885
0 0.6256 0.6654000000000001 0.01905 0.018275
0 0.9614499999999999 0.277425 0.017525 0.01915
0 0.899475 0.231 0.022174999999999997 0.017375
0 0.9168000000000001 0.19247499999999998 0.019325000000000002 0.015300000000000001
0 0.6197 0.32685000000000003 0.016175 0.016175
0 0.60345 0.30945 0.0194 0.015349999999999999
0 0.9401 0.009225 0.0177 0.016675
0 0.486 0.40807499999999997 0.0184 0.0197
0 0.491025 0.42932499999999996 0.016 0.017575
0 0.48152500000000004 0.4685 0.0202 0.01735
0 0.5104500000000001 0.51935 0.020874999999999998 0.024425
0 0.419475 0.285875 0.021099999999999997 0.0182
0 0.508825 0.79645 0.023 0.019675
0 0.217425 0.991075 0.020575 0.017849999999999998