0 0.14625 0.56 0.0225 0.0175
0 0.34375 0.59375 0.0225 0.0225
0 0.39125 0.6275 0.0225 0.0175
0 0.395 0.66125 0.0225 0.0175
0 0.3775 0.075 0.02 0.0175
0 0.3975 0.11125 0.02 0.0175
0 0.38125 0.15125 0.02 0.015
0 0.343025 0.16285 0.019625 0.01795
0 0.32484999999999997 0.185 0.018275 0.015425
0 0.813025 0.188975 0.021775000000000003 0.028775
0 0.89125 0.21 0.0275 0.025
0 0.835 0.21625 0.02 0.02
0 0.875 0.23375 0.025 0.02
0 0.23875 0.2425 0.02 0.0175
0 0.3025 0.3 0.025 0.02
0 0.343175 0.31125 0.022425 0.0175
0 0.36717500000000003 0.32785 0.02 0.02
0 0.6375 0.33625 0.0225 0.015
0 0.30107500000000004 0.34795000000000004 0.021375 0.0202
0 0.36625 0.3625 0.0175 0.0175
0 0.89875 0.39125 0.025 0.02
0 0.3325 0.45 0.02 0.02
0 0.8875 0.0075 0.025 0.015
0 0.89625 0.4475 0.02 0.0175
0 0.38354999999999995 0.21545000000000003 0.0225 0.022225
0 0.38 0.115 0.015 0.0175
0 0.2025 0.595 0.0175 0.0175
0 0.1475 0.58375 0.02 0.02
0 0.35 0.69375 0.0225 0.02
0 0.90125 0.42875 0.025 0.02
0 0.28375 0.2225 0.02 0.02
0 0.26375 0.565 0.0225 0.0225
0 0.24125 0.22125 0.02 0.02
0 0.871775 0.42137500000000006 0.02 0.022250000000000002
0 0.31 0.0625 0.02 0.0175
0 0.80875 0.04375 0.02 0.0175
0 0.30815000000000003 0.33057499999999995 0.018349999999999998 0.01795
0 0.37125 0.4375 0.0175 0.0175
0 0.2925 0.19125 0.02 0.02
0 0.83185 0.03435 0.020225 0.01525
0 0.681225 0.387025 0.019575 0.018675
0 0.34897500000000004 0.46945 0.0181 0.01645
0 0.115625 0.5932999999999999 0.01695 0.018725000000000002
0 0.32642499999999997 0.1704 0.020675 0.0158
0 0.3529 0.131875 0.0183 0.01555
0 0.3799 0.23837499999999998 0.016925 0.0196
0 0.2492 0.207425 0.01805 0.016625
0 0.36222499999999996 0.1454 0.01665 0.0176
0 0.36865000000000003 0.12532500000000002 0.01765 0.016725
0 0.394025 0.6425 0.022675 0.018925
0 0.9003 0.465125 0.018475 0.0144
0 0.87165 0.56865 0.017075 0.01885
0 0.91125 0.1222 0.017150000000000002 0.0212
0 0.891425 0.105475 0.01855 0.016325
0 0.8799750000000001 0.5897249999999999 0.01855 0.019299999999999998
0 0.2894 0.6728749999999999 0.023450000000000002 0.017150000000000002