0 0.1325 0.38375 0.025 0.0225
0 0.40125 0.54125 0.0225 0.02
0 0.14132 0.28137 0.02245 0.017
0 0.07875 0.28875 0.0175 0.0175
0 0.11 0.2725 0.0175 0.02
0 0.3175 0.13625 0.0175 0.0175
0 0.1925 0.32625 0.025 0.0175
0 0.34875 0.47125 0.015 0.0175
0 0.37375 0.20625 0.02 0.02
0 0.29125 0.6725 0.02 0.0175
0 0.28375 0.46375 0.02 0.015
0 0.31375 0.4775 0.02 0.02
0 0.4475 0.73125 0.0175 0.0175
0 0.0325 0.3675 0.02 0.02
0 0.37375 0.54625 0.02 0.02
0 0.22625 0.3925 0.0225 0.0175
0 0.3553 0.61155 0.02 0.02
0 0.2425 0.62875 0.0175 0.0175
0 0.27375 0.03 0.0225 0.0225
0 0.09375 0.39375 0.02 0.02
0 0.2225 0.34375 0.02 0.02
0 0.4525 0.34625 0.02 0.02
0 0.22625 0.41875 0.02 0.02
0 0.31875 0.11375 0.025 0.025
0 0.27927 0.10412 0.0175 0.01717
0 0.038 0.15423 0.01887 0.02453
0 0.43865 0.68635 0.01657 0.0227
0 0.3808 0.30173 0.01698 0.0195
0 0.40382 0.30795 0.01655 0.01947
0 0.43063 0.29945 0.0148 0.01857
0 0.41363 0.70287 0.01653 0.02005
0 0.9375 0.76 0.025 0.025
0 0.88915 0.86142 0.02082 0.02075
0 0.8108 0.73558 0.01827 0.01885
0 0.79875 0.60625 0.02 0.0175
0 0.7625 0.57875 0.025 0.02
0 0.7025 0.53875 0.02 0.0175
0 0.74363 0.50682 0.0183 0.01885
0 0.77337 0.35505 0.02225 0.02142
0 0.6625 0.32875 0.0225 0.0175
0 0.74655 0.35037 0.02057 0.01827
0 0.85 0.8775 0.0225 0.0175
0 0.85125 0.67875 0.02 0.0175
0 0.885 0.6375 0.02 0.0225
0 0.5925 0.25375 0.025 0.0175
0 0.5675 0.275 0.0225 0.0175
0 0.53875 0.16875 0.0175 0.0175
0 0.595 0.1475 0.0225 0.015
0 0.59555 0.21095 0.02112 0.0219
0 0.71375 0.12875 0.02 0.0225
0 0.74625 0.11625 0.0225 0.02
0 0.74672 0.27855 0.02072 0.0213
0 0.64802 0.4312 0.01827 0.01837
0 0.6575 0.4 0.0175 0.015
0 0.7225 0.3975 0.025 0.02
0 0.67652 0.46077 0.01942 0.02152
0 0.54375 0.3075 0.0175 0.0175
0 0.89345 0.766 0.02135 0.01947
0 0.92875 0.95375 0.0225 0.02
0 0.9063 0.80275 0.01862 0.01777
0 0.96375 0.75125 0.025 0.0225
0 0.86737 0.40127 0.02 0.0175
0 0.81912 0.39053 0.01717 0.0172
0 0.81402 0.4101 0.01857 0.01795
0 0.8475 0.4975 0.0225 0.015
0 0.91625 0.83125 0.02 0.0175
0 0.94 0.605 0.0225 0.0175
0 0.87542 0.66323 0.01915 0.01857
0 0.93625 0.86625 0.02 0.0225
0 0.6 0.29125 0.0175 0.015
0 0.62 0.2975 0.02 0.015
0 0.94667 0.5442 0.02335 0.02163
0 0.9693 0.6493 0.0175 0.02
0 0.9078 0.67735 0.02225 0.01887
0 0.56692 0.049 0.01885 0.0195
0 0.5125 0.925 0.02 0.0225
0 0.89 0.55875 0.0175 0.0175
0 0.7117 0.24887 0.0209 0.01978
0 0.77375 0.31375 0.025 0.0225
0 0.79407 0.43 0.0225 0.0225
0 0.6025 0.07 0.02 0.02
0 0.53625 0.39125 0.0225 0.0225
0 0.56125 0.8725 0.02 0.02
0 0.79618 0.76948 0.01752 0.02
0 0.57625 0.165 0.02 0.02
0 0.9675 0.16625 0.025 0.025
0 0.59125 0.31375 0.02 0.02
0 0.565 0.255 0.02 0.02
0 0.5275 0.79375 0.0225 0.0225
0 0.94855 0.1034 0.01798 0.0193
0 0.51535 0.26543 0.01643 0.01835
0 0.50847 0.22515 0.01698 0.02353
0 0.85608 0.6524 0.02107 0.02445
0 0.66403 0.91552 0.0209 0.0239
0 0.9628 0.85022 0.01488 0.0165
0 0.96445 0.82153 0.0164 0.01808
0 0.5496 0.69373 0.01707 0.01603
0 0.56425 0.68475 0.01438 0.0177
0 0.57515 0.66895 0.01638 0.02003
0 0.56515 0.7522 0.01957 0.02223
0 0.61707 0.35345 0.02342 0.02118
0 0.9031 0.84972 0.01702 0.0209
0 0.92592 0.71725 0.01792 0.01843
0 0.7673 0.6894 0.01675 0.01808
0 0.76788 0.76243 0.01968 0.01767
0 0.78602 0.7867 0.01488 0.01947
0 0.7658 0.94993 0.0209 0.02485
0 0.90475 0.75015 0.02022 0.01815
0 0.97443 0.59935 0.0203 0.02193
0 0.78347 0.5802 0.01878 0.02172
0 0.90732 0.52608 0.01823 0.01643
0 0.93002 0.531 0.01675 0.01738
0 0.8058 0.49127 0.02232 0.02183
0 0.84002 0.40618 0.02353 0.0159
0 0.86712 0.4227 0.0193 0.01707
0 0.8589 0.34547 0.01957 0.02308
0 0.60065 0.32422 0.01833 0.01762
0 0.69442 0.1032 0.0174 0.0171
0 0.62903 0.23115 0.02235 0.02123
0 0.54665 0.1542 0.01833 0.01735
0 0.7762 0.5201 0.01667 0.0188
0 0.66505 0.42752 0.01632 0.01457
0 0.74185 0.39532 0.01762 0.021
0 0.75642 0.4024 0.01752 0.02197
0 0.67927 0.07573 0.02105 0.01928
0 0.92138 0.93058 0.01775 0.0165
0 0.73648 0.20575 0.0194 0.01862
