0 0.3725 0.05125 0.0225 0.0225
0 0.375 0.19875 0.0225 0.0175
0 0.29875 0.03625 0.02 0.0175
0 0.25915 0.059475 0.026475 0.024975
0 0.2925 0.06625 0.02 0.0175
0 0.47875 0.125 0.02 0.0175
0 0.67 0.335 0.015 0.015
0 0.65375 0.24625 0.02 0.015
0 0.3 0.1275 0.0225 0.0175
0 0.11 0.5925 0.02 0.02
0 0.4225 0.0775 0.0225 0.02
0 0.3225 0.115 0.015 0.015
0 0.4425 0.17 0.0225 0.0175
0 0.485 0.18375 0.02 0.015
0 0.45875 0.18875 0.0175 0.0125
0 0.45875 0.10625 0.02 0.015
0 0.48125 0.07625 0.02 0.015
0 0.26125 0.11875 0.02 0.0175
0 0.455 0.14875 0.02 0.0175
0 0.4225 0.105 0.0175 0.0175
0 0.64875 0.22625 0.02 0.0225
0 0.66375 0.36625 0.02 0.0175
0 0.79845 0.897775 0.02395 0.019475
0 0.985 0.355 0.0275 0.0275
0 0.32625 0.255 0.02 0.015
0 0.37375 0.01125 0.02 0.0225
0 0.45625 0.20375 0.02 0.02
0 0.3025 0.1604 0.0225 0.02
0 0.35375 0.195 0.0225 0.0225
0 0.295 0.1925 0.02 0.02
0 0.31355 0.058925 0.017325 0.021124999999999998
0 0.6275 0.31625 0.02 0.02
0 0.68625 0.71 0.025 0.025
0 0.405675 0.008475 0.02205 0.016975
0 0.42625 0.01115 0.015375000000000002 0.022324999999999998
0 0.43270000000000003 0.130775 0.0154 0.020499999999999997
0 0.4456 0.12455 0.017725 0.01875
0 0.420875 0.048025000000000005 0.01855 0.022850000000000002