0 0.25875 0.09875 0.02 0.02
0 0.3028 0.05312 0.02 0.0225
0 0.25625 0.05125 0.02 0.0175
0 0.165 0.12 0.0175 0.0175
0 0.04125 0.0875 0.0175 0.0175
0 0.09 0.0575 0.0225 0.02
0 0.24408 0.0386 0.02315 0.01777
0 0.0225 0.4725 0.02 0.02
0 0.30105 0.02165 0.01792 0.01582
0 0.04 0.16375 0.02 0.02
0 0.195 0.06375 0.02 0.02
0 0.0848 0.12083 0.0214 0.02022
0 0.19035 0.03107 0.0182 0.0175
0 0.44995 0.0694 0.01825 0.01923
0 0.27797 0.07293 0.02022 0.01727
0 0.1466 0.14392 0.0164 0.01818
0 0.0365 0.14497 0.01273 0.01673
0 0.1962 0.14828 0.01565 0.01795
0 0.22225 0.09185 0.01947 0.01762
0 0.08972 0.39655 0.01695 0.02165
0 0.13733 0.42705 0.01752 0.02018
0 0.1627 0.42667 0.01823 0.0194
0 0.14048 0.45385 0.01907 0.0191
0 0.9425 0.5575 0.02 0.0175
0 0.535 0.12375 0.0275 0.025
0 0.73875 0.54375 0.02 0.02
0 0.8425 0.32875 0.02 0.02
0 0.75048 0.29595 0.0188 0.01868
0 0.78187 0.2924 0.02087 0.01875
0 0.7315 0.43145 0.02013 0.01825
0 0.74918 0.56232 0.01415 0.01643
0 0.77315 0.33065 0.01593 0.01843
0 0.87648 0.3121 0.01725 0.01707
