0 0.61125 0.85125 0.025 0.025
0 0.63375 0.8275 0.0225 0.02
0 0.85 0.9175 0.0225 0.0225
0 0.77875 0.77 0.0225 0.02
0 0.81625 0.21625 0.025 0.0225
0 0.415 0.87875 0.025 0.025
0 0.1175 0.53125 0.025 0.025
0 0.68125 0.95125 0.0225 0.025
0 0.39375 0.85875 0.02 0.0225
0 0.30125 0.6325 0.025 0.0225
0 0.31125 0.58625 0.025 0.025
0 0.80875 0.9575 0.0225 0.02
0 0.18375 0.57 0.025 0.025
0 0.03625 0.05875 0.025 0.025
0 0.28125 0.09 0.0225 0.02
0 0.395 0.22 0.0225 0.0225
0 0.64375 0.7375 0.0225 0.0225
0 0.8125 0.855 0.0225 0.0225
0 0.7425 0.63 0.025 0.0225
0 0.8125 0.96125 0.02 0.02
0 0.2175 0.7825 0.02 0.02
0 0.785 0.615 0.0225 0.02
0 0.77375 0.775 0.0225 0.0225
0 0.84375 0.98625 0.0225 0.02
0 0.45 0.4025 0.025 0.0225
0 0.29125 0.13125 0.02 0.0225
0 0.33375 0.74 0.0225 0.0225
0 0.2475 0.16 0.0225 0.0225
0 0.78125 0.62 0.0225 0.02
0 0.28375 0.73375 0.0225 0.0225
0 0.4225 0.21625 0.02 0.0175
0 0.195 0.025 0.025 0.0225
0 0.13625 0.73625 0.025 0.0275
0 0.8275 0.91125 0.02 0.0225
0 0.85125 0.88 0.0175 0.0175
0 0.73125 0.9225 0.0175 0.0175
0 0.75125 0.9325 0.02 0.0225
0 0.8475 0.8425 0.02 0.0175
0 0.98375 0.26625 0.02 0.02
0 0.075 0.0125 0.0175 0.0225
0 0.35375 0.165 0.0225 0.0225
0 0.36625 0.19875 0.025 0.0225
0 0.21875 0.11125 0.025 0.025
0 0.1775 0.495 0.025 0.025
0 0.76625 0.58875 0.0225 0.0225
0 0.1325 0.23625 0.025 0.025
0 0.1875 0.2425 0.0225 0.0225
0 0.83875 0.95875 0.02 0.02
0 0.09375 0.1225 0.0225 0.02
0 0.11625 0.13375 0.0225 0.0225
0 0.06625 0.1275 0.02 0.02
0 0.12625 0.3625 0.02 0.02
0 0.33125 0.655 0.0225 0.0225
0 0.93125 0.29375 0.02 0.02
0 0.6425 0.7 0.02 0.02
0 0.16625 0.13125 0.02 0.02
0 0.8125 0.7725 0.02 0.02
0 0.29375 0.46375 0.02 0.0175
0 0.3125 0.45125 0.02 0.02
0 0.09 0.3425 0.0225 0.0225
0 0.735 0.68875 0.0225 0.0225
0 0.7175 0.57875 0.02 0.02
0 0.9025 0.97875 0.025 0.025
0 0.78375 0.80125 0.025 0.0225
0 0.5975 0.80875 0.025 0.025
0 0.34375 0.2525 0.0225 0.025
0 0.265 0.12875 0.0225 0.02
0 0.48125 0.46875 0.0225 0.02
0 0.2575 0.71875 0.02 0.0175
0 0.71625 0.75875 0.0225 0.0225
0 0.36875 0.62715 0.02 0.02
0 0.20125 0.34625 0.03 0.03
0 0.025 0.10625 0.0225 0.0225
0 0.495 0.635 0.02 0.0175
0 0.05625 0.3525 0.025 0.025
0 0.60625 0.7725 0.02 0.02
0 0.62875 0.79125 0.02 0.02
0 0.27 0.435 0.0225 0.0225
0 0.78625 0.87 0.0225 0.0225
0 0.78625 0.9575 0.02 0.02
0 0.08625 0.56 0.0225 0.0225
0 0.20375 0.46715 0.0225 0.02
0 0.305 0.2575 0.02 0.02
0 0.28625 0.28875 0.02 0.02
0 0.36625 0.875 0.025 0.025
0 0.41 0.23625 0.02 0.02
0 0.34125 0.3225 0.0225 0.0225