0 0.29875 0.04625 0.0225 0.02
0 0.4575 0.09625 0.02 0.0275
0 0.60125 0.0525 0.02 0.0275
0 0.74875 0.02875 0.0275 0.025
0 0.865 0.07875 0.0275 0.0225
0 0.8625 0.16125 0.025 0.0225
0 0.8675 0.17875 0.0275 0.0225
0 0.7025 0.075 0.0275 0.0225
0 0.90625 0.21375 0.025 0.025
0 0.925 0.17375 0.025 0.0225
0 0.9225 0.14875 0.0225 0.02
0 0.93 0.055 0.025 0.02
0 0.98375 0.22 0.025 0.02
0 0.9475 0.255 0.0175 0.0225
0 0.9525 0.28625 0.0225 0.0225
0 0.97125 0.29625 0.025 0.02
0 0.7125 0.48875 0.02 0.025
0 0.62 0.3825 0.025 0.02
0 0.79875 0.33125 0.02 0.02
0 0.71125 0.585 0.0275 0.025
0 0.68375 0.5725 0.02 0.02
0 0.645 0.47625 0.02 0.015
0 0.67375 0.46625 0.02 0.02
0 0.76 0.5775 0.0225 0.015
0 0.79375 0.57875 0.0175 0.0175
0 0.87625 0.47875 0.0225 0.02
0 0.75 0.31375 0.0175 0.0225
0 0.02 0.86 0.0225 0.0225
0 0.1875 0.73 0.0175 0.0225
0 0.18625 0.77875 0.02 0.0225
0 0.25375 0.88875 0.0175 0.025
0 0.255 0.67 0.02 0.0275
0 0.21 0.7725 0.02 0.0175
0 0.67375 0.46625 0.02 0.02