0 0.10625 0.3575 0.02 0.025
0 0.065 0.37875 0.0275 0.0275
0 0.09125 0.44625 0.025 0.0225
0 0.09875 0.48875 0.0225 0.0225
0 0.9125 0.38625 0.0225 0.02
0 0.78125 0.1575 0.02 0.0275
0 0.7175 0.12125 0.015 0.0125
0 0.8975 0.4075 0.0175 0.0175
0 0.67375 0.11625 0.015 0.02
0 0.91375 0.35375 0.025 0.0225
0 0.1425 0.7125 0.0175 0.02
0 0.25625 0.77625 0.0275 0.025
0 0.185 0.73375 0.02 0.0225
0 0.27875 0.555 0.025 0.0225
0 0.40625 0.62125 0.0275 0.0275
0 0.21125 0.94 0.0225 0.0225
0 0.0925 0.5125 0.0225 0.0225
0 0.54375 0.825 0.0275 0.025
0 0.785 0.73 0.0225 0.0275
0 0.94 0.55625 0.0175 0.0175
0 0.96875 0.50875 0.0175 0.0175
0 0.91615 0.5175 0.025 0.0225
