0 0.4925 0.10625 0.02 0.02
0 0.68875 0.11625 0.0225 0.0225
0 0.36375 0.22375 0.025 0.025
0 0.1591 0.2001 0.02142 0.02232
0 0.1342 0.2375 0.02232 0.02393
0 0.11 0.10875 0.02 0.0225
0 0.58535 0.22635 0.02142 0.02303
0 0.7475 0.03625 0.0275 0.025
0 0.52125 0.0575 0.0225 0.0225
0 0.29 0.22375 0.02 0.02
0 0.7825 0.07125 0.0225 0.0225
0 0.235 0.11125 0.025 0.025
0 0.24625 0.2475 0.02 0.0225
0 0.66875 0.47875 0.025 0.0225
0 0.02813 0.09865 0.02053 0.01698
0 0.32678 0.07947 0.02322 0.02142
0 0.42947 0.03573 0.01785 0.02142
0 0.74018 0.1683 0.01607 0.02053
0 0.38625 0.67625 0.0225 0.0225
0 0.7025 0.54625 0.02 0.02
