0 0.47875 0.295 0.0275 0.0275
0 0.32752 0.03857 0.0225 0.0225
0 0.435 0.09027 0.025 0.025
0 0.4653 0.08057 0.01988 0.0201
0 0.47432 0.19358 0.02005 0.02107
0 0.48427 0.22305 0.02035 0.02465
0 0.48475 0.11803 0.01593 0.0146
0 0.48685 0.13065 0.01655 0.0137
0 0.4723 0.31872 0.02317 0.01613
0 0.4339 0.30302 0.0196 0.01855
0 0.45565 0.18368 0.01845 0.01912
0 0.30785 0.01808 0.02103 0.01742
0 0.0968 0.17407 0.0204 0.0196
0 0.73875 0.50125 0.0225 0.025
0 0.6075 0.5175 0.0225 0.0225
0 0.7075 0.51875 0.0225 0.02
0 0.6775 0.5275 0.0175 0.02
0 0.5375 0.54625 0.0175 0.025
0 0.6475 0.5526 0.015 0.0202
0 0.6727 0.56305 0.0198 0.02553
0 0.73375 0.5825 0.0175 0.015
0 0.81 0.5925 0.025 0.0275
0 0.69 0.5975 0.02 0.02
0 0.96125 0.60125 0.02 0.02
0 0.94875 0.63125 0.02 0.02
0 0.82395 0.6513 0.02175 0.02395
0 0.81625 0.7475 0.025 0.0275
0 0.74875 0.0775 0.02 0.0225
0 0.6954 0.117 0.02538 0.024
0 0.73375 0.1575 0.0175 0.02
0 0.5875 0.49 0.02 0.025
0 0.94898 0.63125 0.02 0.02
0 0.78528 0.22 0.0225 0.0225
0 0.5325 0.75125 0.025 0.025
0 0.67 0.4375 0.0225 0.02
0 0.65698 0.05713 0.01855 0.01925
0 0.52875 0.1725 0.02 0.02
0 0.54888 0.82415 0.01965 0.02092
0 0.9775 0.51375 0.0175 0.0175
0 0.84125 0.29 0.02 0.02
0 0.54625 0.23 0.0225 0.0225
0 0.7321 0.08595 0.0203 0.01925
0 0.705 0.73375 0.025 0.025
0 0.77 0.11375 0.0225 0.0225
0 0.62125 0.3425 0.0225 0.0225
0 0.96125 0.3025 0.02 0.02
0 0.73625 0.24375 0.0225 0.0225
0 0.5149 0.7596 0.01798 0.01928
0 0.50847 0.2038 0.01698 0.0174
0 0.69378 0.4443 0.02675 0.02567
0 0.55847 0.84043 0.017 0.01912
0 0.51723 0.1921 0.01912 0.01582
0 0.5067 0.1777 0.0134 0.0143
0 0.5081 0.30533 0.01413 0.02013
0 0.55235 0.2046 0.01723 0.0217
0 0.76817 0.07353 0.02257 0.0226
0 0.69348 0.15258 0.02087 0.02123
0 0.66975 0.08352 0.01627 0.01347
0 0.68663 0.08825 0.01425 0.0176
0 0.7655 0.16175 0.01673 0.01632
0 0.75738 0.24885 0.02095 0.01837
0 0.75273 0.25753 0.01777 0.01173
0 0.806 0.2996 0.02092 0.01883
0 0.8488 0.30705 0.02205 0.01625
0 0.71605 0.08965 0.0196 0.01677
0 0.75167 0.15395 0.01627 0.01505
0 0.68723 0.54653 0.02555 0.0248
0 0.76358 0.49275 0.01928 0.01808
0 0.97815 0.6575 0.01702 0.01677
0 0.58295 0.98305 0.01767 0.01968
0 0.80113 0.55862 0.02545 0.02263
