0 0.03625 0.76375 0.0225 0.0225
0 0.0975 0.76875 0.0225 0.02
0 0.02787 0.79698 0.02027 0.01935
0 0.02975 0.70525 0.0225 0.0225
0 0.13102 0.80603 0.0228 0.02095
0 0.62765 0.42597 0.02027 0.02057
0 0.66375 0.38875 0.02 0.0225
0 0.88875 0.8175 0.025 0.02
0 0.8575 0.845 0.0225 0.0325
0 0.84875 0.62055 0.0238 0.02055
0 0.95778 0.45197 0.02527 0.02423
0 0.74625 0.44625 0.025 0.025
0 0.70832 0.371 0.02533 0.02587
0 0.82625 0.6975 0.02 0.0225
0 0.91292 0.61108 0.02335 0.02287
0 0.9154 0.55 0.02372 0.0225
0 0.965 0.35375 0.0275 0.025
0 0.93068 0.3638 0.02502 0.02227
0 0.88 0.43375 0.025 0.0225
0 0.72 0.5125 0.025 0.02
0 0.8275 0.58 0.025 0.02
0 0.94625 0.7975 0.02 0.0225
0 0.76125 0.46625 0.025 0.025
0 0.545 0.855 0.02 0.02
0 0.7 0.40625 0.0225 0.02
