0 0.2025 0.04625 0.02 0.0225
0 0.33875 0.3675 0.0225 0.025
0 0.02 0.465 0.02 0.02
0 0.03375 0.50625 0.0175 0.0175
0 0.02125 0.77875 0.0225 0.0225
0 0.55125 0.52375 0.0225 0.02
0 0.29375 0.50875 0.02 0.0225
0 0.29 0.5475 0.0225 0.0225
0 0.2275 0.82125 0.0225 0.0225
0 0.18375 0.72 0.0225 0.025
0 0.1675 0.8325 0.0275 0.0275
0 0.55 0.6325 0.0225 0.0275
0 0.4125 0.57125 0.0175 0.0175
0 0.61625 0.74375 0.0225 0.0275
0 0.68625 0.8775 0.02 0.0225
0 0.74375 0.80125 0.0175 0.02
0 0.82125 0.73625 0.015 0.0175
0 0.58375 0.69875 0.0275 0.0275
0 0.555 0.59875 0.0175 0.0275
0 0.48 0.845 0.0225 0.0225
0 0.52625 0.705 0.02 0.02
0 0.4325 0.5675 0.02 0.025
0 0.07125 0.76625 0.0175 0.0175
0 0.21 0.6725 0.0225 0.025
0 0.625 0.78125 0.025 0.0225
0 0.57125 0.86125 0.025 0.025
0 0.2275 0.82125 0.0225 0.0225
0 0.5575 0.735 0.02 0.02
0 0.5425 0.7725 0.0225 0.0225
0 0.715 0.74875 0.02 0.02
0 0.25875 0.61 0.0225 0.02
0 0.0375 0.71 0.0225 0.0225
0 0.47875 0.3125 0.0225 0.0225
0 0.42 0.62625 0.02 0.02
0 0.73375 0.6175 0.02 0.02
0 0.96625 0.8025 0.025 0.025
0 0.41125 0.5375 0.02 0.02
0 0.12875 0.17 0.025 0.0225
0 0.695 0.68625 0.0225 0.0225
0 0.47125 0.275 0.0225 0.0225
0 0.76875 0.96125 0.0225 0.0225
0 0.765 0.73375 0.0225 0.02
0 0.73 0.7725 0.02 0.02
0 0.76625 0.8775 0.0225 0.0225
0 0.30375 0.35125 0.02 0.02
0 0.02625 0.2275 0.02 0.02
0 0.2725 0.37625 0.0225 0.02
0 0.60625 0.7025 0.02 0.02
0 0.63875 0.65625 0.025 0.025
0 0.04375 0.85 0.0225 0.0225
0 0.50625 0.32 0.0225 0.0225
0 0.085 0.29125 0.0225 0.0225
0 0.705525 0.841975 0.024725 0.03305
0 0.6664249999999999 0.60365 0.03105 0.029249999999999998
0 0.4693 0.2446 0.025550000000000003 0.022425
0 0.5118 0.25555 0.025550000000000003 0.028025
0 0.9336 0.9451999999999999 0.02165 0.02235
0 0.6133500000000001 0.8539749999999999 0.01865 0.022375
0 0.39332500000000004 0.6371 0.019875 0.021175000000000003
0 0.08525 0.6893 0.027475 0.023025000000000004
0 0.651425 0.69585 0.0248 0.026150000000000003
0 0.2318 0.603025 0.01805 0.025525000000000003
0 0.394575 0.663025 0.023624999999999997 0.024249999999999997
0 0.18515 0.6624 0.028224999999999997 0.019725
0 0.196175 0.537675 0.0179 0.026475
0 0.391275 0.5614750000000001 0.015149999999999999 0.025575
0 0.1474 0.6123 0.017475 0.020175000000000002
0 0.9618000000000001 0.9447249999999999 0.01965 0.020575
0 0.982925 0.8356999999999999 0.017825 0.020125
0 0.6456999999999999 0.15895 0.023675 0.0297
0 0.9311499999999999 0.97185 0.017675 0.0203
0 0.87155 0.8366500000000001 0.020325000000000003 0.027174999999999998
0 0.033525 0.659375 0.012075 0.02255
0 0.09285 0.814125 0.0144 0.01745
0 0.6722499999999999 0.6917749999999999 0.0171 0.02335
0 0.5122249999999999 0.58855 0.0163 0.023775
0 0.5670499999999999 0.5665 0.014325000000000001 0.021025000000000002
0 0.388525 0.7102249999999999 0.01685 0.0216
0 0.372575 0.5668 0.01565 0.0225
0 0.286125 0.699875 0.019925 0.0195
0 0.7669 0.7619750000000001 0.025924999999999997 0.021225
0 0.6103999999999999 0.8711249999999999 0.022675 0.0208
0 0.7511249999999999 0.8293 0.02375 0.029625
0 0.8606 0.88455 0.0171 0.021150000000000002
0 0.39205 0.514725 0.016125 0.01915
0 0.346325 0.6647750000000001 0.016399999999999998 0.020475
0 0.364625 0.698875 0.013474999999999999 0.015300000000000001
0 0.485675 0.81785 0.022574999999999998 0.019450000000000002
0 0.34575 0.3126 0.017725 0.019925