0 0.19 0.39375 0.0275 0.025
0 0.07375 0.35875 0.02 0.025
0 0.71875 0.74 0.0175 0.0275
0 0.75125 0.74 0.02 0.0225
0 0.78 0.81625 0.025 0.025
0 0.8525 0.8125 0.0225 0.0225
0 0.74125 0.90125 0.0225 0.0175
0 0.69625 0.87375 0.0225 0.02
0 0.7325 0.875 0.0175 0.02
0 0.75955 0.8725 0.02 0.02
0 0.77 0.90625 0.02 0.0225
0 0.73 0.8425 0.02 0.02
0 0.22875 0.37 0.0225 0.0225
0 0.59 0.16625 0.025 0.02
0 0.6725 0.54625 0.0225 0.0225
0 0.78875 0.6575 0.0225 0.0275
0 0.0525 0.51875 0.025 0.0275
0 0.4975 0.08 0.03 0.025
0 0.53125 0.20375 0.025 0.025
0 0.5175 0.2975 0.0225 0.02
0 0.7225 0.50375 0.0275 0.0275
0 0.58125 0.09375 0.015 0.02
0 0.56125 0.08375 0.0225 0.025
0 0.04625 0.34 0.02 0.02
0 0.04875 0.3175 0.025 0.0175
0 0.4775 0.14125 0.0225 0.0225
0 0.50375 0.14875 0.025 0.02
0 0.585 0.21625 0.0175 0.0175
0 0.56375 0.235 0.02 0.02
0 0.455 0.08375 0.02 0.02
0 0.74375 0.6875 0.0175 0.02
0 0.72125 0.695 0.025 0.025
0 0.56375 0.3275 0.02 0.0225
0 0.86 0.88625 0.0175 0.0175
0 0.08375 0.62 0.0225 0.025
0 0.7025 0.7875 0.0225 0.0225
0 0.74 0.78625 0.0225 0.0225
0 0.80125 0.8975 0.025 0.025
0 0.53375 0.31625 0.025 0.025
0 0.59375 0.24 0.02 0.02
0 0.69875 0.915 0.02 0.02
0 0.11805 0.3725 0.0225 0.0225
0 0.50875 0.2025 0.025 0.025
0 0.76 0.9244499999999999 0.02 0.02
0 0.47125 0.185 0.0225 0.0225
0 0.4975 0.2425 0.0225 0.0225
0 0.5 0.0425 0.0225 0.0225
0 0.77375 0.84625 0.02 0.02
0 0.79625 0.6905500000000001 0.0225 0.0225
0 0.59465 0.3181 0.0199 0.022949999999999998
0 0.593625 0.33417499999999994 0.028050000000000002 0.0194
0 0.7778 0.7237250000000001 0.025 0.020925
0 0.816825 0.7540749999999999 0.031625 0.0245
0 0.8285750000000001 0.796675 0.023475000000000003 0.017849999999999998
0 0.8385250000000001 0.831125 0.022949999999999998 0.0194
0 0.055099999999999996 0.765825 0.016325 0.0194
0 0.0898 0.15535 0.023475000000000003 0.0199