0 0.5825 0.375 0.025 0.025
0 0.69 0.39 0.0225 0.025
0 0.65875 0.28625 0.02 0.0225
0 0.23375 0.1175 0.0325 0.02
0 0.705 0.255 0.0175 0.025
0 0.925 0.2775 0.025 0.025
0 0.7075 0.45875 0.0175 0.02
0 0.7625 0.34125 0.03 0.02
0 0.15375 0.06875 0.03 0.025
0 0.4825 0.11375 0.0225 0.0275
0 0.96375 0.13375 0.0175 0.02
0 0.65875 0.06625 0.02 0.02
0 0.6675 0.0825 0.025 0.0225
0 0.8125 0.34375 0.0175 0.0225
0 0.79375 0.35125 0.02 0.0225
0 0.6975 0.07125 0.0175 0.0225
0 0.55125 0.03625 0.0175 0.02
0 0.94375 0.44125 0.0225 0.0225
0 0.06463 0.26412 0.0225 0.0225
0 0.95647 0.105 0.0225 0.02
0 0.6575 0.43625 0.02 0.02
0 0.08453 0.345 0.0225 0.02
0 0.54375 0.32625 0.02 0.02
0 0.12588 0.40912 0.0225 0.0225
0 0.205 0.4475 0.0225 0.02
0 0.3425 0.23463 0.025 0.0225
0 0.9375 0.09 0.02 0.02
0 0.54125 0.29 0.0175 0.0175
0 0.70375 0.63125 0.0275 0.02
0 0.51875 0.95375 0.0225 0.0225
0 0.6725 0.54 0.0225 0.0225
0 0.7775 0.5675 0.0175 0.02
0 0.72375 0.685 0.0275 0.02
0 0.03442 0.96703 0.03083 0.03255
0 0.6625 0.66375 0.025 0.0225
0 0.56537 0.77618 0.02308 0.02832
0 0.71125 0.5825 0.02 0.0175
0 0.72675 0.58315 0.0186 0.0186
0 0.6843 0.86977 0.02092 0.02908
