0 0.49875 0.02625 0.025 0.0225
0 0.0785 0.03648 0.02175 0.02372
0 0.21875 0.0675 0.02 0.025
0 0.1575 0.105 0.0175 0.0175
0 0.58625 0.20875 0.0225 0.0175
0 0.21 0.29375 0.0225 0.0225
0 0.245 0.31625 0.02 0.0175
0 0.20625 0.10625 0.0175 0.015
0 0.24875 0.25875 0.02 0.02
0 0.20125 0.09125 0.02 0.0175
0 0.0375 0.03625 0.0225 0.02
0 0.855 0.47375 0.0225 0.0225
0 0.92627 0.49285 0.01325 0.01427
0 0.9528 0.46115 0.01632 0.01698
0 0.9621 0.44035 0.0224 0.0218
0 0.99062 0.35923 0.01875 0.01665
0 0.98247 0.32525 0.02007 0.01857
0 0.97908 0.42412 0.01887 0.0197
0 0.35597 0.11772 0.02087 0.02115
0 0.24625 0.07773 0.01572 0.01795
0 0.81875 0.645 0.02 0.0225
0 0.46 0.6475 0.02 0.02
0 0.635 0.675 0.0175 0.0175
0 0.43875 0.685 0.0225 0.0175
0 0.66375 0.75625 0.0225 0.0175
0 0.735 0.8725 0.025 0.02
0 0.775 0.9225 0.0275 0.0225
0 0.90625 0.705 0.0225 0.025
0 0.9475 0.54125 0.015 0.015
0 0.45625 0.56 0.02 0.0175
0 0.1586 0.81485 0.02278 0.0197
0 0.7875 0.96375 0.0225 0.0225
0 0.8875 0.82375 0.02 0.02
0 0.64675 0.62875 0.0225 0.0225
0 0.89875 0.68625 0.02 0.02
0 0.1725 0.89 0.02 0.02
0 0.835 0.67625 0.0225 0.0225
0 0.55102 0.6818 0.01635 0.01893
0 0.644 0.58783 0.0151 0.01852
0 0.21657 0.61588 0.01707 0.0157
0 0.20835 0.64275 0.01847 0.01585
0 0.32178 0.84085 0.01852 0.0192
