0 0.9 0.19125 0.02 0.0175
0 0.09125 0.2325 0.025 0.025
0 0.9025 0.2375 0.0225 0.0275
0 0.12125 0.24875 0.02 0.02
0 0.14375 0.2575 0.0175 0.0275
0 0.91625 0.28875 0.02 0.0225
0 0.13625 0.3 0.0225 0.0225
0 0.06375 0.3125 0.02 0.0175
0 0.39335000000000003 0.36417499999999997 0.024624999999999998 0.0217
0 0.0575 0.365 0.0225 0.025
0 0.191725 0.363975 0.020225 0.02835
0 0.10375 0.3725 0.0175 0.02
0 0.04375 0.42125 0.0225 0.0225
0 0.585 0.44375 0.0225 0.02
0 0.66875 0.45625 0.0225 0.025
0 0.04 0.4825 0.0225 0.0225
0 0.8094499999999999 0.325625 0.0242 0.026025
0 0.2109 0.45770000000000005 0.019775 0.02595
0 0.9813500000000001 0.5918 0.0203 0.020525
0 0.6059749999999999 0.5021 0.021400000000000002 0.02365
0 0.942025 0.32799999999999996 0.021575 0.0236
0 0.403775 0.39104999999999995 0.02375 0.025249999999999998
0 0.2525 0.3575 0.025 0.025
0 0.1425 0.415 0.02 0.02
0 0.1275 0.445 0.0225 0.0225
0 0.440525 0.18645 0.01855 0.01575
0 0.41472499999999995 0.21607500000000002 0.022324999999999998 0.019675
0 0.254125 0.19335000000000002 0.02075 0.020625
0 0.14815 0.43477499999999997 0.019775 0.019725
0 0.274175 0.349575 0.0213 0.022375
0 0.4266 0.39482500000000004 0.020025 0.0175
0 0.5642 0.33472499999999994 0.019475 0.023