0 0.43625 0.795 0.02 0.02
0 0.40625 0.7825 0.0225 0.025
0 0.33875 0.72875 0.0225 0.02
0 0.335 0.31875 0.0225 0.0225
0 0.4175 0.72375 0.0225 0.02
0 0.27 0.33125 0.025 0.0225
0 0.38 0.0525 0.025 0.025
0 0.35375 0.78875 0.02 0.02
0 0.3225 0.7625 0.0175 0.02
0 0.21375 0.055 0.025 0.025
0 0.37 0.7175 0.0225 0.0225
0 0.1825 0.035 0.0225 0.0225
0 0.38875 0.0925 0.0275 0.0275
0 0.31 0.06375 0.0225 0.0225
0 0.43375 0.9225 0.0225 0.02
0 0.30375 0.83222 0.025 0.025
0 0.42625 0.95625 0.025 0.025
0 0.32875 0.66375 0.025 0.025
0 0.2775 0.1 0.0225 0.02
0 0.27875 0.63875 0.0225 0.0225
0 0.4475 0.77375 0.0225 0.0225
0 0.475 0.75875 0.0225 0.0225
0 0.4175 0.35 0.0225 0.0225
0 0.395 0.83875 0.02 0.0175
0 0.4675 0.73875 0.02 0.02
0 0.27468 0.67 0.025 0.025
0 0.32125 0.71 0.0225 0.0225
0 0.2725 0.68125 0.025 0.0275
0 0.41125 0.67875 0.0225 0.0225
0 0.36625 0.91125 0.025 0.025
0 0.59875 0.145 0.0275 0.0275
0 0.63625 0.0725 0.02 0.02
0 0.9125 0.59125 0.0225 0.0225
0 0.52625 0.18875 0.025 0.025
0 0.555 0.91 0.0225 0.02
0 0.52875 0.8775 0.02 0.025
0 0.82125 0.47205 0.0225 0.02
0 0.5875 0.08625 0.03 0.03
0 0.79375 0.53375 0.025 0.0225
0 0.52375 0.055 0.0275 0.0275
0 0.75625 0.8875 0.025 0.025
0 0.535 0.62125 0.025 0.025
0 0.5625 0.165 0.0225 0.0225
0 0.6775 0.66875 0.0225 0.0225
