0 0.185 0.08625 0.0225 0.015
0 0.17 0.0525 0.0175 0.0175
0 0.42625 0.375 0.02 0.02
0 0.43875 0.4575 0.0225 0.02
0 0.2 0.055 0.0225 0.0225
0 0.12375 0.11625 0.0225 0.015
0 0.19875 0.10875 0.0225 0.02
0 0.45625 0.26 0.02 0.02
0 0.48375 0.22493 0.025 0.025
0 0.45625 0.33325 0.02 0.02
0 0.47873 0.30088 0.02587 0.0228
0 0.05153 0.0954 0.0215 0.01972
0 0.80875 0.04375 0.0275 0.02
0 0.95125 0.2725 0.03 0.0225
0 0.6775 0.30875 0.025 0.02
0 0.6925 0.26875 0.02 0.0275
0 0.5725 0.195 0.0225 0.0225
0 0.65875 0.215 0.0225 0.02
0 0.7325 0.43375 0.0225 0.0175
0 0.84 0.4225 0.025 0.02
0 0.56 0.4025 0.0175 0.015
0 0.715 0.15625 0.0175 0.02
0 0.695 0.48 0.02 0.0175
0 0.7375 0.2975 0.0175 0.015
0 0.905 0.07 0.015 0.0225
0 0.76125 0.30875 0.0175 0.0175
0 0.92125 0.2175 0.02 0.02
0 0.6475 0.44875 0.0225 0.025
0 0.78375 0.21625 0.0175 0.0175
0 0.6425 0.46125 0.0225 0.0225
0 0.61375 0.47 0.025 0.025
0 0.22625 0.9575 0.0175 0.0225
0 0.205 0.95125 0.015 0.0175
0 0.17875 0.94625 0.025 0.0225
0 0.1575 0.89125 0.02 0.015
0 0.25375 0.82 0.0175 0.0225
0 0.38875 0.915 0.02 0.02
0 0.03 0.89375 0.0225 0.0225
0 0.60375 0.89125 0.03 0.0275
0 0.55875 0.69125 0.02 0.02
0 0.66625 0.79375 0.0225 0.02
0 0.64375 0.795 0.035 0.025
0 0.72875 0.85375 0.02 0.0225
0 0.69875 0.8325 0.02 0.02
0 0.5675 0.7425 0.0175 0.0175
