0 0.15 0.62875 0.02 0.025
0 0.03125 0.12875 0.0225 0.025
0 0.01 0.085 0.02 0.0225
0 0.0975 0.12375 0.0225 0.0225
0 0.07375 0.1325 0.02 0.025
0 0.14125 0.17 0.025 0.025
0 0.10375 0.66625 0.0275 0.0275
0 0.82875 0.04875 0.025 0.0275
0 0.0725 0.68625 0.025 0.03
0 0.52875 0.09 0.0325 0.0275
0 0.08875 0.0225 0.025 0.0225
0 0.165 0.91625 0.0225 0.02
0 0.17625 0.88625 0.0275 0.025
0 0.2175 0.91 0.0275 0.0275
0 0.61625 0.25375 0.025 0.025
0 0.82875 0.28375 0.0225 0.025
0 0.55625 0.00875 0.025 0.0175
0 0.11935000000000001 0.8958750000000001 0.02565 0.024874999999999998
0 0.082325 0.6148250000000001 0.020025 0.01895