0 0.15125 0.8675 0.025 0.0225
0 0.12625 0.915 0.025 0.02
0 0.185 0.84625 0.0225 0.025
0 0.10742 0.37102 0.02423 0.0232
0 0.285 0.275 0.025 0.02
0 0.1025 0.6075 0.025 0.0225
0 0.1775 0.81125 0.0225 0.02
0 0.21 0.9025 0.03 0.0275
0 0.175 0.925 0.02 0.02
0 0.39118 0.8737 0.0257 0.0199
0 0.03125 0.7525 0.0225 0.015
0 0.05 0.7575 0.02 0.02
0 0.07375 0.59875 0.0225 0.02
0 0.1575 0.64 0.025 0.0225
0 0.18875 0.65 0.0225 0.0175
0 0.25 0.94375 0.0225 0.0175
0 0.11 0.9475 0.0175 0.0175
0 0.12875 0.34 0.02 0.025
0 0.36125 0.3725 0.0225 0.0225
0 0.32875 0.795 0.0225 0.02
0 0.13125 0.99 0.025 0.02
0 0.2325 0.2425 0.02 0.0275
0 0.1675 0.90375 0.0225 0.025
0 0.1925 0.9325 0.02 0.0275
0 0.22 0.95875 0.0225 0.0175
0 0.2125 0.8825 0.0225 0.0175
0 0.21625 0.85375 0.025 0.025
0 0.11875 0.8325 0.0225 0.0225
0 0.035 0.62 0.0225 0.0225
0 0.1725 0.75375 0.0225 0.0225
0 0.36125 0.3725 0.0225 0.0225
0 0.245 0.885 0.02 0.02
0 0.4375 0.70625 0.0225 0.02
0 0.19875 0.61875 0.0175 0.0175
0 0.21625 0.9325 0.0225 0.0225
0 0.36875 0.74375 0.0225 0.0225
0 0.36052 0.8441 0.02103 0.0183
0 0.38975 0.63533 0.02235 0.0242
0 0.39847 0.67287 0.02195 0.01895
0 0.1754 0.96025 0.01862 0.0205
0 0.12735 0.6028 0.02567 0.02167
0 0.02325 0.59865 0.01792 0.02053
0 0.062 0.61457 0.01865 0.01905
0 0.09945 0.64433 0.01673 0.02078
0 0.11608 0.9298 0.01788 0.01855
0 0.20573 0.99285 0.0186 0.01427
0 0.53818 0.3197 0.0279 0.02185
