0 0.4025 0.4325 0.025 0.0225
0 0.23875 0.34875 0.02 0.02
0 0.27 0.3725 0.0225 0.0225
0 0.19375 0.4725 0.0225 0.0225
0 0.295 0.4425 0.025 0.0225
0 0.975 0.205 0.0225 0.0225
0 0.95875 0.28 0.025 0.0225
0 0.355 0.59875 0.025 0.0225
0 0.34125 0.6825 0.02 0.02
0 0.46375 0.8925 0.03 0.0275
0 0.40625 0.54125 0.0225 0.0275
0 0.38625 0.52 0.02 0.0175
0 0.365 0.51 0.02 0.0175
0 0.46875 0.61375 0.025 0.025
0 0.47375 0.665 0.0225 0.0175
0 0.2825 0.6725 0.0175 0.0175
0 0.29875 0.6725 0.02 0.015
0 0.4725 0.85 0.015 0.0175
0 0.2475 0.96625 0.025 0.0175
0 0.435 0.93625 0.0225 0.0225
0 0.3125 0.87125 0.025 0.025
0 0.2856 0.89625 0.0225 0.0225
0 0.46625 0.785 0.0225 0.0225
0 0.19875 0.96125 0.02 0.02
0 0.49 0.8675 0.02 0.02
0 0.5925 0.56375 0.025 0.02
0 0.545 0.63625 0.0275 0.025
0 0.705 0.7375 0.02 0.025
0 0.57125 0.69875 0.02 0.0275
0 0.535 0.87375 0.02 0.02
0 0.56 0.92875 0.0225 0.025
0 0.6875 0.90625 0.0175 0.0175
0 0.755 0.95722 0.02 0.0225
0 0.7375 0.87625 0.025 0.025
0 0.53875 0.8025 0.02 0.02
0 0.82125 0.93 0.025 0.025
0 0.6375 0.71375 0.0225 0.0225
0 0.5825 0.67015 0.0225 0.02
0 0.54375 0.85375 0.0225 0.02
0 0.685 0.70125 0.02 0.02
0 0.68 0.87125 0.0225 0.02
0 0.6225 0.755 0.0225 0.02
