0 0.53625 0.76375 0.0225 0.0225
0 0.42375 0.685 0.015 0.02
0 0.39 0.785 0.0225 0.0275
0 0.36 0.8375 0.0225 0.0225
0 0.520925 0.8238500000000001 0.024325 0.027174999999999998
0 0.265875 0.7096250000000001 0.021775000000000003 0.022475000000000002
0 0.275325 0.805175 0.02435 0.018425
0 0.5975 0.76875 0.0225 0.02
0 0.425 0.73375 0.0175 0.0175
0 0.302225 0.67795 0.021925 0.015925
0 0.527875 0.7969750000000001 0.020274999999999998 0.01935
0 0.4175 0.70375 0.02 0.02
0 0.52975 0.70525 0.0225 0.0225
0 0.631025 0.8060250000000001 0.022799999999999997 0.020950000000000003
0 0.410975 0.5851 0.021925 0.023775