0 0.4125 0.22 0.02 0.0225
0 0.455 0.30875 0.0225 0.02
0 0.43625 0.325 0.02 0.02
0 0.51375 0.44625 0.03 0.025
0 0.47875 0.29875 0.025 0.0225
0 0.58875 0.295 0.0225 0.0225
0 0.4 0.8625 0.025 0.0175
0 0.39 0.7975 0.025 0.0175
0 0.415 0.4525 0.0225 0.0275
0 0.565 0.78 0.0275 0.0175
0 0.57 0.72 0.025 0.02
0 0.62 0.72 0.02 0.025
0 0.9175 0.88 0.0225 0.0225
0 0.76875 0.72125 0.0275 0.0225
0 0.61375 0.83875 0.0225 0.025
0 0.69875 0.56375 0.03 0.0275
0 0.65625 0.61625 0.025 0.0225
0 0.845 0.54375 0.035 0.025
0 0.82375 0.46625 0.02 0.025
0 0.82375 0.50625 0.0275 0.02
0 0.7975 0.51375 0.0225 0.0225
0 0.75375 0.56 0.0175 0.0225
0 0.8325 0.61125 0.0225 0.025
0 0.85625 0.4975 0.03 0.0275
0 0.8475 0.4775 0.0275 0.02
0 0.84375 0.4625 0.02 0.0225
0 0.84875 0.40375 0.025 0.025
0 0.99 0.37 0.02 0.0275
0 0.91375 0.33625 0.0225 0.025
0 0.8829250000000001 0.66 0.0225 0.0225
0 0.605 0.6375 0.0225 0.0225
0 0.94875 0.4725 0.0225 0.0225
0 0.62625 0.745 0.02 0.02
0 0.745 0.605 0.0225 0.02
0 0.75625 0.9025 0.02 0.02
0 0.91625 0.49375 0.02 0.02
0 0.64125 0.7675 0.025 0.025
0 0.445825 0.865425 0.0275 0.025
0 0.86125 0.59375 0.0225 0.02
0 0.47125 0.25 0.025 0.025
0 0.35625 0.95625 0.0225 0.0225
0 0.475 0.3775 0.0225 0.0225
0 0.43375 0.945 0.02 0.02
0 0.728325 0.785 0.02 0.02
0 0.3975 0.77125 0.025 0.0225
0 0.7275 0.64375 0.0225 0.0225