0 0.08125 0.93125 0.0225 0.0175
0 0.075 0.88625 0.02 0.0225
0 0.08375 0.8075 0.0275 0.0275
0 0.0375 0.83875 0.02 0.0175
0 0.04 0.85875 0.02 0.0175
0 0.08625 0.8675 0.0275 0.015
0 0.1125 0.86 0.02 0.0175
0 0.2425 0.95875 0.025 0.0325
0 0.34375 0.875 0.0275 0.025
0 0.3 0.90625 0.03 0.02
0 0.22875 0.885 0.0225 0.015
0 0.3425 0.92625 0.0225 0.0175
0 0.35875 0.97625 0.025 0.0175
0 0.40375 0.98625 0.0225 0.0175
0 0.34375 0.74375 0.025 0.025
0 0.37 0.75625 0.0275 0.02
0 0.395 0.7375 0.025 0.02
0 0.35875 0.7075 0.02 0.0225
0 0.4125 0.6625 0.025 0.0175
0 0.2975 0.70875 0.02 0.0225
0 0.10875 0.75625 0.0225 0.0175
0 0.45875 0.62375 0.0225 0.025
0 0.4625 0.65375 0.025 0.0225
0 0.03002 0.79248 0.0225 0.0225
0 0.2525 0.8 0.0225 0.0225
0 0.05125 0.80375 0.0175 0.0175
0 0.14875 0.7975 0.02 0.02
0 0.27375 0.7875 0.0225 0.02
0 0.07125 0.91125 0.02 0.02
0 0.41625 0.5875 0.02 0.02
0 0.12693 0.84 0.02 0.02
0 0.385 0.655 0.02 0.02
0 0.16665 0.73205 0.02015 0.0267
0 0.1126 0.81927 0.02257 0.02287
0 0.12957 0.77737 0.02417 0.0187
0 0.1312 0.74275 0.01643 0.02712
0 0.9125 0.22 0.02 0.0225
0 0.955 0.30875 0.0225 0.02
0 0.93625 0.325 0.02 0.02
0 0.9 0.8625 0.025 0.0175
0 0.89 0.7975 0.025 0.0175
0 0.915 0.4525 0.0225 0.0275
0 0.94583 0.86542 0.0275 0.025
0 0.97125 0.25 0.025 0.025
0 0.85625 0.95625 0.0225 0.0225
0 0.975 0.3775 0.0225 0.0225
0 0.93375 0.945 0.02 0.02
0 0.8975 0.77125 0.025 0.0225
