0 0.56125 0.37125 0.0225 0.02
0 0.62875 0.35125 0.0225 0.0175
0 0.53875 0.265 0.0275 0.02
0 0.4725 0.1875 0.0225 0.0175
0 0.48375 0.10875 0.02 0.0175
0 0.45875 0.02375 0.0175 0.015
0 0.50375 0.0325 0.0175 0.02
0 0.6725 0.14125 0.02 0.0225
0 0.82125 0.485 0.0225 0.02
0 0.78625 0.20875 0.0225 0.0225
0 0.6075 0.30625 0.0225 0.02
0 0.6125 0.33375 0.02 0.0175
0 0.27125 0.37375 0.02 0.0175
0 0.25875 0.385 0.0175 0.015
0 0.965 0.13375 0.0225 0.0225
0 0.8375 0.42625 0.025 0.0225
0 0.795 0.4375 0.0225 0.02
0 0.2175 0.53 0.0225 0.0175
0 0.46 0.8175 0.0275 0.0225
0 0.53875 0.69 0.025 0.025
0 0.2775 0.57375 0.02 0.0175
0 0.40375 0.64125 0.02 0.02
0 0.63375 0.85625 0.02 0.0175
0 0.6675 0.805 0.0225 0.02
0 0.68 0.765 0.0175 0.0175
0 0.74875 0.68625 0.02 0.0225
0 0.9675 0.86625 0.02 0.02
0 0.8075 0.68625 0.02 0.02
0 0.4875 0.78 0.0175 0.0175
0 0.76125 0.65875 0.0225 0.0225
0 0.915 0.55875 0.0225 0.0225
0 0.21875 0.69125 0.025 0.0225
0 0.49125 0.61125 0.025 0.0225
0 0.3076 0.53013 0.02973 0.02675
0 0.40758 0.59173 0.02585 0.023
0 0.92865 0.79505 0.02378 0.0277
0 0.56557 0.65665 0.01843 0.02278
0 0.59393 0.5133 0.01843 0.0163
0 0.6201 0.58553 0.02278 0.0179
0 0.57675 0.51303 0.02115 0.02013
0 0.4282 0.62995 0.0261 0.02825
0 0.33395 0.77165 0.02378 0.02257
0 0.21087 0.77427 0.03487 0.02315
0 0.28652 0.78503 0.0232 0.01907
0 0.60747 0.53535 0.01762 0.0183
0 0.61823 0.6084 0.02015 0.02142
0 0.57443 0.67745 0.0173 0.02042
0 0.59365 0.6762 0.0154 0.02232
0 0.5298 0.73075 0.02075 0.01857
