0 0.04125 0.14375 0.0175 0.0225
0 0.09 0.09 0.02 0.0175
0 0.26375 0.08375 0.025 0.02
0 0.25875 0.27625 0.0225 0.02
0 0.21875 0.26125 0.0175 0.02
0 0.43125 0.165 0.02 0.0225
0 0.60125 0.545 0.025 0.0225
0 0.74625 0.40375 0.02 0.02
0 0.77625 0.34125 0.0225 0.02
0 0.72375 0.64625 0.0225 0.0225
0 0.785 0.69125 0.02 0.0225
0 0.87875 0.8075 0.0225 0.0225
0 0.87375 0.84875 0.0225 0.02
0 0.90875 0.8225 0.02 0.02
0 0.82125 0.81 0.0175 0.0175
0 0.865 0.675 0.0225 0.02
0 0.31125 0.2275 0.0225 0.0175
0 0.7875 0.4275 0.02 0.0175
0 0.35625 0.145 0.02 0.02
0 0.84875 0.82375 0.025 0.0175
0 0.895 0.845 0.0175 0.015
0 0.9075 0.86125 0.015 0.02
0 0.51125 0.30625 0.0225 0.0225
0 0.37625 0.0875 0.0275 0.0275
0 0.26625 0.2125 0.0225 0.0225
0 0.5125 0.51375 0.025 0.025
0 0.2825 0.3475 0.03 0.03
0 0.4175 0.14375 0.0225 0.0225
0 0.73625 0.545 0.02 0.02
0 0.6375 0.92125 0.02 0.02
0 0.5275 0.65875 0.02 0.02
0 0.16 0.47625 0.0275 0.0275
0 0.13125 0.09625 0.0225 0.02
0 0.95125 0.86625 0.02 0.02
0 0.415 0.065 0.0225 0.0225
0 0.3 0.85125 0.0225 0.0225
0 0.5375 0.54 0.0225 0.0225
0 0.05125 0.01875 0.025 0.0225
0 0.82875 0.76 0.0225 0.02
0 0.85125 0.64375 0.02 0.02
0 0.5675 0.6825 0.0225 0.0225
0 0.4425 0.4775 0.025 0.025
0 0.11125 0.21625 0.02 0.02
0 0.22125 0.22875 0.0225 0.0225
0 0.4775 0.9475 0.0225 0.0225
0 0.32625 0.0475 0.02 0.02
0 0.47875 0.30875 0.0225 0.0225
0 0.57 0.2325 0.0225 0.0225
0 0.88875 0.87875 0.02 0.02
0 0.715 0.57125 0.02 0.02
0 0.4175 0.50125 0.0225 0.02
0 0.55375 0.55875 0.0175 0.0175
0 0.4875 0.04625 0.025 0.025
0 0.31 0.09125 0.02 0.02
0 0.32875 0.11375 0.02 0.02
0 0.475 0.51 0.02 0.02
0 0.44625 0.97625 0.02 0.02
0 0.60625 0.59375 0.0225 0.0225
0 0.11875 0.01875 0.0275 0.0275
0 0.44125 0.93875 0.0225 0.0225
0 0.78875 0.6525 0.0225 0.0225
0 0.72 0.5275 0.02 0.0225
0 0.67875 0.5675 0.0225 0.0225
0 0.785 0.6225 0.02 0.02
0 0.8225 0.8575 0.02 0.0175
0 0.10125 0.5125 0.025 0.025
0 0.335 0.0725 0.0225 0.0225
0 0.6643000000000001 0.40102499999999996 0.026324999999999998 0.037325
0 0.3862 0.7869499999999999 0.0233 0.01855
0 0.37174999999999997 0.80765 0.016274999999999998 0.019325000000000002
0 0.544775 0.733875 0.020125 0.02175
0 0.6260249999999999 0.8686 0.023225 0.027149999999999997
0 0.58305 0.867825 0.01855 0.022475000000000002
0 0.599075 0.86 0.017775 0.0256
0 0.4483 0.7733249999999999 0.02405 0.019375
0 0.54165 0.61865 0.018574999999999998 0.02415
0 0.6510250000000001 0.51515 0.017025 0.0218
0 0.6651 0.5007 0.018574999999999998 0.028825
0 0.7432 0.666275 0.01855 0.025625
0 0.874825 0.763525 0.028650000000000002 0.0248
0 0.572925 0.51945 0.02955 0.024125
0 0.5108250000000001 0.8604 0.028775 0.023250000000000003
0 0.49325 0.89595 0.018625 0.017775
0 0.880675 0.65805 0.027875 0.01855
0 0.452225 0.44872500000000004 0.025675 0.0202
0 0.0745 0.04372499999999999 0.020825 0.021875
0 0.24715 0.24557500000000002 0.019725 0.022825
0 0.7343000000000001 0.71135 0.019575 0.025875
0 0.679525 0.48192500000000005 0.02445 0.022799999999999997
0 0.7656000000000001 0.44880000000000003 0.0209 0.023325
0 0.211625 0.071 0.0223 0.02335
0 0.099275 0.116075 0.019799999999999998 0.017725
0 0.312475 0.05955 0.0182 0.022850000000000002
0 0.78405 0.55625 0.019825 0.0226
0 0.756425 0.529875 0.02595 0.0182
0 0.7442 0.44255 0.02595 0.023399999999999997
0 0.63025 0.54425 0.02685 0.029474999999999998
0 0.4843 0.2164 0.019225000000000003 0.01865
0 0.4664 0.235425 0.016399999999999998 0.019225000000000003
0 0.8679250000000001 0.702325 0.032925 0.02045
0 0.8573000000000001 0.72015 0.022949999999999998 0.01985
0 0.8510500000000001 0.735775 0.0242 0.01735