0 0.07 0.48375 0.025 0.0225
0 0.6125 0.12625 0.025 0.025
0 0.80375 0.33375 0.0225 0.025
0 0.85375 0.295 0.0175 0.02
0 0.8675 0.19625 0.0175 0.025
0 0.845 0.31 0.02 0.02
0 0.4425 0.8725 0.02 0.015
0 0.445 0.79 0.02 0.025
0 0.39 0.69375 0.0225 0.02
0 0.45125 0.575 0.025 0.0225
0 0.81125 0.9625 0.015 0.0175
0 0.79875 0.9475 0.02 0.02
0 0.82125 0.9425 0.015 0.0175
0 0.8225 0.915 0.02 0.0175
0 0.85875 0.9325 0.02 0.0175
0 0.83125 0.84375 0.0225 0.02
0 0.83 0.7975 0.015 0.015
0 0.59875 0.895 0.015 0.0175
0 0.5525 0.88625 0.025 0.025
0 0.7375 0.89 0.02 0.0225
0 0.77625 0.80875 0.02 0.0225
0 0.93875 0.89875 0.0175 0.0175
0 0.945 0.7775 0.0275 0.025
0 0.59 0.775 0.025 0.0225
0 0.6125 0.7875 0.0125 0.0175
0 0.50875 0.9025 0.0125 0.015
0 0.58 0.7575 0.0225 0.025
0 0.545 0.69125 0.0225 0.02
