0 0.83875 0.1725 0.03 0.025
0 0.67875 0.30625 0.02 0.0275
0 0.7875 0.2725 0.0175 0.0175
0 0.61375 0.1325 0.02 0.02
0 0.82125 0.1 0.02 0.015
0 0.74 0.23 0.015 0.015
0 0.605 0.33375 0.0225 0.0175
0 0.66625 0.4475 0.025 0.025
0 0.91625 0.31625 0.025 0.0175
0 0.755 0.4 0.0175 0.0175
0 0.75 0.37875 0.015 0.0175
0 0.67625 0.40125 0.0175 0.0175
0 0.68 0.1275 0.0225 0.02
0 0.6725 0.15125 0.0225 0.02
0 0.28375 0.2225 0.02 0.02
0 0.5375 0.25625 0.02 0.02
0 0.865 0.255 0.0175 0.0175
0 0.715 0.22625 0.02 0.02
0 0.91 0.15625 0.02 0.02
0 0.715 0.20375 0.02 0.02
0 0.87875 0.20125 0.02 0.02
0 0.65125 0.11875 0.02 0.02
0 0.92875 0.81625 0.03 0.0275
0 0.77875 0.96125 0.0225 0.025
0 0.61875 0.95875 0.02 0.0225
0 0.79 0.66625 0.025 0.03
0 0.6225 0.65875 0.025 0.025
0 0.64375 0.7675 0.0275 0.0225
0 0.84 0.695 0.025 0.0225
0 0.6375 0.61375 0.025 0.03
0 0.77875 0.8725 0.0225 0.025
0 0.095 0.95 0.02 0.025
