0 0.92375 0.07 0.0225 0.025
0 0.9575 0.0575 0.0175 0.0225
0 0.97625 0.09 0.0225 0.015
0 0.49125 0.32 0.0225 0.0275
0 0.27875 0.29375 0.02 0.0225
0 0.3675 0.235 0.0275 0.0275
0 0.495 0.3575 0.0225 0.0225
0 0.96875 0.33875 0.025 0.0225
0 0.2125 0.215 0.025 0.0275
0 0.0525 0.37625 0.0225 0.02
0 0.175 0.1975 0.0225 0.02
0 0.155 0.24625 0.0275 0.0275
0 0.58 0.55375 0.025 0.0225
0 0.33 0.54375 0.0225 0.02
0 0.5325 0.6225 0.0225 0.02
0 0.40875 0.93875 0.0225 0.0225
0 0.5325 0.6225 0.0225 0.02
0 0.40875 0.93875 0.0225 0.0225
0 0.50133 0.5977 0.01692 0.01862
0 0.37925 0.51955 0.01565 0.01588
0 0.4895 0.64965 0.02007 0.02072
0 0.3125 0.56302 0.02142 0.0171
