0 0.27 0.4875 0.0225 0.0225
0 0.4075 0.425 0.0275 0.0225
0 0.35625 0.43375 0.02 0.0225
0 0.38125 0.32125 0.0225 0.0225
0 0.41875 0.3475 0.02 0.02
0 0.285 0.1375 0.025 0.025
0 0.37875 0.34125 0.0225 0.0225
0 0.44875 0.355 0.02 0.02
0 0.3775 0.41125 0.02 0.02
0 0.2475 0.09708 0.0225 0.0225
0 0.52125 0.09 0.0175 0.02
0 0.56625 0.1175 0.02 0.0225
0 0.71125 0.44375 0.025 0.0225
0 0.77875 0.35875 0.025 0.0275
0 0.89 0.28875 0.0225 0.0225
0 0.825 0.36625 0.02 0.02
0 0.54625 0.31375 0.0225 0.0225
0 0.02625 0.6025 0.02 0.0175
0 0.2925 0.605 0.03 0.0275
0 0.28625 0.7475 0.0225 0.025
0 0.1525 0.90625 0.0225 0.0175
0 0.1325 0.9475 0.025 0.02
0 0.16625 0.955 0.0275 0.0175
0 0.39 0.93625 0.0225 0.0175
0 0.40125 0.90125 0.02 0.02
0 0.43125 0.89375 0.0225 0.02
0 0.24875 0.7025 0.025 0.025
0 0.28875 0.79625 0.025 0.025
0 0.32875 0.92625 0.0225 0.0225
0 0.3975 0.71375 0.0225 0.0225
0 0.03875 0.62875 0.025 0.02
