0 0.39963 0.49407 0.02678 0.02435
0 0.31375 0.425 0.025 0.02
0 0.1 0.44875 0.0225 0.0175
0 0.13625 0.23 0.015 0.015
0 0.10375 0.29125 0.02 0.0175
0 0.35125 0.42625 0.0225 0.025
0 0.47625 0.39375 0.02 0.025
0 0.12625 0.42625 0.0225 0.0175
0 0.18125 0.30375 0.02 0.02
0 0.1625 0.31375 0.015 0.0225
0 0.45125 0.3875 0.02 0.02
0 0.4625 0.97625 0.0225 0.02
0 0.0275 0.84875 0.02 0.02
0 0.45185 0.25665 0.0198 0.02225
0 0.59625 0.435 0.015 0.0175
0 0.5525 0.38125 0.0225 0.02
0 0.6325 0.39375 0.025 0.025
0 0.7725 0.42125 0.02 0.02
0 0.57625 0.41125 0.02 0.0175
0 0.5921 0.39913 0.01455 0.0197
0 0.60675 0.38222 0.01707 0.01982
0 0.5135 0.46057 0.01627 0.01937
0 0.75075 0.40645 0.01675 0.0187
0 0.8351 0.39477 0.0184 0.01992
0 0.87068 0.33545 0.02172 0.01555
0 0.77218 0.37925 0.01575 0.01923
0 0.51178 0.25148 0.02107 0.0185
0 0.5482 0.34943 0.0214 0.02208
0 0.68282 0.46203 0.01742 0.0169
0 0.68957 0.4411 0.01843 0.01615
0 0.69265 0.42373 0.02007 0.01533
0 0.80035 0.38827 0.02035 0.0176
0 0.81587 0.41725 0.02105 0.01845
