0 0.305 0.74125 0.0225 0.0275
0 0.32875 0.665 0.0225 0.02
0 0.18642 0.86705 0.02285 0.0241
0 0.16125 0.88875 0.0225 0.0225
0 0.36 0.98125 0.025 0.025
0 0.39625 0.9475 0.02 0.0225
0 0.31017 0.8816 0.02465 0.0225
0 0.03125 0.92375 0.02 0.02
0 0.04 0.90125 0.025 0.02
0 0.36615 0.85073 0.01982 0.01965
0 0.33608 0.8992 0.01893 0.01875
0 0.16778 0.98448 0.02053 0.02393
0 0.1075 0.9575 0.015 0.02
0 0.1075 0.97125 0.015 0.015
0 0.12 0.965 0.0175 0.02
0 0.2142 0.92177 0.0191 0.02215
0 0.1575 0.91125 0.0175 0.025
0 0.4525 0.55125 0.02 0.0225
0 0.44427 0.665 0.02285 0.02072
0 0.47625 0.6825 0.0175 0.02
0 0.245 0.625 0.025 0.025
0 0.25687 0.915 0.02125 0.0225
0 0.1875 0.9325 0.0225 0.015
0 0.355 0.68125 0.02 0.0175
0 0.4175 0.87875 0.0225 0.0225
0 0.45215 0.875 0.025 0.025
0 0.3 0.9166 0.0225 0.0225
0 0.46125 0.56625 0.01857 0.01857
0 0.46625 0.65375 0.0225 0.0225
0 0.40625 0.68 0.0225 0.0225
0 0.48347 0.70983 0.02232 0.02142
0 0.47767 0.9433 0.02322 0.02053
0 0.29017 0.7567 0.02142 0.02053
0 0.51295 0.64597 0.01698 0.02232
0 0.52142 0.6692 0.01607 0.01875
0 0.6366 0.92858 0.01785 0.01607
