0 0.10125 0.51875 0.0225 0.025
0 0.10375 0.39125 0.03 0.0275
0 0.1175 0.6025 0.02 0.0225
0 0.11875 0.63 0.0225 0.0175
0 0.05875 0.19125 0.02 0.02
0 0.16625 0.29375 0.0225 0.02
0 0.14375 0.295 0.035 0.025
0 0.3975 0.65625 0.02 0.0225
0 0.12 0.49875 0.0275 0.0175
0 0.5475 0.90875 0.0275 0.02
0 0.5775 0.30625 0.0275 0.02
0 0.515 0.0575 0.0225 0.025
0 0.22875 0.35375 0.02 0.0225
0 0.41 0.6825 0.02 0.0175
0 0.19875 0.3325 0.02 0.02
0 0.48625 0.1025 0.02 0.02
0 0.95 0.2125 0.0225 0.0225
0 0.0184 0.8925 0.0275 0.0275
0 0.6425 0.30375 0.0225 0.02
0 0.42875 0.57625 0.0225 0.0225
0 0.0675 0.2425 0.0175 0.0175
0 0.071425 0.53125 0.0225 0.02