0 0.12125 0.1675 0.0275 0.025
0 0.02875 0.18875 0.02 0.025
0 0.01 0.22875 0.0175 0.0275
0 0.0925 0.1675 0.0225 0.0225
0 0.21125 0.14625 0.025 0.0225
0 0.025 0.16375 0.0175 0.0175
0 0.1225 0.22875 0.02 0.025
0 0.15125 0.22625 0.0225 0.02
0 0.15625 0.24875 0.02 0.025
0 0.255 0.215 0.02 0.0175
0 0.1425 0.3125 0.02 0.0175
0 0.055 0.35875 0.0175 0.02
0 0.18625 0.5525 0.025 0.0225
0 0.24125 0.5525 0.0225 0.025
0 0.2625 0.605 0.0225 0.0225
0 0.04125 0.89875 0.0275 0.0225
0 0.10125 0.78625 0.0225 0.0225
0 0.405 0.39875 0.0275 0.0225
0 0.455 0.405 0.025 0.0275
0 0.52345 0.42729999999999996 0.022225 0.027174999999999998
0 0.43875 0.335 0.0225 0.0175
0 0.53875 0.35125 0.015 0.0175
0 0.54875 0.3475 0.0175 0.025
0 0.56375 0.4275 0.0225 0.025
0 0.57875 0.4375 0.02 0.025
0 0.5975 0.44875 0.02 0.025
0 0.59 0.4075 0.0175 0.0175
0 0.43 0.07625 0.0225 0.02
0 0.25625 0.275 0.0225 0.0225
0 0.4275 0.11 0.0275 0.0275
0 0.45125 0.08875 0.02 0.0225
0 0.58125 0.02 0.02 0.0275
0 0.6725 0.01875 0.0225 0.0225
0 0.785 0.22125 0.0225 0.025
0 0.795 0.15125 0.0225 0.0225
0 0.8925 0.445 0.025 0.0225
0 0.48 0.51 0.025 0.0225
0 0.77875 0.03375 0.025 0.0225
0 0.52125 0.04875 0.02 0.0225
0 0.53625 0.10375 0.02 0.025
0 0.86 0.25 0.02 0.0175
0 0.835 0.1675 0.025 0.02
0 0.8275 0.14625 0.0175 0.015
0 0.07125 0.3025 0.02 0.02
0 0.45 0.19875 0.02 0.02
0 0.41125 0.19125 0.0225 0.0225
0 0.2275 0.59625 0.02 0.02
0 0.11625 0.2825 0.02 0.0175
0 0.47125 0.39 0.02 0.02
0 0.6 0.11375 0.02 0.0175
0 0.425625 0.52375 0.02 0.02
0 0.20125 0.53 0.0225 0.0225
0 0.9175 0.19 0.02 0.02