0 0.14 0.36625 0.0225 0.02
0 0.0925 0.49625 0.0225 0.0175
0 0.31625 0.45125 0.02 0.015
0 0.90125 0.72 0.0175 0.0175
0 0.1075 0.4475 0.0175 0.015
0 0.095 0.3875 0.015 0.02
0 0.13875 0.42375 0.0225 0.0175
0 0.465 0.98625 0.025 0.0225
0 0.11875 0.895 0.0225 0.025
0 0.935 0.72875 0.0225 0.0225
0 0.08125 0.97 0.02 0.02
0 0.11875 0.89625 0.0225 0.0225
0 0.16875 0.3875 0.0225 0.02
0 0.03375 0.8797 0.0225 0.0225
0 0.50375 0.94625 0.0175 0.0175
0 0.4025 0.48625 0.02 0.02
0 0.8075 0.335 0.02 0.02
0 0.285 0.43 0.02 0.02
0 0.0375 0.96625 0.02 0.02
0 0.88625 0.695 0.02 0.02
0 0.81375 0.4 0.02 0.02
0 0.3975 0.7875 0.02 0.02
0 0.025 0.93375 0.0225 0.0225
0 0.40125 0.38875 0.02 0.02
0 0.11335 0.38630000000000003 0.017925 0.014924999999999999
0 0.10984999999999999 0.373125 0.014325000000000001 0.0123
0 0.827375 0.390725 0.0167 0.02075
0 0.32635 0.98455 0.017 0.013725000000000001
0 0.0271 0.9591 0.014924999999999999 0.016425000000000002
0 0.143025 0.8472750000000001 0.0182 0.017775
0 0.189625 0.7931999999999999 0.018525 0.02035
0 0.11625 0.874825 0.019625 0.021949999999999997
0 0.020325000000000003 0.53 0.0183 0.018600000000000002