0 0.52 0.09125 0.025 0.025
0 0.4625 0.125 0.0225 0.0225
0 0.38125 0.135 0.0225 0.02
0 0.51 0.1775 0.0225 0.0225
0 0.5575 0.1775 0.025 0.015
0 0.54375 0.16375 0.025 0.02
0 0.54125 0.225 0.0275 0.02
0 0.55 0.23625 0.025 0.02
0 0.7075 0.21375 0.03 0.02
0 0.6875 0.12125 0.0275 0.0175
0 0.64 0.02125 0.0275 0.02
0 0.60625 0.33 0.025 0.025
0 0.6575 0.45625 0.0275 0.025
0 0.5 0.3875 0.0225 0.0225
0 0.76625 0.15625 0.02 0.0175
0 0.78625 0.16 0.0275 0.0225
0 0.86 0.105 0.02 0.0175
0 0.82875 0.12 0.0225 0.015
0 0.23375 0.8475 0.025 0.0225
0 0.245 0.8825 0.0225 0.015
0 0.1125 0.87625 0.0225 0.02
0 0.12125 0.745 0.0225 0.02
0 0.5275 0.27875 0.03 0.025
0 0.73625 0.57125 0.0225 0.0225
0 0.76875 0.205 0.0225 0.0175
0 0.80375 0.22 0.0275 0.02
0 0.675 0.08 0.0225 0.0225
0 0.64375 0.42625 0.025 0.025
0 0.70125 0.0125 0.0225 0.0225
0 0.51765 0.018075 0.029500000000000002 0.03615