0 0.365 0.20625 0.0275 0.025
0 0.07625 0.08375 0.02 0.02
0 0.32125 0.07625 0.02 0.02
0 0.35125 0.06375 0.025 0.02
0 0.2075 0.155 0.02 0.02
0 0.17125 0.18 0.0175 0.0175
0 0.05875 0.2875 0.02 0.02
0 0.0307 0.23603 0.0261 0.01953
0 0.435 0.36375 0.0225 0.0225
0 0.215 0.3725 0.0225 0.02
0 0.0475 0.06375 0.02 0.0175
0 0.35875 0.12375 0.0175 0.0175
0 0.25625 0.23625 0.0225 0.0175
0 0.455 0.17875 0.02 0.02
0 0.475 0.165 0.0175 0.015
0 0.25375 0.66125 0.025 0.025
0 0.325 0.5975 0.0275 0.0175
0 0.775 0.86125 0.03 0.025
0 0.78125 0.9 0.03 0.0225
0 0.715 0.76125 0.0275 0.0225
0 0.725 0.73125 0.0225 0.025
0 0.7575 0.79875 0.02 0.015
0 0.74625 0.76875 0.0225 0.0175
0 0.41875 0.965 0.015 0.0175
0 0.44875 0.9375 0.02 0.02
0 0.05125 0.56375 0.0225 0.0225
