0 0.03125 0.25625 0.0225 0.025
0 0.1175 0.205 0.025 0.0225
0 0.145 0.0325 0.025 0.0225
0 0.22125 0.2175 0.025 0.025
0 0.89 0.22125 0.025 0.025
0 0.8075 0.3825 0.0225 0.025
0 0.84875 0.32 0.02 0.02
0 0.5675 0.6725 0.025 0.0175
0 0.59 0.66125 0.0275 0.025
0 0.60875 0.6775 0.0225 0.0225
0 0.62875 0.67 0.025 0.0225
0 0.62875 0.68875 0.025 0.025
0 0.61875 0.69875 0.025 0.0275
0 0.52375 0.60875 0.03 0.0225
0 0.54375 0.5525 0.0225 0.02
0 0.60625 0.61875 0.0225 0.02
0 0.60625 0.595 0.025 0.0225
0 0.6325 0.5925 0.0225 0.0175
0 0.6625 0.61875 0.0225 0.02
0 0.6475 0.53375 0.0225 0.0225
0 0.07 0.785 0.02 0.0225
0 0.0325 0.7525 0.02 0.02
0 0.05875 0.90625 0.0225 0.0225
0 0.52 0.75875 0.025 0.0225
0 0.57625 0.715 0.0275 0.035
0 0.38625 0.70375 0.025 0.0225
0 0.4075 0.09625 0.0225 0.0225
0 0.80875 0.7175 0.025 0.0175
0 0.95875 0.61875 0.0275 0.02
0 0.9275 0.53625 0.025 0.02
0 0.9125 0.8525 0.025 0.0275
0 0.9875 0.82125 0.02 0.02
0 0.93 0.8975 0.0225 0.0225
0 0.9475 0.8975 0.02 0.025
0 0.255 0.16625 0.025 0.0225
0 0.2275 0.39625 0.025 0.0225
0 0.045 0.795 0.025 0.0225
0 0.77625 0.23875 0.0225 0.0225
0 0.86 0.2175 0.02 0.02
0 0.67375 0.7175 0.025 0.0225
0 0.8375 0.47 0.0225 0.0225
0 0.0525 0.035 0.0225 0.02
0 0.89125 0.63375 0.02 0.02
0 0.40875 0.065 0.02 0.02
0 0.83125 0.35375 0.0225 0.0225
0 0.54125 0.5025 0.02 0.02
0 0.7325 0.61 0.02 0.02
0 0.2875 0.47125 0.02 0.02
0 0.55 0.6984999999999999 0.02 0.02
0 0.5875 0.51625 0.0225 0.0225
0 0.81 0.4575 0.0225 0.0225
0 0.42625 0.62375 0.025 0.0225
0 0.955 0.821725 0.025 0.0225
0 0.2175 0.14875 0.0225 0.0225
0 0.045 0.6875 0.0225 0.0225
0 0.63 0.035 0.0275 0.0275
0 0.92625 0.37375 0.025 0.025
0 0.04125 0.44125 0.0225 0.0225
0 0.9525 0.30875 0.02 0.02
0 0.2325 0.4675 0.02 0.0175
0 0.62125 0.50125 0.025 0.025
0 0.88 0.3625 0.0275 0.0275
0 0.445 0.86875 0.0225 0.0225
0 0.955 0.3475 0.02 0.02
0 0.2275 0.5 0.02 0.02
0 0.0325 0.10875 0.0225 0.02
0 0.61875 0.77875 0.02 0.0175
0 0.8925 0.66125 0.025 0.0225
0 0.0825 0.5125 0.0225 0.0225