0 0.0625 0.06 0.02 0.0175
0 0.0325 0.3475 0.0225 0.02
0 0.21 0.47125 0.035 0.0275
0 0.2075 0.3125 0.03 0.02
0 0.145 0.36625 0.025 0.02
0 0.055 0.34875 0.02 0.02
0 0.0325 0.37 0.02 0.02
0 0.03625 0.4425 0.0225 0.0225
0 0.12625 0.22625 0.0225 0.02
0 0.1275 0.24375 0.0275 0.0225
0 0.0375 0.155 0.025 0.0225
0 0.6625 0.2975 0.0275 0.0275
0 0.74 0.34375 0.0225 0.0225
0 0.8725 0.42375 0.03 0.0275
0 0.78625 0.325 0.0225 0.0225
0 0.40125 0.3275 0.0225 0.0225
0 0.765 0.3625 0.02 0.02
0 0.6325 0.36 0.02 0.02
0 0.1925 0.3975 0.0225 0.0225
0 0.84125 0.36125 0.02 0.02
0 0.195 0.4425 0.0225 0.0225
0 0.69625 0.25 0.0225 0.0225
0 0.90375 0.3425 0.02 0.02
0 0.07875 0.3775 0.02 0.0175
0 0.07375 0.40875 0.02 0.02
0 0.485 0.21 0.0225 0.0225
0 0.09125 0.06 0.02 0.02
0 0.24875 0.54875 0.03 0.025
0 0.20875 0.51 0.0225 0.0175
0 0.27 0.58375 0.025 0.025
0 0.33875 0.6875 0.035 0.0275
0 0.33875 0.71375 0.0375 0.03
0 0.6475 0.56875 0.0275 0.02
0 0.7175 0.555 0.0275 0.025
0 0.43875 0.53375 0.025 0.02
0 0.51875 0.70125 0.0225 0.0225
0 0.58625 0.93462 0.025 0.025
0 0.55375 0.8525 0.0225 0.0225
0 0.54125 0.91462 0.0225 0.0225
0 0.625 0.84625 0.0225 0.0225
0 0.50375 0.905 0.02 0.02
0 0.57875 0.845 0.02 0.02
0 0.55 0.79 0.0225 0.02
0 0.51 0.86875 0.025 0.025
