0 0.2875 0.74875 0.0325 0.0225
0 0.2325 0.80375 0.0175 0.0175
0 0.16125 0.815 0.02 0.02
0 0.20625 0.85875 0.02 0.02
0 0.925 0.58625 0.0225 0.0175
0 0.945 0.7 0.02 0.025
0 0.715 0.78375 0.0175 0.02
0 0.80625 0.82 0.0225 0.0225
0 0.78625 0.9425 0.0225 0.0175
0 0.95125 0.08125 0.025 0.02
0 0.92875 0.3325 0.025 0.0225
0 0.91125 0.6225 0.0225 0.02
0 0.62125 0.835 0.02 0.0175
0 0.92875 0.3325 0.025 0.0225
0 0.9075 0.69125 0.0225 0.0225
0 0.90875 0.07875 0.0225 0.02
0 0.82 0.7725 0.02 0.02
0 0.75625 0.9625 0.02 0.0175
0 0.945 0.7825 0.0175 0.0175
0 0.535 0.88125 0.025 0.025
0 0.76875 0.86125 0.02 0.02
0 0.9425 0.19875 0.025 0.0225
0 0.94 0.74125 0.0175 0.0175
0 0.74125 0.7875 0.02 0.02
0 0.90125 0.915 0.02 0.0175
0 0.94 0.635 0.02 0.02
