0 0.4375 0.11875 0.02 0.0225
0 0.3975 0.105 0.0275 0.0225
0 0.45875 0.545 0.0225 0.025
0 0.49125 0.4575 0.0175 0.0275
0 0.48875 0.5875 0.0225 0.025
0 0.4375 0.09375 0.025 0.0225
0 0.44875 0.055 0.02 0.015
0 0.4475 0.04 0.0175 0.0125
0 0.48625 0.55625 0.0275 0.0225
0 0.40125 0.19375 0.02 0.02
0 0.44798 0.13275 0.01835 0.01667
0 0.43263 0.44977 0.0224 0.02278
0 0.04402 0.89658 0.0184 0.01818
0 0.4388 0.54392 0.01868 0.02355
0 0.57125 0.58625 0.0275 0.0175
0 0.5925 0.75 0.0225 0.0175
0 0.62 0.52625 0.02 0.02
0 0.5725 0.44125 0.0175 0.02
0 0.57 0.4625 0.02 0.015
0 0.58125 0.52625 0.0225 0.0125
0 0.63875 0.80375 0.0225 0.02
0 0.9275 0.93 0.0275 0.0175
0 0.56375 0.64625 0.02 0.0175
0 0.6175 0.91625 0.025 0.02
0 0.58125 0.205 0.025 0.02
0 0.61625 0.79 0.0175 0.0175
0 0.6175 0.8725 0.02 0.0175
0 0.51625 0.20875 0.0225 0.0225
0 0.655 0.21375 0.025 0.0225
0 0.6375 0.665 0.025 0.02
0 0.67875 0.59125 0.0225 0.0275
0 0.675 0.375 0.0225 0.02
0 0.62125 0.38625 0.02 0.025
0 0.5125 0.36125 0.025 0.025
0 0.62375 0.98875 0.0225 0.0225
0 0.60125 0.23875 0.0175 0.0175
0 0.54625 0.2275 0.02 0.0175
0 0.95125 0.96125 0.0175 0.0125
0 0.5275 0.89875 0.02 0.015
0 0.84875 0.98375 0.02 0.015
0 0.5725 0.485 0.0175 0.015
0 0.53375 0.63375 0.025 0.0175
0 0.57125 0.94875 0.025 0.015
0 0.61375 0.2175 0.0225 0.0175
0 0.6125 0.2025 0.025 0.015
0 0.53 0.13 0.0225 0.0175
0 0.54625 0.15375 0.02 0.02
0 0.92625 0.64875 0.025 0.0175
0 0.78875 0.4575 0.0275 0.025
0 0.59625 0.3475 0.02 0.025
0 0.59375 0.40465 0.0225 0.02
0 0.585 0.81625 0.02 0.02
0 0.655 0.39 0.0225 0.02
0 0.68 0.74375 0.0225 0.0225
0 0.52875 0.31 0.0175 0.0175
0 0.66625 0.24625 0.0225 0.02
0 0.5275 0.335 0.0175 0.0175
0 0.64625 0.41125 0.02 0.02
0 0.77203 0.4993 0.01725 0.01823
0 0.7973 0.47587 0.01783 0.02145
0 0.68785 0.20475 0.01675 0.01843
0 0.57095 0.96365 0.02417 0.01733
0 0.62315 0.96838 0.01773 0.0153
