0 0.40625 0.03375 0.0225 0.0225
0 0.4375 0.06 0.02 0.02
0 0.49047 0.04895 0.01667 0.01395
0 0.44432 0.477 0.01723 0.0183
0 0.3157 0.0756 0.0153 0.0173
0 0.3656 0.08503 0.01692 0.02005
0 0.44685 0.49088 0.02595 0.0157
0 0.39125 0.91125 0.025 0.025
0 0.22875 0.70125 0.02 0.02
0 0.475 0.7025 0.0175 0.0175
0 0.34417 0.60322 0.01802 0.017
0 0.6 0.6725 0.0225 0.025
0 0.53375 0.68 0.0175 0.02
0 0.38625 0.5175 0.0225 0.0225
0 0.48 0.9475 0.025 0.0225
0 0.12125 0.6975 0.02 0.0225
0 0.39 0.655 0.025 0.0275
0 0.425 0.62125 0.0225 0.02
0 0.47375 0.74 0.0275 0.025
0 0.33763 0.6108 0.01635 0.0159
0 0.41228 0.70625 0.021 0.02142
0 0.25445 0.7947 0.01963 0.01978
0 0.19617 0.64547 0.0227 0.01773
0 0.26922 0.8253 0.0206 0.02025
0 0.55333 0.59605 0.0281 0.02243
0 0.56748 0.57805 0.02245 0.02215
