0 0.385 0.13 0.0225 0.0275
0 0.45125 0.075 0.0225 0.0225
0 0.48875 0.075 0.015 0.0175
0 0.96 0.35625 0.02 0.02
0 0.48125 0.42375 0.0225 0.0225
0 0.16875 0.4625 0.025 0.025
0 0.49625 0.3625 0.02 0.0175
0 0.08 0.41 0.0225 0.0225
0 0.18375 0.3525 0.0225 0.0225
0 0.72125 0.08875 0.025 0.0225
0 0.22858 0.4576 0.025 0.02232
0 0.48572 0.05312 0.02142 0.01518
0 0.17365 0.37635 0.02053 0.02232
0 0.93302 0.38215 0.01785 0.01785
0 0.93215 0.35045 0.01965 0.02053
0 0.97003 0.56605 0.01685 0.0214
0 0.17948 0.61715 0.0125 0.01825
0 0.18852 0.6061 0.01605 0.01677
0 0.11475 0.64062 0.01878 0.01337
0 0.15805 0.65302 0.01788 0.01498
0 0.17628 0.66598 0.01707 0.0123
0 0.21405 0.6291 0.01558 0.01357
0 0.20527 0.63645 0.01058 0.0146
