0 0.1 0.9475 0.0225 0.0225
0 0.15375 0.97125 0.0225 0.0225
0 0.675 0.49875 0.0275 0.0225
0 0.71875 0.64625 0.0325 0.025
0 0.8125 0.67 0.03 0.03
0 0.7425 0.73 0.0325 0.025
0 0.58625 0.0825 0.0225 0.0225
0 0.6325 0.155 0.0175 0.0175
0 0.63125 0.32 0.02 0.0175
0 0.6525 0.33 0.02 0.02
0 0.56625 0.3375 0.025 0.02
0 0.59875 0.34 0.025 0.0275
0 0.645 0.3625 0.02 0.015
0 0.61875 0.3725 0.0275 0.0225
0 0.54875 0.06875 0.03 0.025
0 0.82375 0.7225 0.0175 0.0175
0 0.97875 0.2475 0.02 0.0175
0 0.63125 0.175 0.0225 0.0225
0 0.61375 0.1675 0.0225 0.0175
0 0.90125 0.33875 0.02 0.02
0 0.605 0.1425 0.02 0.02
0 0.89 0.815 0.02 0.02
0 0.9075 0.4475 0.02 0.015
0 0.90375 0.88875 0.0225 0.02
0 0.72375 0.3975 0.0225 0.0225
0 0.69125 0.375 0.02 0.02
