0 0.67875 0.04375 0.0225 0.025
0 0.84 0.0525 0.025 0.0225
0 0.87125 0.09 0.0275 0.0225
0 0.875 0.03875 0.02 0.0175
0 0.57125 0.2675 0.0175 0.0175
0 0.73625 0.02875 0.015 0.02
0 0.0275 0.25625 0.0175 0.0175
0 0.05875 0.0325 0.0225 0.0225
0 0.955 0.11 0.0225 0.0225
0 0.74 0.9575 0.0275 0.0275
0 0.36375 0.74375 0.0225 0.0225
0 0.3825 0.7375 0.0225 0.0175
0 0.355 0.705 0.0175 0.0175
0 0.2675 0.7725 0.02 0.025
0 0.3575 0.8475 0.0225 0.0175
0 0.315 0.835 0.0175 0.02
0 0.355 0.665 0.02 0.0175
0 0.3275 0.69375 0.015 0.0175
0 0.5825 0.84625 0.0175 0.0225
0 0.5275 0.83625 0.02 0.02
0 0.655 0.85625 0.02 0.0225
0 0.21125 0.5775 0.0225 0.0175
0 0.22375 0.66 0.0275 0.0225
0 0.685 0.785 0.015 0.015
0 0.87125 0.87375 0.02 0.0175
0 0.29 0.79875 0.02 0.02
0 0.68875 0.85625 0.02 0.02
0 0.39 0.70875 0.0175 0.0175
0 0.55875 0.81 0.02 0.02
0 0.53875 0.85 0.02 0.02
0 0.18125 0.5725 0.0225 0.0225
0 0.57653 0.7925 0.02 0.0175
0 0.11625 0.54 0.0225 0.0225
