0 0.76 0.05375 0.0175 0.015
0 0.81875 0.115 0.0175 0.02
0 0.86875 0.065 0.015 0.015
0 0.81 0.02 0.0175 0.015
0 0.83125 0.2425 0.015 0.02
0 0.8725 0.18125 0.0225 0.0175
0 0.91625 0.14875 0.025 0.0175
0 0.79 0.2375 0.02 0.02
0 0.83875 0.0325 0.0225 0.0225
0 0.98375 0.20375 0.02 0.02
0 0.9651 0.18272 0.0213 0.01903
0 0.79752 0.15757 0.01825 0.02053
0 0.75808 0.1891 0.01972 0.02105
0 0.74805 0.04363 0.01572 0.01585
0 0.2275 0.79125 0.0225 0.025
0 0.5125 0.69 0.0225 0.02
0 0.4375 0.63875 0.025 0.0225
0 0.38875 0.6475 0.015 0.0175
0 0.72875 0.6425 0.025 0.025
0 0.0975 0.93625 0.025 0.02
0 0.5675 0.68625 0.0225 0.0225
0 0.10625 0.85 0.025 0.02
0 0.24125 0.96625 0.0175 0.02
0 0.3375 0.7125 0.015 0.0175
0 0.42375 0.74375 0.02 0.0175
0 0.06625 0.8 0.0225 0.0225
0 0.4975 0.5775 0.025 0.025
0 0.245 0.7375 0.0175 0.0175
0 0.63125 0.54875 0.02 0.02
0 0.49875 0.54125 0.0225 0.025
0 0.64375 0.52125 0.0225 0.025
0 0.1548 0.53955 0.01963 0.0191
0 0.65125 0.55125 0.0175 0.02
0 0.4725 0.6375 0.015 0.025
0 0.43875 0.615 0.015 0.0225
0 0.555 0.5225 0.015 0.0225
0 0.39125 0.9425 0.0225 0.0175
0 0.72875 0.6425 0.025 0.025
0 0.16875 0.75625 0.0225 0.0225
0 0.4925 0.7525 0.02 0.02
0 0.71375 0.60835 0.0225 0.0225
0 0.45625 0.56375 0.0225 0.02
0 0.4525 0.73875 0.02 0.0175
0 0.43625 0.595 0.02 0.02
0 0.15755 0.56168 0.01688 0.01802
0 0.209 0.57107 0.01978 0.01895
0 0.63618 0.61345 0.0188 0.01975
0 0.56805 0.54655 0.01823 0.01452
0 0.28882 0.7019 0.01695 0.01632
0 0.30578 0.71003 0.01705 0.01468
0 0.31915 0.7097 0.0117 0.01632
0 0.36752 0.72233 0.02255 0.01965
0 0.15258 0.7474 0.01765 0.01625
0 0.156 0.7733 0.0148 0.0141
0 0.47565 0.929 0.01738 0.0205
0 0.45353 0.875 0.01777 0.01607
0 0.76015 0.60615 0.02208 0.0212
0 0.61185 0.67698 0.01655 0.02003
0 0.4621 0.61902 0.0169 0.0202
0 0.50923 0.64065 0.01488 0.01878
0 0.2047 0.7309 0.01655 0.015
