0 0.45125 0.27 0.0175 0.02
0 0.49 0.295 0.0175 0.02
0 0.36 0.295 0.0275 0.0275
0 0.4725 0.3475 0.0275 0.0275
0 0.4575 0.31125 0.0175 0.025
0 0.27125 0.08375 0.0275 0.0275
0 0.775 0.13375 0.0225 0.025
0 0.61625 0.245 0.0275 0.02
0 0.60375 0.21625 0.02 0.025
0 0.50875 0.31125 0.0175 0.0225
0 0.51125 0.335 0.0225 0.02
0 0.86125 0.27375 0.02 0.02
0 0.68375 0.10125 0.0225 0.0225
0 0.58625 0.09625 0.0225 0.0225
0 0.90375 0.2075 0.02 0.02
0 0.215 0.74 0.0225 0.0225
0 0.2 0.83125 0.02 0.0275
0 0.33875 0.7325 0.0225 0.02
0 0.42625 0.65125 0.025 0.0225
0 0.0825 0.6525 0.02 0.02
0 0.36375 0.6775 0.015 0.02
0 0.25375 0.91875 0.0175 0.0225
0 0.26125 0.835 0.025 0.025
0 0.19125 0.64125 0.02 0.02
0 0.36625 0.91 0.0225 0.0225
0 0.44875 0.625 0.025 0.025
0 0.86625 0.675 0.0275 0.025
0 0.90875 0.6025 0.0225 0.0175
0 0.62625 0.865 0.0225 0.02
