0 0.42125 0.165 0.0225 0.025
0 0.295 0.0625 0.02 0.025
0 0.355 0.05125 0.0175 0.015
0 0.30875 0.09625 0.025 0.025
0 0.37 0.06625 0.015 0.0175
0 0.7 0.27375 0.025 0.02
0 0.67875 0.36375 0.0225 0.0225
0 0.7675 0.30375 0.025 0.0275
0 0.35 0.12125 0.0175 0.0175
0 0.23375 0.0625 0.0225 0.02
0 0.255 0.06625 0.0225 0.025
0 0.5025 0.12875 0.015 0.0225
0 0.5175 0.1275 0.015 0.0175
0 0.8 0.3175 0.025 0.0225
0 0.95625 0.74125 0.0225 0.0275
0 0.985 0.74375 0.025 0.03
0 0.14375 0.95625 0.0225 0.0225
0 0.0875 0.6825 0.025 0.0225
