0 0.39625 0.5475 0.03 0.03
0 0.28875 0.4975 0.025 0.025
0 0.33 0.48 0.025 0.0225
0 0.33125 0.40375 0.0225 0.03
0 0.16375 0.18 0.0225 0.02
0 0.295 0.24875 0.0225 0.0225
0 0.085 0.1625 0.0225 0.0225
0 0.0875 0.1425 0.0325 0.025
0 0.3675 0.20375 0.03 0.0225
0 0.355 0.21875 0.0225 0.02
0 0.19375 0.395 0.0175 0.02
0 0.2375 0.3875 0.0225 0.02
0 0.2525 0.3675 0.0225 0.025
0 0.17875 0.41875 0.0275 0.015
0 0.32125 0.32375 0.015 0.015
0 0.4275 0.31875 0.0275 0.0325
0 0.395 0.29125 0.03 0.025
0 0.10625 0.355 0.0225 0.02
0 0.16 0.635 0.025 0.0175
0 0.06375 0.05375 0.0175 0.0175
0 0.0225 0.135 0.02 0.015
0 0.11125 0.23375 0.015 0.015
0 0.42625 0.365 0.02 0.015
0 0.19 0.44125 0.0175 0.025
0 0.37 0.51375 0.0225 0.0175
0 0.34125 0.31625 0.02 0.015
0 0.29625 0.43875 0.0175 0.0275
0 0.37625 0.31625 0.025 0.0175
0 0.1725 0.6775 0.0225 0.02
0 0.43375 0.31 0.025 0.025
0 0.06 0.14125 0.0225 0.0225
0 0.94875 0.55 0.0275 0.02
0 0.5525 0.4825 0.03 0.0175
0 0.90625 0.4 0.025 0.015
0 0.61875 0.49125 0.0225 0.02
0 0.80125 0.125 0.02 0.02
0 0.93375 0.4125 0.02 0.02
0 0.84125 0.61875 0.0225 0.02
0 0.84 0.38625 0.02 0.02
