0 0.69375 0.1375 0.0275 0.0275
0 0.655 0.105 0.0225 0.0225
0 0.62 0.0625 0.0225 0.025
0 0.77875 0.32875 0.0225 0.02
0 0.405 0.92125 0.0225 0.0225
0 0.6251 0.0298 0.027325 0.02565
0 0.6727249999999999 0.021349999999999997 0.02645 0.022625000000000003
0 0.674225 0.16845 0.0225 0.0225
0 0.03 0.83625 0.0225 0.015
0 0.72125 0.12 0.02 0.02
0 0.00875 0.78125 0.0175 0.0225
0 0.05125 0.95375 0.02 0.0225
0 0.0725 0.955 0.0175 0.02
0 0.2 0.63625 0.0175 0.0275
0 0.28875 0.22579999999999997 0.0225 0.0225
0 0.59 0.70125 0.0225 0.02
0 0.10875 0.26375 0.02 0.02
0 0.23625 0.2125 0.0225 0.0225
0 0.3925 0.69875 0.02 0.02
0 0.11125 0.33375 0.0225 0.0225
0 0.05355000000000001 0.973475 0.019675 0.01735
0 0.036699999999999997 0.8702500000000001 0.019625 0.01865
0 0.0175 0.8898999999999999 0.017150000000000002 0.0191
0 0.031875 0.9218000000000001 0.0173 0.020375
0 0.010175 0.81045 0.017124999999999998 0.017325
0 0.032025 0.7894249999999999 0.017625 0.0199
0 0.661575 0.7358 0.0196 0.018025
0 0.53815 0.9887999999999999 0.015600000000000001 0.02045
0 0.13297499999999998 0.106425 0.015925 0.02
0 0.2545 0.5661999999999999 0.019725 0.021675
0 0.677925 0.09325 0.0217 0.02045