0 0.25125 0.18625 0.0175 0.0225
0 0.1225 0.23625 0.025 0.0225
0 0.3725 0.26875 0.0275 0.02
0 0.30125 0.1775 0.0275 0.0175
0 0.19545 0.17092 0.02178 0.0211
0 0.9425 0.38 0.0225 0.0225
0 0.9625 0.3675 0.02 0.02
0 0.0875 0.215 0.0225 0.02
0 0.10625 0.2 0.0225 0.025
0 0.18125 0.05375 0.02 0.0225
0 0.20625 0.05875 0.02 0.025
0 0.4775 0.28 0.0225 0.0225
0 0.27125 0.47625 0.015 0.02
0 0.16375 0.1 0.02 0.015
0 0.17 0.14 0.02 0.015
0 0.23125 0.135 0.02 0.0175
0 0.40875 0.09875 0.0175 0.025
0 0.5 0.17125 0.02 0.0225
0 0.81 0.6325 0.0225 0.0225
0 0.81 0.66625 0.02 0.0175
0 0.88625 0.695 0.025 0.025
0 0.7517 0.77282 0.01907 0.02065
0 0.1825 0.545 0.02 0.02
0 0.97 0.72625 0.02 0.02
0 0.03625 0.83375 0.02 0.025
0 0.1575 0.80125 0.025 0.025
