0 0.1825 0.2125 0.025 0.0225
0 0.80375 0.27625 0.02 0.0225
0 0.86375 0.25625 0.02 0.0175
0 0.81375 0.23875 0.02 0.0175
0 0.43875 0.41 0.015 0.02
0 0.29375 0.17125 0.0225 0.025
0 0.2775 0.205 0.0225 0.0225
0 0.065 0.1575 0.0275 0.025
0 0.7825 0.275 0.02 0.0225
0 0.75125 0.20875 0.02 0.0225
0 0.81125 0.40875 0.02 0.02
0 0.9475 0.1425 0.02 0.0225
0 0.315 0.4025 0.0175 0.02
0 0.23 0.20375 0.02 0.0225
0 0.3125 0.55875 0.0175 0.02
0 0.35 0.55375 0.0175 0.015
0 0.375 0.5425 0.0175 0.025
0 0.3375 0.57625 0.0225 0.02
0 0.32125 0.5875 0.0175 0.015
0 0.3225 0.7825 0.02 0.02
0 0.67125 0.68 0.015 0.0175
0 0.33 0.74625 0.0175 0.0225
0 0.44625 0.53125 0.015 0.0175
0 0.97125 0.75125 0.0225 0.0225
0 0.385 0.71625 0.02 0.02
