0 0.39 0.3475 0.0175 0.02
0 0.24625 0.44 0.0175 0.0175
0 0.16875 0.34375 0.0175 0.0225
0 0.32625 0.19625 0.0175 0.015
0 0.345 0.22 0.015 0.0175
0 0.3575 0.2075 0.015 0.0125
0 0.44375 0.1925 0.0175 0.0175
0 0.20625 0.485 0.0225 0.0225
0 0.43375 0.3225 0.0225 0.0225
0 0.3875 0.2125 0.02 0.02
0 0.4725 0.21125 0.02 0.02
0 0.48813 0.2258 0.01843 0.01805
0 0.22823 0.39987 0.01715 0.0158
0 0.24235 0.34162 0.0186 0.0172
0 0.285 0.40237 0.0182 0.01905
0 0.31563 0.31317 0.01698 0.0228
0 0.2278 0.40887 0.01762 0.01617
0 0.3232 0.2591 0.0196 0.01997
0 0.26372 0.35823 0.01717 0.01928
0 0.38155 0.31365 0.01847 0.02015
0 0.6425 0.0525 0.02 0.02
0 0.69375 0.035 0.0175 0.0175
0 0.55247 0.0832 0.01567 0.0164
0 0.58137 0.08478 0.0181 0.01597
0 0.4671 0.78728 0.01933 0.0241
0 0.415 0.605 0.0175 0.02
0 0.40375 0.6525 0.0125 0.015
0 0.09625 0.5725 0.02 0.0225
0 0.3475 0.68875 0.0225 0.0225
0 0.42 0.62625 0.02 0.02
0 0.37625 0.6525 0.0175 0.0225
0 0.07625 0.5825 0.0225 0.0225
0 0.4025 0.7475 0.0225 0.0225
0 0.3325 0.6025 0.0225 0.0225
0 0.03712 0.5792 0.0153 0.01553
0 0.04015 0.5988 0.01968 0.01845
0 0.10437 0.54605 0.01767 0.0189
0 0.1438 0.52455 0.01795 0.01675
0 0.1694 0.52808 0.01558 0.01507
0 0.12895 0.5641 0.01503 0.01392
0 0.02243 0.64802 0.0127 0.01748
0 0.1321 0.63185 0.01957 0.0155
0 0.2738 0.52743 0.0137 0.01735
0 0.49198 0.76522 0.01607 0.01975
0 0.45763 0.6447 0.01522 0.0162
0 0.01763 0.63703 0.0174 0.01333
0 0.865 0.73012 0.0225 0.02027
0 0.89375 0.7175 0.025 0.0225
0 0.91875 0.61625 0.015 0.0175
0 0.95 0.72625 0.0225 0.02
0 0.52375 0.81375 0.02 0.02
0 0.89 0.94375 0.0225 0.0225
0 0.5076 0.67885 0.01518 0.01907
0 0.91947 0.78587 0.0211 0.0182
