0 0.85125 0.1425 0.0225 0.02
0 0.9525 0.31 0.0225 0.0175
0 0.1025 0.0475 0.0225 0.0175
0 0.0575 0.13125 0.0225 0.015
0 0.27 0.34875 0.0275 0.02
0 0.28 0.37375 0.02 0.0175
0 0.14875 0.47625 0.0275 0.0225
0 0.44875 0.465 0.025 0.0225
0 0.38625 0.155 0.0225 0.0225
0 0.52625 0.14375 0.0225 0.0225
0 0.12625 0.10875 0.0225 0.02
0 0.56625 0.1125 0.0225 0.02
0 0.21415 0.27243 0.03578 0.02235
0 0.55875 0.125 0.0225 0.0225
0 0.06713 0.11513 0.02417 0.02643
0 0.35145 0.4237 0.0319 0.02485
0 0.19758 0.33225 0.02415 0.02165
0 0.04125 0.64375 0.0175 0.0225
0 0.09 0.59 0.02 0.0175
0 0.26375 0.58375 0.025 0.02
0 0.25875 0.77625 0.0225 0.02
0 0.21875 0.76125 0.0175 0.02
0 0.43125 0.665 0.02 0.0225
0 0.74625 0.90375 0.02 0.02
0 0.77625 0.84125 0.0225 0.02
0 0.31125 0.7275 0.0225 0.0175
0 0.7875 0.9275 0.02 0.0175
0 0.35625 0.645 0.02 0.02
0 0.51125 0.80625 0.0225 0.0225
0 0.37625 0.5875 0.0275 0.0275
0 0.26625 0.7125 0.0225 0.0225
0 0.2825 0.8475 0.03 0.03
0 0.4175 0.64375 0.0225 0.0225
0 0.13125 0.59625 0.0225 0.02
0 0.415 0.565 0.0225 0.0225
0 0.05125 0.51875 0.025 0.0225
0 0.11125 0.71625 0.02 0.02
0 0.22125 0.72875 0.0225 0.0225
0 0.32625 0.5475 0.02 0.02
0 0.47875 0.80875 0.0225 0.0225
0 0.57 0.7325 0.0225 0.0225
0 0.4875 0.54625 0.025 0.025
0 0.31 0.59125 0.02 0.02
0 0.32875 0.61375 0.02 0.02
0 0.11875 0.51875 0.0275 0.0275
0 0.335 0.5725 0.0225 0.0225
0 0.6643 0.90102 0.02632 0.03732
0 0.45222 0.94873 0.02567 0.0202
0 0.0745 0.54372 0.02082 0.02187
0 0.24715 0.74558 0.01972 0.02283
0 0.7656 0.9488 0.0209 0.02332
0 0.21163 0.571 0.0223 0.02335
0 0.09928 0.61607 0.0198 0.01773
0 0.31248 0.55955 0.0182 0.02285
0 0.7442 0.94255 0.02595 0.0234
0 0.4843 0.7164 0.01923 0.01865
0 0.4664 0.73542 0.0164 0.01923
