0 0.43625 0.5725 0.0175 0.0175
0 0.1925 0.50875 0.0225 0.02
0 0.285 0.29875 0.02 0.0175
0 0.17875 0.3425 0.0225 0.02
0 0.11 0.36 0.02 0.02
0 0.46625 0.43875 0.02 0.0175
0 0.12875 0.3775 0.02 0.0175
0 0.0525 0.33375 0.0225 0.0175
0 0.13375 0.16625 0.02 0.0175
0 0.36375 0.66625 0.0275 0.02
0 0.23375 0.28125 0.02 0.0175
0 0.3475 0.46875 0.0225 0.02
0 0.33625 0.14875 0.0175 0.0175
0 0.38375 0.15 0.02 0.02
0 0.42125 0.17375 0.02 0.0175
0 0.3975 0.22875 0.02 0.0175
0 0.37 0.48375 0.02 0.0175
0 0.49125 0.5775 0.0175 0.0175
0 0.22875 0.8325 0.025 0.02
0 0.4275 0.625 0.0225 0.025
0 0.195 0.49125 0.025 0.015
0 0.15125 0.49 0.02 0.0175
0 0.21875 0.5525 0.02 0.02
0 0.255 0.54 0.015 0.02
0 0.22375 0.3175 0.02 0.02
0 0.35875 0.8625 0.0325 0.0325
0 0.10875 0.415 0.02 0.02
0 0.095 0.1075 0.0225 0.0225
0 0.3 0.7625 0.0225 0.0225
0 0.3175 0.78625 0.0225 0.0225
0 0.19875 0.365 0.0225 0.0225
0 0.2025 0.31125 0.02 0.02
0 0.35625 0.635 0.0225 0.0225
0 0.32 0.6275 0.0225 0.0225
0 0.325 0.6475 0.0225 0.0225
0 0.4625 0.51375 0.02 0.02
0 0.42875 0.5325 0.0225 0.0225
0 0.44 0.395 0.02 0.02
0 0.47125 0.635 0.02 0.02
0 0.045 0.37375 0.02 0.02
0 0.13125 0.46 0.025 0.025
0 0.41875 0.49875 0.02 0.02
0 0.23375 0.25875 0.0225 0.0225
0 0.14375 0.24625 0.02 0.02
0 0.215 0.0975 0.02 0.02
0 0.172 0.29875 0.02 0.02
0 0.3375 0.3225 0.0225 0.0225
0 0.38625 0.1925 0.02 0.02
0 0.1425 0.42375 0.0225 0.0225
0 0.36147 0.3599 0.01988 0.02132
0 0.38813 0.3614 0.02135 0.01982
0 0.3622 0.6977 0.02132 0.02125
0 0.36405 0.19805 0.02355 0.0206
0 0.32332 0.17028 0.03542 0.02283
0 0.31368 0.2088 0.02357 0.02283
0 0.31552 0.19103 0.02135 0.01837
0 0.28442 0.51623 0.03025 0.0243
0 0.30702 0.50143 0.02357 0.03172
0 0.47123 0.26817 0.02205 0.02127
0 0.45472 0.28513 0.0158 0.0177
0 0.14183 0.08563 0.02215 0.03118
0 0.3757 0.43377 0.02208 0.03107
0 0.8125 0.07875 0.025 0.0225
0 0.64875 0.3175 0.025 0.015
0 0.55875 0.27375 0.02 0.02
0 0.5175 0.3175 0.0225 0.0175
0 0.51375 0.54875 0.0225 0.0225
0 0.6025 0.5475 0.0225 0.0175
0 0.5175 0.60625 0.0225 0.0225
0 0.5575 0.63125 0.0225 0.015
0 0.56125 0.45875 0.0175 0.02
0 0.77 0.84875 0.0275 0.02
0 0.78 0.87375 0.02 0.0175
0 0.64875 0.97625 0.0275 0.0225
0 0.94875 0.965 0.025 0.0225
0 0.88625 0.655 0.0225 0.0225
0 0.7375 0.46375 0.0175 0.0175
0 0.795 0.42625 0.0175 0.0175
0 0.82125 0.41375 0.015 0.015
0 0.81875 0.3275 0.0225 0.0175
0 0.93375 0.39125 0.02 0.0175
0 0.91625 0.23625 0.0225 0.02
0 0.9175 0.075 0.02 0.0175
0 0.7175 0.31625 0.0225 0.015
0 0.93375 0.04875 0.025 0.0225
0 0.72 0.10625 0.0275 0.0275
0 0.61125 0.31 0.0225 0.0225
0 0.78875 0.45625 0.0225 0.0225
0 0.62625 0.60875 0.0225 0.02
0 0.95375 0.355 0.0225 0.0225
0 0.7 0.09 0.0275 0.0275
0 0.75625 0.0475 0.0225 0.0225
0 0.71415 0.77243 0.03578 0.02235
0 0.845 0.28375 0.02 0.02
0 0.715 0.4425 0.0225 0.02
0 0.56713 0.61513 0.02417 0.02643
0 0.76825 0.1093 0.02803 0.02885
0 0.85145 0.9237 0.0319 0.02485
0 0.69758 0.83225 0.02415 0.02165
0 0.73273 0.2206 0.02413 0.02335
0 0.75225 0.23935 0.01963 0.02822
