0 0.4375 0.26 0.025 0.025
0 0.38915 0.36142 0.02082 0.02075
0 0.3108 0.23558 0.01827 0.01885
0 0.29875 0.10625 0.02 0.0175
0 0.2625 0.07875 0.025 0.02
0 0.2025 0.03875 0.02 0.0175
0 0.35 0.3775 0.0225 0.0175
0 0.56775 0.43475 0.02053 0.0205
0 0.35125 0.17875 0.02 0.0175
0 0.385 0.1375 0.02 0.0225
0 0.39345 0.266 0.02135 0.01947
0 0.42875 0.45375 0.0225 0.02
0 0.4063 0.30275 0.01862 0.01777
0 0.57722 0.30287 0.01945 0.01827
0 0.46375 0.25125 0.025 0.0225
0 0.58625 0.23375 0.02 0.0175
0 0.60625 0.22875 0.0175 0.0225
0 0.41625 0.33125 0.02 0.0175
0 0.44 0.105 0.0225 0.0175
0 0.37542 0.16323 0.01915 0.01857
0 0.43625 0.36625 0.02 0.0225
0 0.44667 0.0442 0.02335 0.02163
0 0.4693 0.1493 0.0175 0.02
0 0.4078 0.17735 0.02225 0.01887
0 0.0125 0.425 0.02 0.0225
0 0.62 0.49125 0.0225 0.0175
0 0.39 0.05875 0.0175 0.0175
0 0.61205 0.3882 0.0175 0.02
0 0.59493 0.2888 0.0225 0.0225
0 0.06125 0.3725 0.02 0.02
0 0.50375 0.12625 0.0225 0.0225
0 0.80375 0.17375 0.02 0.02
0 0.62 0.49125 0.0225 0.0175
0 0.29618 0.26948 0.01752 0.02
0 0.64348 0.47085 0.02445 0.02445
0 0.62625 0.235 0.02 0.02
0 0.0275 0.29375 0.0225 0.0225
0 0.35608 0.1524 0.02107 0.02445
0 0.16403 0.41552 0.0209 0.0239
0 0.4628 0.35022 0.01488 0.0165
0 0.46445 0.32153 0.0164 0.01808
0 0.50392 0.33358 0.02033 0.01715
0 0.52345 0.3704 0.02187 0.01758
0 0.5325 0.44535 0.015 0.01928
0 0.55183 0.45155 0.01955 0.01833
0 0.56237 0.4897 0.02475 0.01868
0 0.5668 0.4122 0.0193 0.0208
0 0.60095 0.4141 0.02332 0.01748
0 0.5888 0.38097 0.02045 0.02087
0 0.6369 0.31445 0.02382 0.01818
0 0.62075 0.49198 0.02362 0.01607
0 0.0496 0.19373 0.01707 0.01603
0 0.06425 0.18475 0.01438 0.0177
0 0.07515 0.16895 0.01638 0.02003
0 0.06515 0.2522 0.01957 0.02223
0 0.4031 0.34972 0.01702 0.0209
0 0.42592 0.21725 0.01792 0.01843
0 0.2673 0.1894 0.01675 0.01808
0 0.26788 0.26243 0.01968 0.01767
0 0.28602 0.2867 0.01488 0.01947
0 0.2658 0.44993 0.0209 0.02485
0 0.40475 0.25015 0.02022 0.01815
0 0.47443 0.09935 0.0203 0.02193
0 0.28347 0.0802 0.01878 0.02172
0 0.40732 0.02608 0.01823 0.01643
0 0.43002 0.031 0.01675 0.01738
0 0.50787 0.09327 0.0193 0.02227
0 0.2762 0.0201 0.01667 0.0188
0 0.42138 0.43058 0.01775 0.0165
0 0.5775 0.96125 0.0225 0.0225
0 0.5625 0.79875 0.0175 0.02
0 0.5425 0.81625 0.0175 0.0175
0 0.615 0.805 0.025 0.02
0 0.705 0.6425 0.025 0.025
0 0.62222 0.60463 0.0225 0.02
0 0.64375 0.625 0.025 0.02
0 0.19375 0.83875 0.03 0.025
0 0.4775 0.77625 0.0225 0.0275
0 0.65875 0.67875 0.0175 0.0225
0 0.68375 0.71375 0.0225 0.0225
0 0.7425 0.55625 0.025 0.025
0 0.565 0.905 0.0175 0.0175
0 0.5475 0.84375 0.0175 0.0175
0 0.58375 0.8225 0.0175 0.0175
0 0.73875 0.64875 0.0225 0.02
0 0.78375 0.62375 0.015 0.015
0 0.7775 0.64 0.0225 0.015
0 0.16625 0.5875 0.0175 0.02
0 0.1375 0.5825 0.02 0.025
0 0.74875 0.62375 0.015 0.0225
0 0.765 0.61125 0.02 0.025
0 0.78892 0.57733 0.02535 0.02038
0 0.185 0.57 0.02 0.015
0 0.515 0.8625 0.02 0.0225
0 0.53375 0.6525 0.02 0.02
0 0.845 0.8275 0.0225 0.0225
0 0.55 0.5925 0.02 0.02
0 0.785 0.8725 0.02 0.02
0 0.9425 0.81375 0.0225 0.0225
0 0.725 0.69 0.02 0.02
0 0.5975 0.5335 0.02 0.02
0 0.35775 0.6225 0.02 0.02
0 0.73875 0.7425 0.02 0.02
0 0.80875 0.8675 0.02 0.02
0 0.705 0.67875 0.0225 0.0225
0 0.63125 0.9325 0.02 0.02
0 0.6675 0.95375 0.02 0.02
0 0.5642 0.57755 0.01947 0.0194
0 0.39167 0.52025 0.02263 0.0173
0 0.50938 0.54415 0.02235 0.02402
0 0.4739 0.51702 0.01745 0.018
0 0.7485 0.5421 0.01843 0.01992
0 0.0953 0.65082 0.02095 0.0213
0 0.54925 0.66343 0.01992 0.01777
0 0.68907 0.92047 0.021 0.0231
0 0.91075 0.85187 0.01972 0.01802
0 0.16288 0.61922 0.0204 0.0188
0 0.59235 0.51685 0.01685 0.01762
0 0.5485 0.51512 0.022 0.02312
0 0.71127 0.78763 0.01897 0.02167
0 0.76185 0.87438 0.02013 0.02018
0 0.69303 0.61757 0.02 0.0155
