0 0.24375 0.03625 0.0175 0.0175
0 0.87 0.09375 0.02 0.0225
0 0.335 0.19375 0.0175 0.0175
0 0.04125 0.3325 0.025 0.025
0 0.0625 0.14625 0.02 0.02
0 0.06375 0.04125 0.0175 0.0225
0 0.715 0.265 0.02 0.0175
0 0.74375 0.22125 0.0175 0.02
0 0.3725 0.21375 0.02 0.02
0 0.275 0.47125 0.0225 0.0225
0 0.1975 0.0625 0.02 0.02
0 0.37125 0.1025 0.02 0.02
0 0.765 0.30625 0.02 0.02
0 0.3425 0.125 0.02 0.02
0 0.76625 0.2875 0.0175 0.0175
0 0.36625 0.95125 0.015 0.0175
0 0.6175 0.9575 0.025 0.0175
0 0.08625 0.91125 0.0225 0.02
0 0.31125 0.9675 0.02 0.0175
0 0.40875 0.90625 0.02 0.0225
0 0.25 0.81875 0.0225 0.02
0 0.0975 0.8525 0.0175 0.0175
0 0.55 0.8775 0.0175 0.0225
0 0.87125 0.94625 0.015 0.02
0 0.9875 0.9425 0.0225 0.02
0 0.95625 0.95 0.0175 0.02
0 0.35625 0.8925 0.0225 0.02
0 0.6675 0.8225 0.02 0.0175
0 0.0775 0.63125 0.0225 0.02
0 0.28597 0.6875 0.01843 0.0215
0 0.68815 0.53313 0.01843 0.01972
0 0.8557 0.94365 0.01403 0.01972
0 0.18442 0.6886 0.02413 0.02018
