0 0.6875 0.34625 0.03 0.0275
0 0.66 0.31625 0.03 0.0225
0 0.6575 0.29125 0.0275 0.02
0 0.8675 0.34875 0.035 0.0225
0 0.9425 0.3075 0.03 0.025
0 0.74375 0.27 0.025 0.0225
0 0.67375 0.18875 0.025 0.025
0 0.66875 0.0975 0.025 0.0225
0 0.1975 0.035 0.025 0.02
0 0.07875 0.37875 0.0275 0.0275
0 0.66 0.27125 0.025 0.02
0 0.94875 0.415 0.02 0.02
0 0.955 0.3875 0.02 0.02
0 0.9125 0.36375 0.02 0.0175
0 0.97375 0.265 0.02 0.02
0 0.17388 0.16863 0.0175 0.0175
0 0.9275 0.86875 0.03 0.0175
0 0.8475 0.6075 0.02 0.0275
0 0.80375 0.855 0.0225 0.0225
0 0.91375 0.57125 0.0175 0.0225
