0 0.188375 0.8849250000000001 0.02175 0.024874999999999998
0 0.07625 0.91125 0.0225 0.0175
0 0.8925 0.805 0.02 0.0225
0 0.48125 0.04875 0.0175 0.0225
0 0.6425 0.2125 0.0175 0.02
0 0.71625 0.7725 0.02 0.02
0 0.7425 0.855 0.0225 0.02
0 0.75625 0.27625 0.0275 0.025
0 0.685 0.23375 0.02 0.0225
0 0.9625 0.7025 0.0225 0.02
0 0.58 0.74875 0.025 0.025
0 0.43625 0.355 0.0275 0.025
0 0.405 0.0525 0.0225 0.02
0 0.77875 0.055 0.025 0.0225
0 0.3525 0.7525 0.02 0.0175
0 0.765 0.8125 0.02 0.02
0 0.90625 0.12125 0.0275 0.0275
0 0.1825 0.03625 0.02 0.02
0 0.10625 0.96125 0.02 0.02
0 0.71125 0.44 0.0225 0.0225
0 0.77875 0.7575 0.02 0.02
0 0.52 0.83625 0.0225 0.0225
0 0.5925 0.0125 0.0225 0.0225