0 0.26795 0.73365 0.02232 0.01802
0 0.29285 0.65535 0.02215 0.02142
0 0.35135 0.755 0.02482 0.0225
0 0.4517 0.71035 0.0241 0.02465
0 0.47823 0.7275 0.02142 0.0225
0 0.18875 0.67 0.0225 0.0275
0 0.21857 0.65823 0.02215 0.02393
0 0.20125 0.72125 0.02 0.0225
0 0.29 0.8125 0.02 0.0225
0 0.325 0.8525 0.02 0.02
0 0.12 0.65125 0.0225 0.03
0 0.27 0.4925 0.025 0.0225
0 0.2975 0.49 0.0225 0.02
0 0.21875 0.49125 0.02 0.0225
0 0.18375 0.73875 0.01823 0.02393
0 0.30448 0.7375 0.02142 0.01965
0 0.08785 0.77715 0.02465 0.02142
0 0.3266 0.45795 0.02142 0.02303
0 0.4833 0.8608 0.02303 0.02053
0 0.14545 0.67937 0.0241 0.02125
0 0.19125 0.5 0.025 0.025
0 0.42125 0.78625 0.0225 0.0225
0 0.365 0.5225 0.0225 0.0225
0 0.3475 0.8883 0.02215 0.01947
0 0.03035 0.95045 0.025 0.01875
0 0.56625 0.83125 0.02322 0.02393
0 0.57885 0.90295 0.02232 0.02053
