0 0.10125 0.545 0.025 0.0225
0 0.24625 0.40375 0.02 0.02
0 0.27625 0.34125 0.0225 0.02
0 0.22375 0.64625 0.0225 0.0225
0 0.285 0.69125 0.02 0.0225
0 0.37875 0.8075 0.0225 0.0225
0 0.37375 0.84875 0.0225 0.02
0 0.40875 0.8225 0.02 0.02
0 0.32125 0.81 0.0175 0.0175
0 0.365 0.675 0.0225 0.02
0 0.2875 0.4275 0.02 0.0175
0 0.34875 0.82375 0.025 0.0175
0 0.395 0.845 0.0175 0.015
0 0.4075 0.86125 0.015 0.02
0 0.23625 0.545 0.02 0.02
0 0.1375 0.92125 0.02 0.02
0 0.0275 0.65875 0.02 0.02
0 0.45125 0.86625 0.02 0.02
0 0.0375 0.54 0.0225 0.0225
0 0.32875 0.76 0.0225 0.02
0 0.35125 0.64375 0.02 0.02
0 0.0675 0.6825 0.0225 0.0225
0 0.07 0.2325 0.0225 0.0225
0 0.38875 0.87875 0.02 0.02
0 0.215 0.57125 0.02 0.02
0 0.05375 0.55875 0.0175 0.0175
0 0.10625 0.59375 0.0225 0.0225
0 0.28875 0.6525 0.0225 0.0225
0 0.22 0.5275 0.02 0.0225
0 0.17875 0.5675 0.0225 0.0225
0 0.285 0.6225 0.02 0.02
0 0.3225 0.8575 0.02 0.0175
0 0.1643 0.40102 0.02632 0.03732
0 0.04478 0.73388 0.02013 0.02175
0 0.12602 0.8686 0.02322 0.02715
0 0.08305 0.86782 0.01855 0.02248
0 0.09908 0.86 0.01777 0.0256
0 0.04165 0.61865 0.01857 0.02415
0 0.15103 0.51515 0.01702 0.0218
0 0.1651 0.5007 0.01857 0.02882
0 0.2432 0.66627 0.01855 0.02562
0 0.37482 0.76353 0.02865 0.0248
0 0.07293 0.51945 0.02955 0.02413
0 0.38067 0.65805 0.02788 0.01855
0 0.2343 0.71135 0.01957 0.02587
0 0.17953 0.48193 0.02445 0.0228
0 0.2656 0.4488 0.0209 0.02332
0 0.28405 0.55625 0.01982 0.0226
0 0.25643 0.52987 0.02595 0.0182
0 0.2442 0.44255 0.02595 0.0234
0 0.13025 0.54425 0.02685 0.02947
0 0.36793 0.70232 0.03293 0.02045
0 0.3573 0.72015 0.02295 0.01985
0 0.35105 0.73577 0.0242 0.01735
0 0.78875 0.2775 0.025 0.02
0 0.69 0.19125 0.0175 0.0175
0 0.64625 0.23375 0.0225 0.02
0 0.67875 0.40125 0.0225 0.0175
0 0.85375 0.75375 0.0175 0.02
0 0.70375 0.2625 0.0225 0.0225
0 0.94875 0.86375 0.02 0.0175
0 0.87 0.695 0.0175 0.0175
0 0.89375 0.65375 0.02 0.02
0 0.76375 0.20625 0.02 0.02
0 0.92625 0.15875 0.02 0.02
0 0.8125 0.3775 0.02 0.0175
0 0.9225 0.0375 0.02 0.0175
0 0.6925 0.56625 0.0225 0.0225
0 0.87125 0.20125 0.0175 0.0175
0 0.72625 0.305 0.02 0.02
0 0.6819 0.4325 0.02 0.0175
0 0.8975 0.6725 0.0175 0.0175
0 0.93648 0.00892 0.0199 0.01783
0 0.68808 0.23942 0.02672 0.0198
0 0.82822 0.77207 0.0242 0.01855
0 0.8703 0.02235 0.0224 0.0205
0 0.85063 0.35483 0.0294 0.02197
0 0.86182 0.15868 0.01607 0.01418
0 0.88388 0.11313 0.0213 0.017
0 0.76913 0.96257 0.02345 0.0239
0 0.878 0.72625 0.02123 0.02178
0 0.9357 0.7845 0.0163 0.01572
0 0.9189 0.30677 0.0275 0.0217
0 0.68645 0.45752 0.01918 0.0191
0 0.7046 0.2951 0.0161 0.017
0 0.63812 0.42627 0.0275 0.02217
0 0.78695 0.8409 0.0255 0.01335
