0 0.6575 0.41375 0.025 0.025
0 0.66875 0.215 0.0225 0.02
0 0.50625 0.3025 0.025 0.0225
0 0.53375 0.1475 0.0225 0.025
0 0.5675 0.08375 0.0275 0.025
0 0.5693 0.846875 0.0225 0.020575
0 0.56625 0.26875 0.02 0.025
0 0.635 0.28125 0.0225 0.0225
0 0.67125 0.58625 0.0175 0.0175
0 0.79375 0.9575 0.0175 0.0175
0 0.65125 0.715 0.0225 0.02
0 0.72375 0.9671 0.0175 0.0175
0 0.25625 0.56875 0.0225 0.0225
0 0.82 0.035 0.0175 0.0175
0 0.6725 0.54 0.02 0.02
0 0.475 0.17875 0.0225 0.0225
0 0.61875 0.79 0.02 0.02
0 0.545 0.0775 0.02 0.02
0 0.38625 0.6508499999999999 0.02 0.02
0 0.67125 0.0325 0.02 0.02
0 0.671925 0.797025 0.017075 0.017275
0 0.47267499999999996 0.1325 0.014975 0.023925000000000002
0 0.658025 0.14035 0.017849999999999998 0.018175
0 0.48972499999999997 0.148525 0.01695 0.017225
0 0.5325500000000001 0.23102499999999998 0.0169 0.017425
0 0.52625 0.4777 0.016774999999999998 0.01615
0 0.5303 0.43625 0.017725 0.0189
0 0.53045 0.07395 0.016274999999999998 0.01575