0 0.4 0.19125 0.02 0.0175
0 0.4025 0.2375 0.0225 0.0275
0 0.41625 0.28875 0.02 0.0225
0 0.085 0.44375 0.0225 0.02
0 0.16875 0.45625 0.0225 0.025
0 0.30945 0.32562 0.0242 0.02602
0 0.48135 0.5918 0.0203 0.02053
0 0.10597 0.5021 0.0214 0.02365
0 0.44203 0.328 0.02158 0.0236
0 0.0642 0.33472 0.01947 0.023
0 0.71288 0.55547 0.02645 0.02252
0 0.69875 0.66 0.02 0.02
0 0.72017 0.7044 0.02465 0.02127
0 0.65243 0.347 0.02393 0.021
0 0.87935 0.37167 0.02425 0.02193
0 0.82465 0.41347 0.0243 0.02442
0 0.84 0.455 0.02 0.0175
0 0.67563 0.5317 0.02067 0.02092
0 0.6775 0.55625 0.0225 0.015
0 0.75875 0.67375 0.025 0.0225
0 0.70375 0.60125 0.02 0.02
0 0.8325 0.515 0.0225 0.0225
0 0.64083 0.6225 0.025 0.025
0 0.76125 0.34 0.02 0.02
0 0.80625 0.555 0.0225 0.0225
0 0.79875 0.6625 0.0225 0.0225
0 0.81343 0.38038 0.01972 0.0179
0 0.71285 0.7691 0.0221 0.01857
0 0.57487 0.23515 0.0158 0.01675
0 0.6205 0.21145 0.01957 0.0211
0 0.80817 0.42673 0.02172 0.01953
0 0.79475 0.7012 0.01985 0.02027
0 0.73645 0.52572 0.0229 0.0193
0 0.77153 0.5846 0.02875 0.02278
