0 0.19625 0.2725 0.02 0.0225
0 0.25125 0.24875 0.0225 0.02
0 0.275 0.36125 0.0225 0.0225
0 0.21 0.3375 0.025 0.025
0 0.4175 0.825 0.02 0.015
0 0.36 0.78875 0.025 0.0175
0 0.38905 0.77387 0.0206 0.02183
0 0.16625 0.74 0.02 0.015
0 0.22875 0.67375 0.02 0.0175
0 0.14138 0.16038 0.02725 0.01825
0 0.11 0.19 0.0225 0.0175
0 0.275 0.17875 0.0175 0.015
0 0.0675 0.24875 0.015 0.02
0 0.05125 0.225 0.0175 0.0175
0 0.05125 0.1725 0.015 0.015
0 0.335 0.3725 0.0175 0.02
0 0.26472 0.27522 0.02447 0.02045
0 0.2425 0.145 0.02 0.0175
0 0.38875 0.425 0.015 0.0225
0 0.3658 0.40903 0.0159 0.02055
0 0.46 0.3475 0.0175 0.0175
0 0.46625 0.43625 0.015 0.02
0 0.44625 0.4225 0.015 0.025
0 0.47165 0.0702 0.02578 0.0229
0 0.2403 0.62533 0.02193 0.01685
0 0.255 0.64625 0.02 0.015
0 0.2425 0.3325 0.02 0.0175
0 0.2675 0.33375 0.0225 0.02
0 0.43875 0.465 0.02 0.0175
0 0.43625 0.485 0.015 0.0175
0 0.38875 0.39875 0.0225 0.0175
0 0.35375 0.38375 0.0175 0.02
0 0.17125 0.66875 0.0175 0.015
0 0.3725 0.3225 0.0225 0.02
0 0.4225 0.345 0.02 0.02
0 0.3425 0.4125 0.0175 0.0225
0 0.19 0.18125 0.02 0.02
0 0.2475 0.89125 0.0175 0.02
0 0.245 0.7425 0.02 0.0225
0 0.31375 0.6075 0.0275 0.02
0 0.32125 0.22625 0.0225 0.0275
0 0.30375 0.21 0.02 0.02
0 0.06858 0.22922 0.02095 0.01655
0 0.69875 0.605 0.025 0.0225
0 0.65875 0.5 0.025 0.02
0 0.63625 0.5025 0.0175 0.015
0 0.57125 0.4725 0.0225 0.025
0 0.55375 0.43375 0.02 0.0225
0 0.68125 0.7475 0.03 0.02
0 0.81 0.66375 0.0225 0.0175
0 0.73 0.715 0.0225 0.0225
0 0.69125 0.6575 0.025 0.0275
0 0.5375 0.46375 0.02 0.0275
0 0.53625 0.34625 0.0175 0.015
0 0.95125 0.26 0.03 0.02
0 0.63375 0.54375 0.025 0.02
0 0.61875 0.375 0.0225 0.0175
0 0.82625 0.13125 0.0225 0.0225
0 0.7375 0.61875 0.02 0.02
0 0.71875 0.57875 0.0225 0.0225
0 0.70625 0.54125 0.0175 0.0175
0 0.625 0.4375 0.0175 0.02
0 0.65875 0.57375 0.02 0.02
0 0.635 0.57375 0.0225 0.025
0 0.85 0.17 0.025 0.0175
0 0.8475 0.1475 0.0175 0.02
0 0.87625 0.48375 0.0175 0.0175
0 0.9675 0.51 0.0225 0.025
0 0.51125 0.45875 0.0225 0.0275
0 0.60875 0.335 0.025 0.0225
0 0.805 0.3675 0.0225 0.0225
0 0.63137 0.62875 0.02 0.02
