0 0.585 0.84875 0.025 0.0275
0 0.56 0.84625 0.02 0.0225
0 0.07125 0.55 0.02 0.0225
0 0.05375 0.5625 0.0225 0.03
0 0.0375 0.44 0.02 0.0275
0 0.39875 0.2925 0.03 0.0275
0 0.4375 0.2625 0.025 0.02
0 0.3225 0.265 0.02 0.0225
0 0.67625 0.54125 0.0225 0.0275
0 0.77375 0.89125 0.02 0.0175
0 0.67875 0.9875 0.0175 0.0225
0 0.85875 0.96375 0.0125 0.0175
0 0.01 0.51 0.02 0.0175
0 0.245 0.31 0.0175 0.0175
0 0.19875 0.13 0.0175 0.02
0 0.62375 0.56875 0.0175 0.0225
0 0.8725 0.9725 0.015 0.0225
0 0.335 0.35875 0.02 0.02
0 0.74 0.455 0.02 0.02
0 0.2825 0.150425 0.02 0.02
0 0.2825 0.34125 0.02 0.02
0 0.4025 0.80125 0.0175 0.0175
0 0.71875 0.055 0.02 0.02