0 0.42625 0.355 0.0225 0.03
0 0.4575 0.34625 0.02 0.02
0 0.65 0.06125 0.0275 0.0275
0 0.355 0.205 0.0225 0.015
0 0.34625 0.27625 0.0225 0.0175
0 0.36 0.24875 0.0175 0.015
0 0.37375 0.2025 0.0175 0.0225
0 0.1225 0.25625 0.02 0.0175
0 0.1 0.31625 0.0175 0.0175
0 0.17125 0.5775 0.0275 0.0225
0 0.3075 0.715 0.03 0.025
0 0.3075 0.82875 0.02 0.0175
0 0.155 0.86625 0.0225 0.0175
0 0.105 0.88125 0.0275 0.02
0 0.09125 0.925 0.0275 0.02
0 0.4925 0.92 0.0225 0.0225
0 0.8025 0.80625 0.02 0.0175
0 0.8925 0.94875 0.0175 0.02
0 0.91875 0.9175 0.0175 0.015
0 0.95375 0.96125 0.02 0.0175
0 0.64125 0.645 0.02 0.0175
0 0.555 0.50125 0.02 0.025
0 0.9025 0.45875 0.02 0.02
0 0.9625 0.36125 0.02 0.0225
0 0.57 0.30625 0.0225 0.0225
0 0.54 0.30375 0.015 0.015
0 0.52125 0.295 0.0175 0.0175
0 0.5025 0.32375 0.0225 0.02
0 0.52625 0.12125 0.03 0.025
0 0.5 0.6475 0.0225 0.02
0 0.53125 0.6175 0.0175 0.0175
0 0.28 0.84875 0.0225 0.025
0 0.08125 0.78875 0.025 0.0225
0 0.0775 0.815 0.0225 0.0225
0 0.4075 0.425 0.02 0.0225
0 0.4275 0.41125 0.02 0.025
0 0.49 0.43875 0.025 0.0225
0 0.65375 0.3175 0.02 0.0225
0 0.78375 0.42625 0.0175 0.0225
0 0.85625 0.49375 0.0225 0.0225
0 0.92375 0.33875 0.025 0.03
0 0.83 0.71 0.02 0.0225
0 0.9325 0.825 0.02 0.02
0 0.8825 0.875 0.0225 0.0275
0 0.78625 0.83125 0.02 0.015
0 0.7825 0.69875 0.015 0.0175
0 0.22625 0.22125 0.02 0.0175
0 0.2625 0.20625 0.0225 0.0275
0 0.2275 0.45375 0.02 0.0175
0 0.40625 0.66125 0.0275 0.0225
0 0.35625 0.72625 0.02 0.0175
0 0.305 0.80125 0.025 0.0175
0 0.25875 0.525 0.015 0.02
0 0.275 0.525 0.0175 0.0175
0 0.3425 0.08375 0.0175 0.02
0 0.51 0.9325 0.02 0.0175
0 0.34875 0.515 0.0225 0.0225
0 0.8225 0.34625 0.025 0.0275
0 0.8025 0.67 0.02 0.0175
0 0.1325 0.05875 0.02 0.02
0 0.71875 0.065 0.02 0.0225
0 0.49875 0.88375 0.0275 0.0225
0 0.9875 0.7175 0.025 0.025
0 0.9875 0.82625 0.025 0.025
0 0.97625 0.96625 0.0225 0.0225
0 0.3875 0.27625 0.0275 0.02
0 0.9225 0.1775 0.02 0.0175
0 0.0875 0.99 0.025 0.02
0 0.13375 0.9 0.0225 0.0175
0 0.3525 0.905 0.0225 0.015
0 0.375 0.90625 0.0175 0.02
0 0.77 0.26625 0.025 0.015
0 0.44625 0.3725 0.02 0.025
0 0.215 0.32875 0.0225 0.0275
0 0.9275 0.98 0.02 0.035
0 0.98875 0.86125 0.0225 0.0225
0 0.71625 0.14 0.015 0.015
0 0.96375 0.92625 0.02 0.02