0 0.88375 0.39125 0.035 0.03
0 0.68125 0.68625 0.0275 0.025
0 0.715 0.8875 0.025 0.02
0 0.9275 0.94625 0.02 0.025
0 0.19625 0.665 0.025 0.02
0 0.2325 0.5425 0.025 0.02
0 0.8275 0.15 0.025 0.0275
0 0.87375 0.61125 0.025 0.0175
0 0.34 0.625 0.0225 0.0225
0 0.4175 0.635 0.025 0.0175
0 0.955 0.85875 0.02 0.025
0 0.905 0.9375 0.0225 0.02
0 0.1275 0.8375 0.0175 0.02
0 0.72625 0.83875 0.02 0.02
0 0.96125 0.5925 0.0275 0.0275
0 0.91875 0.60125 0.0175 0.02
0 0.92 0.625 0.01 0.02
0 0.935 0.63375 0.015 0.0175
0 0.87125 0.66125 0.0275 0.0275
0 0.38375 0.43125 0.0225 0.02
0 0.38 0.4075 0.0175 0.0175
0 0.02375 0.89875 0.025 0.0275
0 0.6925 0.65 0.0175 0.0175
0 0.87375 0.71125 0.0175 0.0225
0 0.925 0.6675 0.0175 0.0175
0 0.27125 0.51125 0.02 0.0225
0 0.88875 0.3425 0.02 0.02
0 0.27625 0.7025 0.0225 0.0225
0 0.425 0.43625 0.0225 0.0225
0 0.82625 0.6725 0.02 0.02
0 0.72625 0.83875 0.02 0.02
0 0.68 0.84125 0.0225 0.02
0 0.6875 0.79875 0.02 0.02
0 0.6975 0.895 0.02 0.02
0 0.70875 0.8875 0.03 0.0225
0 0.65875 0.77375 0.02 0.02