0 0.58 0.05375 0.025 0.0225
0 0.3575 0.49375 0.0175 0.0175
0 0.33 0.04375 0.0225 0.02
0 0.5325 0.1225 0.0225 0.02
0 0.40875 0.43875 0.0225 0.0225
0 0.5325 0.1225 0.0225 0.02
0 0.40875 0.43875 0.0225 0.0225
0 0.35200000000000004 0.55295 0.02185 0.021974999999999998
0 0.501325 0.0977 0.016925 0.018625
0 0.37925 0.01955 0.01565 0.015875
0 0.475625 0.634225 0.022099999999999998 0.022225
0 0.372325 0.510325 0.019625 0.020425
0 0.48950000000000005 0.14965 0.020075 0.020724999999999997
0 0.3125 0.063025 0.021425 0.0171