0 0.03375 0.2725 0.03 0.03
0 0.02375 0.395 0.02 0.025
0 0.03875 0.06125 0.025 0.015
0 0.04125 0.10875 0.0325 0.0275
0 0.0375 0.08125 0.02 0.02
0 0.40625 0.31125 0.0175 0.0175
0 0.48 0.3475 0.02 0.02
0 0.20125 0.23 0.02 0.02
0 0.06125 0.35375 0.025 0.025
0 0.125 0.1575 0.0175 0.0175
0 0.13875 0.1775 0.0175 0.0175
0 0.605 0.02875 0.0225 0.02
0 0.53375 0.275 0.02 0.02
0 0.39375 0.89 0.02 0.0225
0 0.28375 0.9025 0.0175 0.02
0 0.105 0.935 0.0175 0.0175
0 0.225 0.8725 0.0275 0.0225
0 0.205 0.84875 0.025 0.02
0 0.13125 0.89375 0.0225 0.0175
0 0.12375 0.93 0.02 0.02
0 0.6075 0.94625 0.0175 0.0175
0 0.97875 0.62375 0.02 0.0175
0 0.835 0.9275 0.0225 0.02
0 0.65 0.9725 0.0175 0.015
0 0.70125 0.95875 0.015 0.02
0 0.7125 0.675 0.0225 0.0225
