0 0.76677 0.31207 0.02428 0.02278
0 0.3592 0.33305 0.02592 0.0236
0 0.38745 0.32908 0.02183 0.02312
0 0.411 0.32855 0.0233 0.02397
0 0.42763 0.3896 0.0213 0.01847
0 0.42455 0.41743 0.0223 0.0188
0 0.4797 0.46558 0.0201 0.01685
0 0.35745 0.48965 0.01847 0.02035
0 0.69407 0.42205 0.0221 0.0191
0 0.98885 0.04463 0.02057 0.02317
0 0.35333 0.78863 0.02498 0.02287
0 0.33625 0.76375 0.025 0.0225
0 0.42888 0.8618 0.02145 0.0224
0 0.76782 0.72532 0.02167 0.02235
0 0.35715 0.86095 0.02215 0.02493
0 0.4312 0.8409 0.02092 0.02248
0 0.32233 0.68702 0.02287 0.02092
0 0.6665 0.81345 0.0175 0.02
0 0.5875 0.86125 0.025 0.0175
0 0.32125 0.79375 0.025 0.0225
0 0.35 0.5225 0.02 0.02
0 0.85125 0.59 0.02 0.0225
0 0.98875 0.5475 0.02 0.0225
0 0.4175 0.83375 0.02 0.02
0 0.40413 0.85068 0.02255 0.01742
0 0.36625 0.5122 0.01748 0.01727
0 0.54973 0.71543 0.0173 0.01655
0 0.57388 0.69625 0.01738 0.01395
0 0.55532 0.7291 0.0185 0.015
0 0.5777 0.74073 0.01783 0.01717
0 0.60685 0.6872 0.0155 0.01727
0 0.66772 0.8802 0.0176 0.01933
