0 0.79625 0.18875 0.0275 0.0175
0 0.77875 0.30125 0.0175 0.02
0 0.805 0.3175 0.0225 0.0175
0 0.74875 0.41375 0.0225 0.0175
0 0.77625 0.4475 0.0175 0.0225
0 0.775 0.5 0.0175 0.0175
0 0.82375 0.52625 0.02 0.0225
0 0.9325 0.76 0.0225 0.0225
0 0.94875 0.71375 0.0225 0.0175
0 0.95 0.685 0.0225 0.02
0 0.86875 0.4925 0.02 0.0175
0 0.05375 0.81625 0.02 0.02
0 0.5775 0.35625 0.0175 0.02
0 0.32875 0.65875 0.015 0.0225
0 0.87625 0.365 0.0175 0.015
0 0.73375 0.8275 0.0175 0.0175
0 0.6925 0.14375 0.02 0.0175
0 0.8801749999999999 0.17254999999999998 0.024675 0.025099999999999997
0 0.815 0.76125 0.025 0.02
0 0.91375 0.18375 0.025 0.02
0 0.69875 0.93 0.0225 0.02
0 0.6225 0.02625 0.0225 0.0225
0 0.72875 0.115 0.025 0.025
0 0.92 0.275 0.0225 0.0225
0 0.8375 0.29625 0.0225 0.02
0 0.79 0.985 0.0225 0.0225
0 0.62875 0.05125 0.02 0.02
0 0.8556999999999999 0.54 0.02 0.02
0 0.869175 0.319125 0.020874999999999998 0.0225
0 0.96875 0.39945 0.0225 0.02
0 0.07375 0.58625 0.02 0.02
0 0.9725 0.6425 0.0225 0.0225
0 0.903375 0.148375 0.025 0.025
0 0.85625 0.9425 0.02 0.02
0 0.53375 0.95875 0.025 0.025
0 0.685 0.175 0.02 0.02
0 0.79 0.3925 0.0225 0.02
0 0.7725 0.1875 0.02 0.02
0 0.685875 0.08477499999999999 0.020649999999999998 0.025
0 0.8296250000000001 0.314125 0.02445 0.020649999999999998
0 0.835325 0.82255 0.020649999999999998 0.023375
0 0.8570749999999999 0.8176749999999999 0.022825 0.01685
0 0.552725 0.371475 0.022825 0.02445
0 0.5557 0.39130000000000004 0.0212 0.019575