0 0.88125 0.07375 0.02 0.0175
0 0.86875 0.13 0.0175 0.02
0 0.85625 0.19875 0.0175 0.0175
0 0.7325 0.24625 0.02 0.02
0 0.80875 0.26 0.015 0.0125
0 0.74 0.26625 0.0175 0.0175
0 0.81 0.34875 0.025 0.025
0 0.18875 0.38875 0.0225 0.025
0 0.5675 0.49625 0.0225 0.025
0 0.59625 0.505 0.02 0.0175
0 0.7175 0.87125 0.0225 0.0225
0 0.72875 0.915 0.02 0.02
0 0.75875 0.9 0.015 0.02
0 0.765 0.84 0.0125 0.0225
0 0.88875 0.34625 0.02 0.02
0 0.21 0.93375 0.03 0.0225
0 0.41625 0.59125 0.0225 0.0225
0 0.94 0.30625 0.025 0.02
0 0.96375 0.14 0.0225 0.0225
0 0.8325 0.225 0.0225 0.0225
0 0.940475 0.3478 0.0175 0.0175
0 0.095 0.08047499999999999 0.02 0.02
0 0.7225 0.955 0.025 0.0225
0 0.97625 0.08 0.02 0.02
0 0.81875 0.18125 0.0225 0.02