0 0.04 0.45125 0.02 0.02
0 0.4 0.28125 0.0225 0.0225
0 0.10178 0.4076 0.02142 0.0259
0 0.4174 0.31427 0.01875 0.01785
0 0.40448 0.08215 0.01965 0.02142
0 0.4326 0.28927 0.01875 0.01965
0 0.06472 0.25403 0.02232 0.0259
0 0.14597 0.17188 0.0241 0.02232
0 0.09153 0.4558 0.02232 0.0259
0 0.1116 0.4558 0.01785 0.01875
0 0.89585 0.0474 0.02578 0.02523
0 0.96875 0.245 0.0275 0.025
0 0.79125 0.2075 0.025 0.0225
0 0.9525 0.15625 0.0225 0.0225
0 0.9525 0.4275 0.0175 0.02
0 0.91 0.0725 0.025 0.0175
0 0.93125 0.24875 0.0225 0.02
0 0.8825 0.09625 0.02 0.02
0 0.85125 0.295 0.02 0.02
0 0.94625 0.26625 0.0225 0.0225
0 0.83077 0.26248 0.01873 0.01957
0 0.9132 0.13048 0.01925 0.01632
0 0.92585 0.0326 0.02135 0.017
0 0.10625 0.77875 0.0275 0.0275
0 0.195 0.8025 0.0225 0.0225
0 0.2275 0.9575 0.0275 0.025
0 0.145 0.93875 0.025 0.02
0 0.1 0.9325 0.0275 0.02
0 0.14125 0.905 0.0175 0.0175
0 0.25625 0.70125 0.0225 0.0225
0 0.1325 0.72 0.0225 0.0175
0 0.21375 0.595 0.0275 0.0225
0 0.1775 0.7575 0.02 0.0175
0 0.2475 0.63625 0.0225 0.0225
0 0.26 0.58625 0.0275 0.0275
0 0.2525 0.8175 0.0175 0.0175
0 0.27 0.81125 0.015 0.0225
0 0.21625 0.85 0.0225 0.02
0 0.25875 0.955 0.0175 0.02
0 0.10375 0.67375 0.0225 0.015
0 0.1975 0.7175 0.025 0.025
0 0.27 0.9125 0.0225 0.02
0 0.1475 0.64625 0.02 0.02
0 0.18625 0.89375 0.02 0.02
0 0.16375 0.72 0.025 0.025
0 0.12125 0.59875 0.02 0.02
0 0.235 0.55625 0.025 0.0225
0 0.975 0.69125 0.02 0.02
0 0.825 0.6 0.0225 0.0175
0 0.97125 0.75 0.0175 0.0175
0 0.56375 0.81375 0.02 0.02
0 0.94125 0.88625 0.02 0.0175
