0 0.7475 0.5625 0.0175 0.015
0 0.73625 0.57625 0.0175 0.02
0 0.8575 0.5825 0.02 0.02
0 0.73375 0.64 0.02 0.0225
0 0.82125 0.705 0.0175 0.0225
0 0.7575 0.77375 0.0275 0.02
0 0.669875 0.795775 0.023399999999999997 0.0177
0 0.64375 0.83125 0.0175 0.0225
0 0.6225 0.84875 0.015 0.015
0 0.67625 0.86875 0.02 0.0225
0 0.43125 0.89375 0.02 0.0175
0 0.88 0.48625 0.02 0.025
0 0.18375 0.135 0.0225 0.0225
0 0.95625 0.61625 0.0225 0.0225
0 0.0375 0.3125 0.0225 0.0275
0 0.77875 0.7525 0.0225 0.02
0 0.1925 0.05 0.0225 0.0225
0 0.16875 0.02875 0.0275 0.0275
0 0.77125 0.6125 0.0225 0.0225
0 0.65675 0.8062 0.0147 0.01585
0 0.496925 0.965475 0.017849999999999998 0.01765
0 0.518125 0.9473999999999999 0.0184 0.018025
0 0.7228 0.737975 0.018825 0.017
0 0.9869 0.486875 0.018475 0.021949999999999997
0 0.020425 0.240475 0.0212 0.02205
0 0.9231 0.592475 0.021175000000000003 0.0171