0 0.435 0.51 0.025 0.025
0 0.42375 0.57 0.0225 0.025
0 0.4575 0.5575 0.0175 0.0225
0 0.47625 0.59 0.0225 0.015
0 0.24625 0.4475 0.0275 0.0275
0 0.2025 0.46125 0.0225 0.0225
0 0.46875 0.83875 0.025 0.0225
0 0.39875 0.245 0.0225 0.0225
0 0.245 0.4775 0.02 0.02
0 0.07 0.4875 0.02 0.02
0 0.37213 0.27295 0.02482 0.02493
0 0.8775 0.35125 0.0175 0.02
0 0.5175 0.36322 0.0225 0.02393
0 0.53385 0.47732 0.02232 0.01965
0 0.5875 0.46375 0.02 0.02
0 0.59875 0.295 0.0225 0.025
0 0.5925 0.19875 0.0225 0.02
0 0.5325 0.21125 0.0275 0.0225
0 0.86375 0.72375 0.025 0.025
0 0.6591 0.7001 0.02142 0.02232
0 0.6342 0.7375 0.02232 0.02393
0 0.52018 0.5308 0.02142 0.02625
0 0.61 0.60875 0.02 0.0225
0 0.52875 0.23625 0.02 0.02
0 0.56375 0.15875 0.0225 0.025
0 0.51875 0.1125 0.0225 0.0225
0 0.85125 0.125 0.025 0.025
0 0.87375 0.18125 0.015 0.02
0 0.91625 0.47125 0.0225 0.0225
0 0.9042 0.10615 0.02303 0.01982
0 0.7725 0.11625 0.03 0.025
0 0.56375 0.35625 0.02 0.02
0 0.79 0.72375 0.02 0.02
0 0.80455 0.22823 0.0216 0.02142
0 0.735 0.61125 0.025 0.025
0 0.74625 0.7475 0.02 0.0225
0 0.7825 0.06125 0.0225 0.0225
0 0.52813 0.59865 0.02053 0.01698
0 0.51205 0.61518 0.01698 0.01785
0 0.51073 0.67142 0.02142 0.01965
0 0.51518 0.64733 0.01965 0.01965
0 0.5116 0.3924 0.01965 0.01875
0 0.82678 0.57947 0.02322 0.02142
0 0.92947 0.53573 0.01785 0.02142
0 0.83215 0.18615 0.02142 0.02232
0 0.88347 0.13705 0.0134 0.01518
0 0.90177 0.1433 0.01965 0.01875
0 0.89865 0.12948 0.0134 0.0125
0 0.85 0.03035 0.01965 0.02142
