0 0.86125 0.17125 0.0175 0.0225
0 0.265 0.245 0.02 0.0225
0 0.6825 0.34375 0.02 0.02
0 0.59875 0.38375 0.0225 0.02
0 0.205 0.21375 0.0275 0.0275
0 0.83125 0.25375 0.02 0.0175
0 0.15375 0.32625 0.02 0.0175
0 0.105 0.3875 0.025 0.02
0 0.015 0.3175 0.0175 0.0175
0 0.49625 0.17875 0.0175 0.0175
0 0.715 0.32875 0.02 0.0175
0 0.9075 0.4075 0.02 0.0175
0 0.8225 0.18375 0.02 0.02
0 0.22625 0.265 0.015 0.0175
0 0.22125 0.44 0.0225 0.0225
0 0.6925 0.23875 0.02 0.02
0 0.28375 0.29 0.0225 0.0225
0 0.345 0.195 0.02 0.02
0 0.7825 0.415 0.02 0.02
0 0.3525 0.25375 0.02 0.02
0 0.1425 0.48 0.02 0.02
0 0.6625 0.21218 0.02 0.02
0 0.53625 0.185 0.025 0.0275
0 0.18 0.31625 0.02 0.02
0 0.515 0.23125 0.025 0.025
0 0.67375 0.13375 0.0225 0.0225
0 0.6 0.62125 0.0225 0.03
0 0.65625 0.54 0.0225 0.025
0 0.82375 0.7025 0.03 0.025
0 0.5725 0.54125 0.025 0.0225
0 0.73875 0.945 0.025 0.025
0 0.785 0.5225 0.02 0.015
0 0.5075 0.87 0.0225 0.0175
0 0.68625 0.63 0.02 0.0225
0 0.67 0.62 0.0225 0.02
0 0.79125 0.75875 0.025 0.025
0 0.64625 0.88875 0.0225 0.02
0 0.87625 0.73875 0.0225 0.0225
0 0.71 0.6 0.0275 0.0275
0 0.80168 0.75625 0.025 0.0225
