0 0.25 0.70625 0.0225 0.0175
0 0.0675 0.14375 0.02 0.02
0 0.105 0.1475 0.0225 0.02
0 0.24875 0.2325 0.0225 0.0225
0 0.26875 0.46375 0.0225 0.0225
0 0.4125 0.80375 0.025 0.0175
0 0.4675 0.63 0.0225 0.0175
0 0.0575 0.1225 0.0175 0.0175
0 0.29705 0.85125 0.02 0.02
0 0.25625 0.64125 0.02 0.02
0 0.77875 0.64375 0.0175 0.015
0 0.7875 0.76625 0.0225 0.0225
0 0.74875 0.805 0.02 0.0175
0 0.59375 0.86125 0.0175 0.0175
0 0.89625 0.88 0.0225 0.0175
0 0.90375 0.915 0.0225 0.0225
0 0.84125 0.57 0.0225 0.0225
0 0.87 0.7925 0.02 0.0175
0 0.7169 0.85345 0.02 0.02
0 0.84875 0.6125 0.0175 0.0175
0 0.9275 0.8675 0.02 0.02
0 0.7525 0.75875 0.0225 0.0225
0 0.75125 0.735 0.02 0.02
0 0.7825 0.6725 0.02 0.0175
0 0.7325 0.67 0.02 0.0175
