0 0.1125 0.74875 0.03 0.025
0 0.4092 0.83035 0.02803 0.02572
0 0.15 0.75125 0.025 0.02
0 0.03125 0.77875 0.025 0.025
0 0.16625 0.62125 0.025 0.0225
0 0.39 0.64625 0.025 0.02
0 0.0775 0.8175 0.025 0.025
0 0.22875 0.895 0.0225 0.0225
0 0.245 0.91375 0.02 0.02
0 0.2825 0.975 0.0225 0.02
0 0.20455 0.64153 0.0266 0.02375
0 0.1791 0.86715 0.02572 0.02215
0 0.1816 0.8533 0.02393 0.02125
0 0.46698 0.53483 0.01965 0.01893
0 0.34073 0.92947 0.02142 0.02142
0 0.2308 0.71205 0.01698 0.02053
0 0.4509 0.95983 0.01965 0.01427
