0 0.074075 0.45305 0.024925000000000003 0.02395
0 0.11157500000000001 0.45567500000000005 0.019575 0.020274999999999998
0 0.12664999999999998 0.62235 0.019375 0.0197
0 0.100875 0.573925 0.019575 0.02105
0 0.040925 0.530075 0.017575 0.02085
0 0.354475 0.677475 0.017875000000000002 0.022825
0 0.26987500000000003 0.9924 0.018325 0.015175000000000001
0 0.30105 0.731275 0.023525 0.021475
0 0.33292499999999997 0.6689 0.01405 0.0146
0 0.451125 0.55535 0.01655 0.019625
0 0.501575 0.492025 0.01745 0.016175
0 0.5905 0.48855 0.0149 0.016375
0 0.575325 0.49895 0.013125 0.013975
0 0.589325 0.505075 0.016 0.016625
0 0.262825 0.8387749999999999 0.016725 0.01685
0 0.278275 0.8548749999999999 0.01845 0.017025
0 0.575325 0.81235 0.018500000000000003 0.021099999999999997
0 0.32177500000000003 0.819275 0.018574999999999998 0.020724999999999997
0 0.3237 0.87075 0.0203 0.018375
0 0.443625 0.626275 0.015825 0.018625
0 0.10772500000000002 0.642625 0.013675 0.01385
0 0.111625 0.66305 0.016025 0.013175
0 0.251525 0.76335 0.0189 0.023424999999999998