0 0.185 0.7475 0.02 0.02
0 0.71875 0.2475 0.0275 0.0225
0 0.72 0.195 0.025 0.0275
0 0.12125 0.74625 0.0225 0.02
0 0.12125 0.76875 0.025 0.02
0 0.20375 0.85 0.0225 0.0175
0 0.68125 0.0475 0.02 0.0175
0 0.59875 0.61625 0.02 0.0225
0 0.34375 0.6825 0.025 0.02
0 0.72 0.0447 0.0225 0.0225
0 0.60625 0.64 0.0225 0.02
0 0.365 0.75625 0.02 0.02
0 0.41875 0.7325 0.0225 0.0225
0 0.05125 0.805 0.0225 0.0225
0 0.51625 0.6325 0.0175 0.0175
0 0.18125 0.7075 0.02 0.02
0 0.78 0.8125 0.0175 0.0175
0 0.7375 0.21125 0.0225 0.02
0 0.66375 0.73 0.02 0.02
0 0.64375 0.78 0.0175 0.0175
0 0.49125 0.8175 0.0225 0.0225
0 0.525 0.74875 0.02 0.02
0 0.685725 0.125 0.023225 0.021425
0 0.2933 0.6701 0.016975 0.01875
0 0.541075 0.7134 0.021425 0.01965
0 0.41340000000000005 0.86205 0.023225 0.020525
0 0.38392499999999996 0.69955 0.017849999999999998 0.015175000000000001
0 0.671875 0.3375 0.01875 0.021425
0 0.691975 0.29375 0.017849999999999998 0.01965
0 0.69285 0.33125 0.01965 0.021425
0 0.796875 0.26295 0.01875 0.016975
0 0.785725 0.309825 0.01965 0.016075
0 0.7294750000000001 0.06965 0.017849999999999998 0.021425
0 0.8102750000000001 0.21875 0.020525 0.021425
0 0.570975 0.6826000000000001 0.0241 0.022324999999999998
0 0.1625 0.790175 0.017849999999999998 0.01965
0 0.09822499999999999 0.8285750000000001 0.016075 0.01965
0 0.65535 0.11964999999999999 0.01965 0.023225
0 0.685725 0.18215 0.01965 0.021425
0 0.109825 0.45447499999999996 0.017849999999999998 0.017849999999999998