0 0.07875 0.52 0.0225 0.0175
0 0.51375 0.25125 0.0225 0.0175
0 0.17 0.065 0.0225 0.02
0 0.62 0.72 0.02 0.0225
0 0.48375 0.425 0.0225 0.02
0 0.245 0.6375 0.03 0.0225
0 0.61625 0.5275 0.015 0.0175
0 0.57625 0.21875 0.02 0.0225
0 0.01125 0.1425 0.0225 0.0275
0 0.01375 0.1075 0.0275 0.035
0 0.15875 0.54125 0.025 0.0225
0 0.17125 0.5575 0.0225 0.015
0 0.055 0.53625 0.0275 0.025
0 0.03625 0.5175 0.025 0.0175
0 0.96125 0.55875 0.025 0.025
0 0.93375 0.9046500000000001 0.0225 0.025724999999999998
0 0.52 0.64625 0.02 0.0225
0 0.17 0.065 0.0225 0.02
0 0.055 0.53875 0.0275 0.0275
0 0.03875 0.58875 0.0225 0.0225
0 0.65 0.51375 0.0225 0.0225
0 0.69215 0.74375 0.02 0.02
0 0.4125 0.0975 0.0225 0.02
0 0.915 0.76 0.0225 0.0225
0 0.08875 0.105 0.0225 0.0225
0 0.22465 0.7371500000000001 0.02 0.02
0 0.9025 0.91125 0.02 0.02
0 0.8225 0.69625 0.02 0.02