0 0.295 0.38875 0.0275 0.025
0 0.40125 0.335 0.025 0.025
0 0.33625 0.49 0.0225 0.0225
0 0.335 0.14375 0.0225 0.0225
0 0.475 0.13875 0.0275 0.0275
0 0.4375 0.315 0.025 0.02
0 0.42 0.56375 0.02 0.02
0 0.055 0.45875 0.0225 0.0225
0 0.1625 0.265 0.0225 0.0225
0 0.15875 0.2225 0.02 0.02
0 0.1575 0.1725 0.02 0.02
0 0.19375 0.82375 0.025 0.025
0 0.40202 0.4175 0.0225 0.0225
0 0.16875 0.0575 0.0225 0.0225
0 0.3475 0.04875 0.02 0.02
0 0.3475 0.085 0.02 0.02
0 0.19375 0.05875 0.0225 0.0225
0 0.15125 0.14875 0.02 0.02
0 0.2075 0.19375 0.02 0.02
0 0.34625 0.275 0.02 0.02
0 0.32625 0.44375 0.025 0.0225
0 0.1425 0.405 0.02 0.02
0 0.27582 0.44185 0.02293 0.01607
0 0.55875 0.25125 0.0325 0.0275
0 0.82375 0.57625 0.025 0.025
0 0.76625 0.56 0.0225 0.0225
0 0.97625 0.5725 0.02 0.02
