0 0.49585 0.18855 0.02703 0.02533
0 0.64728 0.22377 0.02842 0.02668
0 0.68427 0.2239 0.02397 0.0253
0 0.67625 0.17125 0.02 0.025
0 0.43383 0.05485 0.022 0.02197
0 0.645 0.38375 0.0275 0.0225
0 0.72875 0.2875 0.0225 0.025
0 0.79125 0.25375 0.025 0.025
0 0.78625 0.28 0.025 0.0275
0 0.73542 0.1721 0.02085 0.02332
0 0.71737 0.18305 0.01975 0.01862
0 0.61935 0.13195 0.0223 0.0189
0 0.6125 0.19875 0.025 0.025
0 0.95665 0.3841 0.0231 0.02658
0 0.95198 0.42192 0.02393 0.02115
0 0.8675 0.2375 0.025 0.025
0 0.83795 0.22845 0.02587 0.0231
0 0.57903 0.11845 0.0223 0.01972
0 0.78162 0.3516 0.02075 0.0282
0 0.63125 0.0875 0.0225 0.0225
0 0.575 0.14875 0.0225 0.0225
0 0.19625 0.13375 0.0225 0.0225
0 0.15875 0.095 0.0225 0.0225
0 0.4724 0.1046 0.01625 0.0199
0 0.7077 0.16668 0.02255 0.02265
0 0.7352 0.26052 0.0204 0.01925
0 0.92198 0.40207 0.01717 0.0202
0 0.47532 0.33642 0.02388 0.02465
0 0.5404 0.1919 0.0201 0.0213
0 0.56088 0.21412 0.01933 0.01818
0 0.75035 0.3221 0.02033 0.02278
0 0.81135 0.70105 0.0252 0.02237
0 0.7225 0.5603 0.025 0.02493
0 0.93012 0.6926 0.02533 0.02283
0 0.9585 0.73505 0.02107 0.0224
0 0.9232 0.6566 0.02658 0.02322
0 0.77265 0.76705 0.02553 0.02438
0 0.74612 0.94222 0.01955 0.0196
0 0.03818 0.8197 0.0279 0.02185
0 0.7025 0.6975 0.025 0.02
0 0.7855 0.8031 0.02265 0.0163
0 0.66627 0.76422 0.02375 0.02183
0 0.70448 0.6025 0.01965 0.02187
0 0.74808 0.95932 0.0199 0.02065
0 0.97705 0.72615 0.01912 0.02015
0 0.49033 0.51115 0.02115 0.02232
0 0.9132 0.85297 0.02105 0.02022
0 0.95835 0.5476 0.02027 0.0202
0 0.82688 0.80547 0.01805 0.01632
0 0.82725 0.82383 0.0187 0.02022
0 0.9668 0.97937 0.02473 0.02035
0 0.82248 0.91903 0.02355 0.02375
