0 0.29625 0.6125 0.0225 0.0225
0 0.35 0.56 0.0275 0.0275
0 0.12 0.5 0.0275 0.025
0 0.35875 0.65875 0.0225 0.02
0 0.3075 0.68625 0.025 0.0225
0 0.31375 0.63875 0.0175 0.02
0 0.33125 0.655 0.0175 0.025
0 0.4425 0.59625 0.015 0.02
0 0.155 0.70875 0.0225 0.0225
0 0.39 0.3025 0.0225 0.02
0 0.34 0.615 0.02 0.02
0 0.385 0.6825 0.025 0.025
0 0.36 0.52625 0.02 0.02
0 0.6825 0.7125 0.025 0.0225
0 0.56375 0.36125 0.0175 0.02
0 0.64 0.3325 0.025 0.0175
0 0.93875 0.91 0.015 0.02
0 0.79375 0.67125 0.0225 0.025
0 0.7775 0.705 0.0225 0.0225
0 0.565 0.6575 0.0275 0.025
0 0.6325 0.3125 0.02 0.02
0 0.55125 0.30875 0.0225 0.02
0 0.815 0.9025 0.0175 0.02
0 0.67375 0.29375 0.02 0.0175
0 0.73 0.70375 0.02 0.0225
0 0.70375 0.2775 0.025 0.0275
