0 0.57375 0.89375 0.0225 0.0225
0 0.49875 0.8975 0.0175 0.02
0 0.51125 0.8775 0.0225 0.015
0 0.58 0.85 0.0175 0.02
0 0.4825 0.45625 0.0175 0.0225
0 0.48125 0.675 0.0175 0.02
0 0.39375 0.15625 0.0175 0.0175
0 0.27125 0.67625 0.0175 0.015
0 0.4975 0.60625 0.0175 0.02
0 0.51625 0.98125 0.0275 0.0225
0 0.35375 0.27375 0.0225 0.0225
0 0.2986 0.6038 0.019725 0.020099999999999996
0 0.52625 0.64375 0.025 0.02
0 0.4475 0.3775 0.02 0.025
0 0.41045000000000004 0.5263 0.021625000000000002 0.022625000000000003
0 0.345 0.205 0.0175 0.02
0 0.3553 0.18375 0.0175 0.025
0 0.325 0.4275 0.0225 0.0225
0 0.6265 0.9052500000000001 0.0175 0.0175
0 0.61125 0.93625 0.0175 0.015
0 0.51875 0.89875 0.0225 0.0225
0 0.49 0.92875 0.0225 0.0225
0 0.52625 0.60875 0.02 0.0225
0 0.4425 0.29 0.0225 0.0225
0 0.6624500000000001 0.9085500000000001 0.022400000000000003 0.019625
0 0.42 0.353425 0.02 0.02
0 0.47 0.625 0.02 0.02
0 0.315 0.445 0.02 0.02
0 0.5697 0.9808 0.018000000000000002 0.016975
0 0.511025 0.61785 0.0167 0.017875000000000002
0 0.327675 0.47840000000000005 0.01965 0.015725
0 0.436875 0.272125 0.020175000000000002 0.01745
0 0.5312 0.583725 0.017725 0.015674999999999998
0 0.7155750000000001 0.78295 0.016875 0.0159
0 0.7224250000000001 0.825775 0.016274999999999998 0.024775000000000002