0 0.5825 0.875 0.025 0.025
0 0.69 0.89 0.0225 0.025
0 0.65875 0.78625 0.02 0.0225
0 0.23375 0.6175 0.0325 0.02
0 0.705 0.755 0.0175 0.025
0 0.925 0.7775 0.025 0.025
0 0.7075 0.95875 0.0175 0.02
0 0.31 0.34625 0.0275 0.0225
0 0.26375 0.295 0.0225 0.0275
0 0.27 0.2275 0.02 0.0225
0 0.5075 0.31875 0.02 0.02
0 0.59875 0.18375 0.0225 0.0225
0 0.67125 0.28625 0.02 0.0225
0 0.825 0.205 0.0225 0.0225
0 0.89125 0.36 0.03 0.0225
0 0.84375 0.41125 0.015 0.0175
0 0.7625 0.84125 0.03 0.02
0 0.18125 0.425 0.025 0.0225
0 0.12625 0.44375 0.0225 0.0175
0 0.15375 0.56875 0.03 0.025
0 0.495 0.09125 0.02 0.0225
0 0.85 0.235 0.0225 0.0275
0 0.72 0.16375 0.025 0.0225
0 0.59375 0.42375 0.025 0.02
0 0.605 0.40125 0.0225 0.02
0 0.63375 0.4575 0.0275 0.02
0 0.62 0.44 0.02 0.0175
0 0.78625 0.35625 0.0225 0.0275
0 0.8975 0.26875 0.02 0.025
0 0.935 0.28375 0.02 0.0175
0 0.90375 0.15 0.0225 0.02
0 0.34 0.1575 0.025 0.0175
0 0.33375 0.14 0.02 0.0175
0 0.28375 0.44125 0.0225 0.02
0 0.4825 0.61375 0.0225 0.0275
0 0.96375 0.63375 0.0175 0.02
0 0.5925 0.51875 0.025 0.02
0 0.67875 0.495 0.0175 0.0225
0 0.685 0.24625 0.0175 0.0175
0 0.70875 0.25125 0.0125 0.0225
0 0.8375 0.4375 0.02 0.02
0 0.85 0.35375 0.025 0.0275
0 0.83 0.35 0.02 0.03
0 0.86875 0.17375 0.0275 0.0275
0 0.91625 0.16125 0.0175 0.0225
0 0.655 0.3925 0.0275 0.0175
0 0.86375 0.435 0.0175 0.0175
0 0.935 0.37875 0.0175 0.02
0 0.65875 0.56625 0.02 0.02
0 0.94125 0.3275 0.0225 0.02
0 0.6675 0.5825 0.025 0.0225
0 0.625 0.37 0.02 0.02
0 0.8125 0.84375 0.0175 0.0225
0 0.79375 0.85125 0.02 0.0225
0 0.6975 0.57125 0.0175 0.0225
0 0.6 0.3 0.02 0.0175
0 0.55125 0.53625 0.0175 0.02
0 0.94375 0.94125 0.0225 0.0225
0 0.064625 0.7641249999999999 0.0225 0.0225
0 0.956475 0.605 0.0225 0.02
0 0.93 0.275 0.02 0.02
0 0.6575 0.93625 0.02 0.02
0 0.9075 0.31875 0.0175 0.0175
0 0.80625 0.2375 0.0225 0.0225
0 0.6475 0.5075 0.02 0.02
0 0.084525 0.845 0.0225 0.02
0 0.3275 0.39375 0.02 0.0175
0 0.28875 0.18375 0.0225 0.02
0 0.54375 0.82625 0.02 0.02
0 0.74 0.29625 0.0175 0.0175
0 0.12587500000000001 0.909125 0.0225 0.0225
0 0.205 0.9475 0.0225 0.02
0 0.475375 0.382125 0.02 0.02
0 0.95375 0.2775 0.02 0.02
0 0.86875 0.4025 0.02 0.02
0 0.3425 0.7346250000000001 0.025 0.0225
0 0.9375 0.59 0.02 0.02
0 0.355 0.29375 0.0225 0.0225
0 0.2775 0.475 0.0225 0.0225
0 0.54125 0.79 0.0175 0.0175
0 0.14625 0.465875 0.02 0.0175