0 0.28875 0.2775 0.025 0.02
0 0.19 0.19125 0.0175 0.0175
0 0.14625 0.23375 0.0225 0.02
0 0.17875 0.40125 0.0225 0.0175
0 0.35375 0.75375 0.0175 0.02
0 0.63375 0.79625 0.0225 0.02
0 0.87125 0.765 0.0225 0.025
0 0.92 0.63875 0.02 0.02
0 0.9325 0.67625 0.0225 0.02
0 0.8825 0.64875 0.0225 0.0225
0 0.98125 0.4475 0.0225 0.02
0 0.97875 0.28 0.025 0.02
0 0.91 0.1975 0.02 0.02
0 0.94375 0.1925 0.02 0.0175
0 0.5675 0.1175 0.025 0.0225
0 0.9225 0.57125 0.0225 0.0225
0 0.905 0.56875 0.0175 0.0175
0 0.8925 0.6125 0.0225 0.02
0 0.845 0.2475 0.025 0.02
0 0.8575 0.225 0.02 0.02
0 0.51375 0.0375 0.02 0.0175
0 0.6275 0.7175 0.0225 0.0225
0 0.9075 0.53125 0.02 0.02
0 0.7625 0.69375 0.0225 0.02
0 0.72 0.8825 0.02 0.02
0 0.975 0.735 0.0225 0.0225
0 0.57875 0.87625 0.0225 0.0225
0 0.81875 0.74875 0.0225 0.0225
0 0.20375 0.2625 0.0225 0.0225
0 0.63 0.87375 0.02 0.02
0 0.655 0.695 0.0225 0.0225
0 0.44875 0.86375 0.02 0.0175
0 0.37 0.695 0.0175 0.0175
0 0.8225 0.63125 0.02 0.02
0 0.88875 0.495 0.0225 0.0225
0 0.9825 0.1625 0.0225 0.0225
0 0.8125 0.28625 0.0225 0.02
0 0.5475 0.91625 0.02 0.02
0 0.7175 0.77625 0.02 0.02
0 0.9575 0.0725 0.0225 0.02
0 0.72625 0.815 0.0225 0.0225
0 0.945 0.37125 0.02 0.02
0 0.39375 0.65375 0.02 0.02
0 0.91625 0.07625 0.0225 0.0225
0 0.26375 0.20625 0.02 0.02
0 0.675 0.7175 0.0225 0.02
0 0.42625 0.15875 0.02 0.02
0 0.82375 0.36625 0.0225 0.0225
0 0.9075 0.70125 0.0175 0.0175
0 0.3125 0.3775 0.02 0.0175
0 0.7175 0.7525 0.02 0.02
0 0.615 0.1675 0.0225 0.0225
0 0.5475 0.07375 0.0175 0.0175
0 0.83 0.725 0.02 0.0175
0 0.4225 0.0375 0.02 0.0175
0 0.1925 0.56625 0.0225 0.0225
0 0.37125 0.20125 0.0175 0.0175
0 0.70125 0.7 0.02 0.02
0 0.22625 0.305 0.02 0.02
0 0.1819 0.4325 0.02 0.0175
0 0.96 0.42125 0.02 0.02
0 0.3975 0.6725 0.0175 0.0175
0 0.665 0.72375 0.02 0.02
0 0.54425 0.009575 0.0239 0.01915
0 0.436475 0.008924999999999999 0.0199 0.017825
0 0.18807500000000002 0.239425 0.026725 0.019799999999999998
0 0.328225 0.772075 0.0242 0.01855
0 0.3703 0.02235 0.022400000000000003 0.020499999999999997
0 0.350625 0.354825 0.0294 0.021974999999999998
0 0.7916 0.4843 0.029625 0.02965
0 0.75595 0.497675 0.031125 0.02965
0 0.79525 0.403825 0.028575 0.025975
0 0.94255 0.473475 0.030825 0.0182
0 0.49932499999999996 0.84075 0.023125 0.0276
0 0.510975 0.6873 0.028849999999999997 0.028875
0 0.934975 0.527925 0.0207 0.017075
0 0.9407 0.516475 0.0207 0.01605
0 0.985425 0.551575 0.01965 0.019675
0 0.9086750000000001 0.284425 0.024525 0.019475
0 0.943675 0.493625 0.021724999999999998 0.0189
0 0.486325 0.315 0.026725 0.024275
0 0.36182499999999995 0.158675 0.016075 0.014175
0 0.383875 0.113125 0.0213 0.017
0 0.966875 0.26142499999999996 0.025474999999999998 0.020325000000000003
0 0.9244 0.1727 0.018375 0.0213
0 0.9647249999999999 0.132075 0.02025 0.0179
0 0.79735 0.688325 0.019375 0.032375
0 0.8735250000000001 0.57465 0.0181 0.0189
0 0.269125 0.962575 0.023450000000000002 0.0239
0 0.37799999999999995 0.72625 0.021225 0.021775000000000003
0 0.4357 0.7845 0.0163 0.015725
0 0.4189 0.30677499999999996 0.0275 0.0217
0 0.18645 0.45752499999999996 0.019175 0.0191
0 0.2046 0.29510000000000003 0.0161 0.017
0 0.138125 0.42627499999999996 0.0275 0.022174999999999997
0 0.28695 0.8409 0.0255 0.013349999999999999
0 0.924625 0.603075 0.021974999999999998 0.0229
0 0.86355 0.929825 0.0208 0.0254
0 0.885075 0.9257500000000001 0.019625 0.02075
0 0.94 0.8804000000000001 0.022525 0.0173
0 0.8487250000000001 0.6818500000000001 0.021775000000000003 0.016774999999999998
0 0.96745 0.550325 0.018475 0.020274999999999998
0 0.7193 0.8515 0.024175 0.025975