0 0.17375 0.25375 0.0225 0.02
0 0.9525 0.2075 0.025 0.025
0 0.96397 0.17878 0.01545 0.0147
0 0.97535 0.19417 0.01895 0.017
0 0.90427 0.31985 0.01748 0.02185
0 0.36803 0.30103 0.01818 0.01992
0 0.1017 0.40707 0.01767 0.01953
0 0.92955 0.72875 0.01947 0.02142
0 0.3391 0.74385 0.02072 0.0234
0 0.3125 0.75375 0.0175 0.0225
0 0.37045 0.7617 0.02303 0.01982
0 0.1717 0.68705 0.02303 0.01982
0 0.05875 0.9375 0.0225 0.0225
0 0.0575 0.91125 0.0225 0.0225
0 0.1175 0.97125 0.0225 0.0225
0 0.0433 0.56653 0.01698 0.01698
