0 0.38225 0.72027 0.0245 0.02558
0 0.16375 0.64125 0.02 0.0225
0 0.23955 0.73838 0.0241 0.02175
0 0.15375 0.61125 0.025 0.0225
0 0.31625 0.145 0.0225 0.025
0 0.13 0.30375 0.0275 0.02
0 0.0825 0.41625 0.03 0.0225
0 0.35 0.45625 0.0225 0.02
0 0.38253 0.23863 0.02255 0.02475
0 0.34472 0.37248 0.02672 0.02342
0 0.37767 0.48705 0.0223 0.02355
0 0.06022 0.70845 0.01688 0.0185
0 0.07 0.69903 0.01855 0.0195
0 0.26235 0.30025 0.02115 0.01655
0 0.24972 0.28695 0.0184 0.02033
0 0.71125 0.14875 0.0225 0.0175
0 0.7075 0.18875 0.0225 0.0225
0 0.56 0.4525 0.0225 0.02
0 0.625 0.67875 0.0225 0.0225
0 0.635 0.6625 0.0225 0.02
0 0.57625 0.8225 0.02 0.0175
0 0.69 0.82625 0.0175 0.0175
0 0.85375 0.21125 0.0275 0.025
0 0.70375 0.5725 0.025 0.025
0 0.56625 0.31875 0.0225 0.02
0 0.625 0.83625 0.0225 0.0225
0 0.595 0.78625 0.0225 0.02
0 0.54 0.71875 0.0225 0.0225
