0 0.37875 0.025 0.0225 0.0225
0 0.4725 0.19625 0.0225 0.025
0 0.64875 0.2175 0.02 0.02
0 0.29875 0.045 0.0275 0.02
0 0.75125 0.45875 0.025 0.0175
0 0.455 0.195 0.0225 0.0225
0 0.57625 0.41 0.0275 0.025
0 0.955 0.39125 0.0275 0.025
0 0.655 0.3975 0.0225 0.0225
0 0.61 0.2025 0.0175 0.0175
0 0.5375 0.19375 0.02 0.0175
0 0.74625 0.295 0.0225 0.0225
0 0.08625 0.7325 0.025 0.025
0 0.6775 0.685 0.02 0.0175
0 0.9675 0.8675 0.0225 0.02
0 0.8375 0.92125 0.0225 0.0225
0 0.79 0.7425 0.0225 0.0225
0 0.85125 0.76 0.025 0.025
0 0.47875 0.682 0.02 0.02
0 0.19625 0.67375 0.025 0.0225
0 0.355 0.83 0.0225 0.0225
