0 0.26 0.05375 0.0175 0.015
0 0.31875 0.115 0.0175 0.02
0 0.36875 0.065 0.015 0.015
0 0.31 0.02 0.0175 0.015
0 0.33125 0.2425 0.015 0.02
0 0.3725 0.18125 0.0225 0.0175
0 0.41625 0.14875 0.025 0.0175
0 0.29 0.2375 0.02 0.02
0 0.33875 0.0325 0.0225 0.0225
0 0.48375 0.20375 0.02 0.02
0 0.4651 0.18272 0.0213 0.01903
0 0.29752 0.15757 0.01825 0.02053
0 0.25808 0.1891 0.01972 0.02105
0 0.24805 0.04363 0.01572 0.01585
0 0.22875 0.6425 0.025 0.025
0 0.0675 0.68625 0.0225 0.0225
0 0.13125 0.54875 0.02 0.02
0 0.14375 0.52125 0.0225 0.025
0 0.15125 0.55125 0.0175 0.02
0 0.055 0.5225 0.015 0.0225
0 0.22875 0.6425 0.025 0.025
0 0.21375 0.60835 0.0225 0.0225
0 0.13618 0.61345 0.0188 0.01975
0 0.06805 0.54655 0.01823 0.01452
0 0.26015 0.60615 0.02208 0.0212
0 0.11185 0.67698 0.01655 0.02003
0 0.88125 0.93 0.0275 0.02
0 0.8425 0.8625 0.0225 0.025
0 0.77875 0.83875 0.0225 0.0175
0 0.7075 0.56 0.025 0.025
0 0.84482 0.82292 0.0218 0.02085
0 0.90597 0.88975 0.01907 0.02235
0 0.8662 0.9548 0.0217 0.0221
