0 0.04 0.235 0.0225 0.0225
0 0.81625 0.37 0.02 0.02
0 0.73375 0.40375 0.02 0.02
0 0.8775 0.1275 0.025 0.0225
0 0.7175 0.25375 0.02 0.0225
0 0.835 0.0775 0.0225 0.02
0 0.6725 0.11625 0.0225 0.02
0 0.64625 0.035 0.0275 0.0225
0 0.66625 0.305 0.0225 0.02
0 0.57 0.3175 0.0175 0.0175
0 0.7025 0.3 0.0225 0.0225
0 0.8375 0.42625 0.0225 0.0225
0 0.8675 0.07625 0.02 0.02
0 0.60625 0.21125 0.0225 0.02
0 0.67 0.28375 0.0225 0.02
0 0.64625 0.2875 0.02 0.02
0 0.55625 0.2825 0.02 0.02
0 0.84687 0.04187 0.0225 0.0225
0 0.8025 0.23125 0.0225 0.0225
0 0.71375 0.3725 0.0225 0.0225
0 0.82125 0.105 0.0225 0.0225
0 0.93625 0.0425 0.0225 0.0225
0 0.7425 0.36125 0.02 0.02
0 0.6725 0.3275 0.02 0.02
0 0.64 0.3225 0.0225 0.02
0 0.72625 0.34625 0.02 0.02
0 0.62625 0.26 0.0225 0.0225
0 0.5615 0.12615 0.02623 0.02553
0 0.7971 0.17362 0.0224 0.0292
0 0.7015 0.35925 0.02243 0.02545
0 0.89335 0.4027 0.02487 0.02237
0 0.8946 0.4324 0.01988 0.02297
0 0.94958 0.4274 0.02987 0.03673
0 0.93928 0.4727 0.03425 0.0236
0 0.9399 0.07085 0.0255 0.02865
0 0.96587 0.17375 0.02545 0.02022
0 0.9438 0.11375 0.02757 0.01745
0 0.9357 0.23403 0.02353 0.0215
0 0.6844 0.21645 0.0209 0.02285
0 0.72155 0.44173 0.01953 0.02072
0 0.59455 0.1465 0.01823 0.02082
0 0.59047 0.11713 0.02092 0.0188
0 0.74677 0.41963 0.02237 0.01565
0 0.67547 0.43285 0.01727 0.01565
0 0.5554 0.14845 0.02193 0.02362
0 0.285 0.79875 0.02 0.0175
0 0.17875 0.8425 0.0225 0.02
0 0.11 0.86 0.02 0.02
0 0.46625 0.93875 0.02 0.0175
0 0.12875 0.8775 0.02 0.0175
0 0.0525 0.83375 0.0225 0.0175
0 0.13375 0.66625 0.02 0.0175
0 0.23375 0.78125 0.02 0.0175
0 0.3475 0.96875 0.0225 0.02
0 0.33625 0.64875 0.0175 0.0175
0 0.38375 0.65 0.02 0.02
0 0.42125 0.67375 0.02 0.0175
0 0.3975 0.72875 0.02 0.0175
0 0.22375 0.8175 0.02 0.02
0 0.10875 0.915 0.02 0.02
0 0.095 0.6075 0.0225 0.0225
0 0.19875 0.865 0.0225 0.0225
0 0.2025 0.81125 0.02 0.02
0 0.44 0.895 0.02 0.02
0 0.045 0.87375 0.02 0.02
0 0.13125 0.96 0.025 0.025
0 0.45125 0.52 0.0225 0.0225
0 0.23375 0.75875 0.0225 0.0225
0 0.14375 0.74625 0.02 0.02
0 0.215 0.5975 0.02 0.02
0 0.172 0.79875 0.02 0.02
0 0.3375 0.8225 0.0225 0.0225
0 0.38625 0.6925 0.02 0.02
0 0.1425 0.92375 0.0225 0.0225
0 0.36147 0.8599 0.01988 0.02132
0 0.38813 0.8614 0.02135 0.01982
0 0.36405 0.69805 0.02355 0.0206
0 0.32332 0.67028 0.03542 0.02283
0 0.31368 0.7088 0.02357 0.02283
0 0.31552 0.69103 0.02135 0.01837
0 0.47123 0.76817 0.02205 0.02127
0 0.45472 0.78513 0.0158 0.0177
0 0.14183 0.58563 0.02215 0.03118
0 0.3757 0.93377 0.02208 0.03107
0 0.8125 0.57875 0.025 0.0225
0 0.75 0.505 0.0225 0.01
0 0.64875 0.8175 0.025 0.015
0 0.55875 0.77375 0.02 0.02
0 0.5175 0.8175 0.0225 0.0175
0 0.56125 0.95875 0.0175 0.02
0 0.7375 0.96375 0.0175 0.0175
0 0.795 0.92625 0.0175 0.0175
0 0.82125 0.91375 0.015 0.015
0 0.81875 0.8275 0.0225 0.0175
0 0.93375 0.89125 0.02 0.0175
0 0.91625 0.73625 0.0225 0.02
0 0.9175 0.575 0.02 0.0175
0 0.7175 0.81625 0.0225 0.015
0 0.93375 0.54875 0.025 0.0225
0 0.72 0.60625 0.0275 0.0275
0 0.61125 0.81 0.0225 0.0225
0 0.78875 0.95625 0.0225 0.0225
0 0.95375 0.855 0.0225 0.0225
0 0.7 0.59 0.0275 0.0275
0 0.75625 0.5475 0.0225 0.0225
0 0.845 0.78375 0.02 0.02
0 0.715 0.9425 0.0225 0.02
0 0.76825 0.6093 0.02803 0.02885
0 0.73273 0.7206 0.02413 0.02335
0 0.75225 0.73935 0.01963 0.02822
