0 0.4589 0.90015 0.0276 0.024
0 0.38623 0.92045 0.0235 0.02015
0 0.36375 0.96158 0.0225 0.02185
0 0.3243 0.9363 0.0225 0.0175
0 0.35375 0.91625 0.025 0.0175
0 0.4475 0.8025 0.02 0.0225
0 0.46125 0.825 0.025 0.02
0 0.60742 0.87102 0.02423 0.0232
0 0.785 0.775 0.025 0.02
0 0.62875 0.84 0.02 0.025
0 0.86125 0.8725 0.0225 0.0225
0 0.26 0.7025 0.025 0.025
0 0.7325 0.7425 0.02 0.0275
0 0.25 0.7875 0.025 0.025
0 0.33 0.8675 0.0225 0.02
0 0.30375 0.745 0.0225 0.0225
0 0.86125 0.8725 0.0225 0.0225
0 0.33 0.8675 0.0225 0.02
0 0.08928 0.61262 0.01783 0.02345
0 0.29773 0.65752 0.01868 0.02038
0 0.10535 0.6129 0.0161 0.02045
0 0.251 0.72003 0.02342 0.01885
0 0.34855 0.8614 0.01895 0.01565
