0 0.30875 0.04375 0.0275 0.02
0 0.45125 0.2725 0.03 0.0225
0 0.4775 0.22375 0.025 0.025
0 0.1775 0.30875 0.025 0.02
0 0.1925 0.26875 0.02 0.0275
0 0.0725 0.195 0.0225 0.0225
0 0.15875 0.215 0.0225 0.02
0 0.72625 0.41125 0.025 0.0225
0 0.2325 0.43375 0.0225 0.0175
0 0.34 0.4225 0.025 0.02
0 0.06 0.4025 0.0175 0.015
0 0.215 0.15625 0.0175 0.02
0 0.71 0.45875 0.03 0.0225
0 0.195 0.48 0.02 0.0175
0 0.2375 0.2975 0.0175 0.015
0 0.405 0.07 0.015 0.0225
0 0.26125 0.30875 0.0175 0.0175
0 0.70625 0.04125 0.0225 0.0175
0 0.70875 0.055 0.0225 0.015
0 0.42125 0.2175 0.02 0.02
0 0.1475 0.44875 0.0225 0.025
0 0.28375 0.21625 0.0175 0.0175
0 0.1425 0.46125 0.0225 0.0225
0 0.11375 0.47 0.025 0.025
0 0.815 0.37125 0.02 0.0175
0 0.10375 0.89125 0.03 0.0275
0 0.05875 0.69125 0.02 0.02
0 0.16625 0.79375 0.0225 0.02
0 0.14375 0.795 0.035 0.025
0 0.5775 0.80625 0.0275 0.02
0 0.515 0.5575 0.0225 0.025
0 0.22875 0.85375 0.02 0.0225
0 0.19875 0.8325 0.02 0.02
0 0.48625 0.6025 0.02 0.02
0 0.95 0.7125 0.0225 0.0225
0 0.6425 0.80375 0.0225 0.02
0 0.0675 0.7425 0.0175 0.0175
