0 0.205 0.15875 0.0275 0.02
0 0.085 0.3 0.03 0.03
0 0.03375 0.2325 0.02 0.025
0 0.22875 0.235 0.02 0.02
0 0.255 0.23625 0.0175 0.0225
0 0.11875 0.33625 0.025 0.03
0 0.12625 0.36625 0.0175 0.02
0 0.17125 0.3675 0.025 0.0275
0 0.15875 0.33 0.02 0.0225
0 0.03625 0.36 0.0225 0.02
0 0.0225 0.45625 0.0275 0.0225
0 0.01625 0.395 0.0225 0.0225
0 0.0375 0.25375 0.0225 0.02
0 0.11 0.2275 0.0175 0.02
0 0.48125 0.95875 0.025 0.025
0 0.5125 0.91375 0.0225 0.02
0 0.6375 0.9825 0.025 0.0275
0 0.58125 0.7 0.03 0.0225
0 0.5275 0.71625 0.0175 0.02
0 0.6025 0.86375 0.0275 0.0175
0 0.6525 0.87125 0.02 0.0225
0 0.9025 0.85375 0.025 0.0175
0 0.89625 0.83625 0.02 0.0175
0 0.9775 0.77375 0.0225 0.02
0 0.70375 0.915 0.0225 0.025
0 0.79 0.7325 0.025 0.02
0 0.5825 0.21875 0.025 0.0225
0 0.47875 0.31125 0.0275 0.0225
0 0.4275 0.30625 0.025 0.0225
0 0.31125 0.57125 0.025 0.0225
0 0.39875 0.46 0.02 0.0225
0 0.14 0.27875 0.025 0.025
0 0.04625 0.40625 0.025 0.025
0 0.26 0.6975 0.025 0.025
0 0.9025 0.6625 0.02 0.02
0 0.66875 0.84375 0.0225 0.02
0 0.62625 0.81 0.02 0.02
0 0.27 0.61875 0.02 0.02
0 0.19125 0.68125 0.02 0.02
0 0.61375 0.88 0.02 0.02
0 0.165 0.75125 0.0225 0.02
0 0.33375 0.50625 0.02 0.02
0 0.94625 0.45875 0.0275 0.0275
0 0.73 0.76125 0.0225 0.0225
0 0.50625 0.97125 0.02 0.02
0 0.035 0.95375 0.02 0.02
0 0.10125 0.73875 0.02 0.02
0 0.2375 0.77 0.0225 0.02
0 0.38375 0.49625 0.0225 0.02
0 0.52875 0.8025 0.0225 0.0225
0 0.5 0.76 0.0225 0.0225
0 0.83875 0.74125 0.0225 0.0225
0 0.31375 0.5375 0.02 0.02
0 0.9375 0.79125 0.0225 0.0225
0 0.24625 0.75125 0.02 0.02
0 0.17875 0.95875 0.0225 0.0225
0 0.14 0.89375 0.02 0.02
0 0.39875 0.92375 0.02 0.02
0 0.64375 0.83 0.02 0.02
0 0.47625 0.6725 0.0225 0.0225
0 0.5275 0.9625 0.02 0.02
0 0.103675 0.9127 0.026600000000000002 0.028025
0 0.35945 0.1324 0.026525 0.0274
0 0.934775 0.41607500000000003 0.028849999999999997 0.0281
0 0.14225 0.819375 0.033575 0.02475
0 0.9519 0.8177249999999999 0.028975 0.021475
0 0.768475 0.7900499999999999 0.030299999999999997 0.024775000000000002
0 0.41712499999999997 0.367325 0.024825 0.01815
0 0.22954999999999998 0.152925 0.018175 0.02315
0 0.8744 0.710675 0.015325 0.023174999999999998
0 0.4177 0.9527249999999999 0.019325000000000002 0.02365
0 0.7692749999999999 0.8224750000000001 0.023799999999999998 0.029075000000000004
0 0.37272500000000003 0.451575 0.020475 0.0215
0 0.025975 0.306425 0.018875 0.016175
0 0.669275 0.87615 0.0176 0.017124999999999998
0 0.684525 0.96285 0.021275 0.020274999999999998
0 0.550675 0.9719 0.015275 0.020724999999999997
0 0.5727 0.8907250000000001 0.018475 0.017975
0 0.8589 0.6477249999999999 0.02105 0.026375000000000003
0 0.923675 0.6048749999999999 0.015725 0.01965