0 0.15375 0.3275 0.015 0.025
0 0.155 0.47375 0.02 0.0225
0 0.17375 0.46875 0.02 0.02
0 0.13375 0.45 0.015 0.02
0 0.64375 0.255 0.0225 0.02
0 0.54875 0.14125 0.02 0.02
0 0.09375 0.45125 0.0225 0.0225
0 0.295 0.4425 0.0225 0.0225
0 0.63 0.29 0.02 0.02
0 0.0275 0.3175 0.025 0.025
0 0.1925 0.31875 0.0225 0.02
0 0.18125 0.29125 0.0225 0.02
0 0.52875 0.18875 0.0225 0.0225
0 0.3675 0.2325 0.02 0.0175
0 0.5175 0.1675 0.0225 0.0225
0 0.17375 0.46875 0.02 0.02
0 0.85375 0.09575 0.0275 0.0275
0 0.2025 0.21625 0.02 0.02
0 0.36175 0.455 0.02 0.02
0 0.48125 0.2175 0.0175 0.0175
0 0.14625 0.7575 0.0275 0.025
