0 0.03125 0.13625 0.025 0.03
0 0.1325 0.27875 0.025 0.0275
0 0.0975 0.29125 0.02 0.02
0 0.09875 0.30875 0.0225 0.025
0 0.18625 0.295 0.0275 0.0225
0 0.195 0.31125 0.03 0.0225
0 0.29625 0.3625 0.025 0.02
0 0.61125 0.0675 0.0275 0.0275
0 0.735 0.165 0.0225 0.02
0 0.77625 0.20875 0.0225 0.0225
0 0.68 0.24 0.0275 0.0225
0 0.85875 0.2375 0.02 0.0275
0 0.86125 0.16875 0.02 0.0275
0 0.8125 0.20375 0.0275 0.02
0 0.815 0.2225 0.0225 0.0175
0 0.94875 0.20625 0.02 0.03
0 0.88375 0.20625 0.02 0.0275
0 0.80875 0.32 0.0225 0.02
0 0.94875 0.3825 0.0275 0.0225
0 0.84625 0.195 0.0225 0.02
0 0.82 0.18 0.0225 0.025
0 0.8425 0.2275 0.02 0.0225
0 0.8525 0.21125 0.025 0.02
0 0.69 0.2275 0.0225 0.015
0 0.90775 0.23612 0.0225 0.0225
0 0.25125 0.60625 0.0275 0.0275
0 0.15375 0.6625 0.0225 0.0225
0 0.16375 0.67625 0.0275 0.0275
0 0.2875 0.77375 0.02 0.02
0 0.31125 0.78625 0.02 0.0175
0 0.12125 0.97125 0.0225 0.0175
0 0.40625 0.74875 0.0175 0.02
0 0.2536 0.78808 0.02 0.02
0 0.79875 0.54625 0.0225 0.02
0 0.9575 0.59625 0.02 0.0275
