0 0.17067 0.59085 0.02135 0.0242
0 0.18625 0.5675 0.02 0.025
0 0.0325 0.92125 0.0225 0.0225
0 0.3347 0.8035 0.02385 0.02197
0 0.20125 0.775 0.02 0.02
0 0.06 0.69 0.02 0.0225
0 0.16125 0.6975 0.02 0.0225
0 0.23625 0.685 0.015 0.0125
0 0.23335 0.20417 0.02312 0.0208
0 0.2282 0.52697 0.0214 0.02142
0 0.09375 0.8475 0.02 0.02
0 0.28125 0.68 0.0175 0.025
0 0.2443 0.92378 0.0234 0.01978
0 0.19615 0.93543 0.01895 0.0191
0 0.30125 0.37 0.0225 0.0175
0 0.27125 0.6475 0.0175 0.0225
0 0.33875 0.715 0.015 0.0225
0 0.03 0.74625 0.0175 0.0175
0 0.085 0.8875 0.02 0.0175
0 0.47448 0.8129 0.02053 0.01885
0 0.24138 0.5892 0.02027 0.02087
0 0.3518 0.31462 0.01723 0.01785
0 0.4632 0.34903 0.02087 0.0206
0 0.07375 0.875 0.0175 0.0225
0 0.20545 0.92275 0.01588 0.0155
0 0.2375 0.905 0.0225 0.0225
0 0.46 0.29875 0.02 0.02
0 0.335 0.34375 0.02 0.02
0 0.285 0.34 0.02 0.02
0 0.23625 0.7125 0.0275 0.025
0 0.3425 0.66625 0.02 0.02
0 0.26125 0.64125 0.02 0.02
0 0.21 0.57875 0.0225 0.0225
0 0.4525 0.2 0.02 0.02
0 0.0375 0.93625 0.02 0.02
0 0.2525 0.5 0.0225 0.0225
0 0.23625 0.65875 0.0175 0.0175
0 0.135 0.70875 0.0175 0.0175
0 0.32125 0.6484 0.02 0.02
0 0.39715 0.9507 0.01928 0.01928
0 0.40397 0.93252 0.02045 0.02395
0 0.472 0.76722 0.02255 0.02015
0 0.4657 0.7948 0.01887 0.02353
0 0.35013 0.50585 0.0181 0.01885
0 0.37305 0.48517 0.02467 0.01855
0 0.33175 0.5616 0.02065 0.01963
0 0.06895 0.7858 0.01823 0.0198
0 0.3468 0.2767 0.0168 0.0177
0 0.29755 0.30838 0.01653 0.01675
0 0.2813 0.31767 0.01798 0.0157
0 0.3246 0.28995 0.0153 0.0174
0 0.3092 0.28728 0.01485 0.0156
0 0.31915 0.34792 0.01883 0.02378
0 0.32685 0.36747 0.01798 0.01685
0 0.34215 0.41167 0.01645 0.0162
0 0.43305 0.39972 0.02145 0.01733
0 0.48552 0.3925 0.01928 0.01893
0 0.20808 0.50822 0.01615 0.0218
0 0.23257 0.46108 0.01518 0.01677
0 0.21468 0.45803 0.01505 0.01607
0 0.18022 0.45295 0.02295 0.01843
0 0.2029 0.42415 0.0201 0.0233
0 0.28887 0.72892 0.01883 0.01498
0 0.31638 0.73448 0.02025 0.0136
0 0.0407 0.89332 0.0189 0.017
0 0.29338 0.92642 0.01353 0.01535
0 0.31235 0.9342 0.01992 0.01843
0 0.39423 0.98095 0.01883 0.02263
0 0.26905 0.69593 0.02203 0.01885
0 0.4933 0.30462 0.0134 0.01755
0 0.1706 0.09238 0.0198 0.02048
0 0.26167 0.16532 0.01798 0.01638
0 0.25055 0.15215 0.01538 0.0168
0 0.11438 0.51943 0.01805 0.02098
0 0.14412 0.52582 0.01862 0.01595
0 0.0928 0.86752 0.0144 0.01852
0 0.31463 0.06567 0.01675 0.01705
0 0.33483 0.053 0.02145 0.0167
0 0.55777 0.96027 0.02308 0.02057
0 0.6729 0.5739 0.019 0.01923
