0 0.63125 0.495 0.02 0.0275
0 0.57 0.5025 0.025 0.02
0 0.61125 0.52875 0.0225 0.02
0 0.55 0.53 0.025 0.025
0 0.52 0.53375 0.0225 0.02
0 0.79625 0.57 0.0175 0.0225
0 0.44375 0.86 0.0175 0.0175
0 0.62625 0.8725 0.02 0.0225
0 0.355 0.88125 0.0175 0.02
0 0.45125 0.89625 0.02 0.0225
0 0.37375 0.15625 0.02 0.015
0 0.6025 0.20875 0.02 0.015
0 0.12375 0.36875 0.0175 0.0225
0 0.17 0.39125 0.0225 0.02
0 0.036025 0.551725 0.01455 0.021575
0 0.4875 0.86 0.02 0.02
0 0.07125 0.34375 0.02 0.02
0 0.58 0.6675 0.0225 0.0225
0 0.0325 0.525 0.025 0.025
0 0.085 0.365 0.02 0.02
0 0.6525 0.85875 0.02 0.02
0 0.09375 0.52 0.0225 0.0225
0 0.155 0.9325 0.02 0.02
0 0.01375 0.39125 0.0225 0.0225
0 0.05625 0.58375 0.025 0.025
0 0.59375 0.61375 0.02 0.02
0 0.2325 0.27875 0.02 0.02
0 0.6575 0.685 0.02 0.0175
0 0.13375 0.92375 0.0225 0.0225
0 0.64935 0.49384999999999996 0.015600000000000001 0.01805
0 0.047025 0.544675 0.014875000000000001 0.0197
0 0.013774999999999999 0.572275 0.020675 0.023125
0 0.013125 0.601025 0.0184 0.018125
0 0.010324999999999999 0.627575 0.02045 0.021225
0 0.3508 0.273375 0.01765 0.019975
0 0.117625 0.91875 0.0192 0.017875000000000002
0 0.1612 0.9075 0.01525 0.020375
0 0.22715 0.969375 0.018574999999999998 0.015525
0 0.30405 0.9277500000000001 0.018799999999999997 0.025150000000000002
0 0.59945 0.827575 0.020325000000000003 0.026575
0 0.119175 0.49105 0.024075000000000003 0.024925000000000003