0 0.41875 0.12125 0.02 0.015
0 0.2875 0.13375 0.0225 0.0225
0 0.32 0.1625 0.0175 0.0175
0 0.365 0.295 0.0175 0.0175
0 0.18 0.345 0.03 0.0275
0 0.2775 0.3975 0.02 0.0225
0 0.30625 0.40125 0.0225 0.0175
0 0.26375 0.435 0.015 0.0175
0 0.33125 0.34375 0.025 0.0175
0 0.23875 0.25838 0.02 0.02
0 0.38 0.03125 0.02 0.02
0 0.03 0.0975 0.0225 0.0225
0 0.23375 0.4025 0.02 0.02
0 0.5075 0.64 0.0175 0.02
0 0.5675 0.64375 0.02 0.02
0 0.605 0.6475 0.0225 0.02
0 0.15125 0.65125 0.0275 0.02
0 0.49625 0.655 0.0175 0.0175
0 0.1525 0.69125 0.0225 0.0225
0 0.20375 0.69375 0.025 0.025
0 0.74875 0.7325 0.0225 0.0225
0 0.76875 0.96375 0.0225 0.0225
0 0.5575 0.6225 0.0175 0.0175
0 0.25125 0.775 0.015 0.02
0 0.29625 0.5975 0.02 0.02
0 0.455 0.5175 0.02 0.02
0 0.05125 0.935 0.02 0.02
