0 0.88625 0.0825 0.02 0.0175
0 0.72375 0.15375 0.02 0.0225
0 0.515 0.25875 0.0225 0.025
0 0.4475 0.07875 0.0225 0.0225
0 0.5025 0.0975 0.0225 0.02
0 0.4625 0.1025 0.02 0.015
0 0.8025 0.29625 0.025 0.0225
0 0.92 0.3275 0.0275 0.02
0 0.91625 0.195 0.0225 0.02
0 0.92375 0.05375 0.025 0.0225
0 0.75625 0.45 0.0225 0.02
0 0.905 0.22875 0.025 0.0175
0 0.85625 0.2675 0.0175 0.0175
0 0.88125 0.04625 0.0225 0.02
0 0.86875 0.14845 0.02 0.02
0 0.855 0.24375 0.02 0.02
0 0.9775 0.12875 0.02 0.02
0 0.425 0.33875 0.02 0.02
0 0.8675 0.47875 0.0225 0.02
0 0.88125 0.45347 0.0225 0.0225
0 0.8645 0.2919 0.01653 0.01597
0 0.89403 0.24915 0.0184 0.01777
0 0.98255 0.21653 0.02223 0.01878
0 0.88795 0.26863 0.0152 0.01585
0 0.79175 0.47555 0.0192 0.01895
0 0.95735 0.14552 0.01827 0.01965
0 0.35965 0.8848 0.0218 0.02158
0 0.18515 0.78625 0.02265 0.02
0 0.89375 0.6575 0.0275 0.0225
0 0.844 0.5938 0.02135 0.02057
0 0.8775 0.89625 0.025 0.025
0 0.69375 0.78375 0.02 0.0175
0 0.62885 0.80995 0.02587 0.0224
0 0.25375 0.5675 0.0225 0.0225
0 0.8318 0.90085 0.02493 0.0247
0 0.86 0.8775 0.025 0.0275
0 0.675 0.58125 0.02 0.0225
0 0.75625 0.59 0.0225 0.0225
0 0.8225 0.67 0.025 0.0225
0 0.92 0.53625 0.02 0.0175
0 0.92625 0.56625 0.015 0.0175
0 0.965 0.65625 0.0175 0.0125
0 0.61 0.52875 0.015 0.015
0 0.5775 0.56 0.015 0.015
0 0.84375 0.8275 0.0175 0.0175
0 0.9 0.90875 0.025 0.02
0 0.2075 0.97625 0.0175 0.0175
0 0.20625 0.68125 0.0175 0.02
0 0.29 0.65375 0.02 0.015
0 0.67375 0.8375 0.015 0.015
0 0.49875 0.66125 0.0225 0.02
0 0.7825 0.94875 0.0225 0.02
0 0.97625 0.635 0.02 0.02
0 0.4975 0.575 0.025 0.025
0 0.5625 0.7325 0.0225 0.0225
0 0.66875 0.555 0.02 0.02
0 0.84625 0.93375 0.0225 0.0225
0 0.835 0.8175 0.02 0.02
0 0.60525 0.795 0.0225 0.02
0 0.5475 0.6225 0.02 0.02
0 0.77125 0.9775 0.02 0.02
0 0.98787 0.5067 0.02038 0.0134
0 0.5662 0.63382 0.0283 0.01808
0 0.2235 0.69163 0.01907 0.0203
0 0.35242 0.96028 0.01915 0.02415
0 0.17738 0.56785 0.01545 0.01963
0 0.35178 0.5603 0.0196 0.02415
0 0.7052 0.8064 0.01755 0.01818
