0 0.10625 0.56125 0.0275 0.0225
0 0.0975 0.50625 0.0225 0.0275
0 0.2825 0.74375 0.025 0.0175
0 0.36625 0.71 0.025 0.015
0 0.38625 0.72 0.015 0.015
0 0.14375 0.5025 0.0175 0.0175
0 0.4575 0.84875 0.02 0.0175
0 0.3175 0.9225 0.02 0.0225
0 0.285 0.35125 0.02 0.02
0 0.315 0.595 0.02 0.0175
0 0.0325 0.56875 0.0225 0.015
0 0.375 0.39375 0.0225 0.02
0 0.37125 0.41875 0.02 0.0175
0 0.0275 0.1225 0.025 0.0175
0 0.29375 0.81375 0.02 0.0175
0 0.2825 0.83 0.02 0.0175
0 0.2275 0.72625 0.0175 0.02
0 0.26625 0.8025 0.0225 0.0175
0 0.09625 0.64375 0.01 0.015
0 0.07875 0.645 0.0125 0.0175
0 0.3475 0.31 0.0175 0.0225
0 0.3225 0.28875 0.02 0.02
0 0.255 0.58625 0.02 0.02
0 0.1025 0.18125 0.0175 0.02
0 0.48375 0.7925 0.0225 0.0225
0 0.34625 0.02625 0.0175 0.0175
0 0.35 0.66125 0.0225 0.025
0 0.48125 0.93625 0.0225 0.0175
0 0.4625 0.975 0.02 0.0175
0 0.14875 0.42 0.02 0.0175
0 0.06875 0.56625 0.0225 0.0175
0 0.06748 0.58163 0.01745 0.01572
0 0.6725 0.34 0.02 0.015
0 0.75125 0.24625 0.0175 0.0275
0 0.79875 0.1825 0.02 0.0225
0 0.54375 0.075 0.0175 0.02
0 0.5575 0.09125 0.0175 0.0225
0 0.73125 0.04375 0.02 0.02
0 0.73375 0.08125 0.02 0.015
0 0.71375 0.125 0.0325 0.0325
0 0.65875 0.07 0.0275 0.03
0 0.5625 0.7825 0.025 0.035
0 0.57 0.83 0.025 0.0325
0 0.67875 0.385 0.0225 0.0225
0 0.50875 0.09875 0.0175 0.0225
0 0.68625 0.13 0.0225 0.025
0 0.78 0.08375 0.0225 0.0325
