0 0.18875 0.7375 0.0225 0.02
0 0.46125 0.90875 0.0175 0.0175
0 0.27 0.7275 0.025 0.025
0 0.405 0.72375 0.0225 0.0225
0 0.12 0.80625 0.0275 0.0275
0 0.4375 0.74125 0.0225 0.0225
0 0.35125 0.92125 0.025 0.025
0 0.2125 0.385 0.0275 0.025
0 0.225 0.42 0.025 0.025
0 0.02625 0.7025 0.025 0.0225
0 0.19 0.90875 0.025 0.0225
0 0.185 0.42125 0.025 0.0225
0 0.2625 0.4025 0.0325 0.03
0 0.255 0.37125 0.0275 0.0275
0 0.62375 0.43125 0.02 0.0225
0 0.7125 0.335 0.0175 0.0175
0 0.7025 0.375 0.02 0.02
0 0.685 0.58375 0.02 0.0225
0 0.84125 0.47625 0.0225 0.02
0 0.9 0.5675 0.0225 0.0225
0 0.6625 0.67875 0.0175 0.02
0 0.5875 0.4925 0.0175 0.0175
0 0.59625 0.50125 0.0175 0.0175
0 0.83375 0.38625 0.02 0.02
0 0.8425 0.51125 0.0225 0.0225
0 0.63875 0.50125 0.025 0.0225
0 0.6325 0.47625 0.0225 0.0225
