0 0.09375 0.32 0.025 0.02
0 0.0725 0.29875 0.0225 0.0225
0 0.08 0.27875 0.025 0.0175
0 0.0325 0.4425 0.0225 0.0175
0 0.0625 0.48125 0.0275 0.0225
0 0.40875 0.4225 0.025 0.0225
0 0.3225 0.13125 0.0275 0.0225
0 0.145 0.05 0.0225 0.025
0 0.3775 0.0625 0.025 0.0225
0 0.3275 0.06875 0.025 0.02
0 0.3525 0.1075 0.02 0.0175
0 0.43 0.41875 0.025 0.0225
0 0.3775 0.1475 0.0225 0.0225
0 0.3975 0.0875 0.025 0.0175
0 0.95375 0.21125 0.0225 0.0275
0 0.965 0.16125 0.03 0.025
0 0.96875 0.13625 0.03 0.0225
0 0.31875 0.20125 0.02 0.02
0 0.04905 0.1 0.0225 0.0225
0 0.09625 0.27125 0.0225 0.0225
0 0.0825 0.0697 0.025 0.0225
0 0.40625 0.44375 0.0225 0.0225
0 0.06767 0.44593 0.02527 0.02297
0 0.09302 0.47357 0.02065 0.0156
0 0.08428 0.49257 0.0225 0.01488
0 0.92088 0.1473 0.02777 0.02712
0 0.0275 0.61875 0.0275 0.02
0 0.0925 0.64875 0.025 0.025
0 0.12935 0.58838 0.0238 0.02423
0 0.03875 0.60125 0.025 0.015
0 0.13875 0.63 0.03 0.03
