0 0.175 0.925 0.03 0.0175
0 0.16875 0.895 0.02 0.02
0 0.19375 0.88625 0.02 0.025
0 0.14125 0.87875 0.025 0.025
0 0.19125 0.945 0.025 0.0175
0 0.16125 0.66 0.02 0.025
0 0.36013 0.97347 0.02 0.02
0 0.47125 0.31888 0.025 0.025
0 0.7775 0.59125 0.0325 0.03
0 0.77 0.5575 0.0275 0.025
0 0.94125 0.605 0.0225 0.03
0 0.95625 0.5425 0.03 0.025
0 0.945 0.82125 0.0375 0.0275
0 0.9175 0.6375 0.0275 0.025
0 0.8475 0.665 0.025 0.0225
0 0.885 0.75125 0.025 0.025
0 0.92375 0.74 0.0275 0.0225
0 0.96125 0.66375 0.025 0.03
0 0.92875 0.40375 0.0325 0.0225
0 0.93375 0.38375 0.0325 0.02
0 0.865 0.3325 0.0225 0.0225
0 0.69625 0.38125 0.0225 0.0225
0 0.65625 0.4225 0.0275 0.0225
0 0.71625 0.51375 0.0225 0.03
0 0.7825 0.405 0.0225 0.0175
0 0.84 0.1675 0.025 0.025
0 0.855 0.20375 0.0225 0.02
0 0.69917 0.0634 0.03 0.025
0 0.66927 0.06125 0.025 0.025
0 0.91875 0.85 0.0225 0.0225
0 0.90625 0.29375 0.0225 0.0225
0 0.87375 0.53875 0.0225 0.02
0 0.8825 0.5075 0.025 0.015
0 0.96 0.47875 0.0225 0.0225
0 0.86625 0.255 0.03 0.0225
0 0.91375 0.23 0.025 0.0175
0 0.93 0.0775 0.0225 0.0275
0 0.87 0.22125 0.02 0.02
0 0.635 0.38125 0.0275 0.0275
0 0.78875 0.52375 0.0325 0.025
0 0.82625 0.4075 0.025 0.0175
0 0.855 0.39375 0.0225 0.0225
0 0.81625 0.33375 0.03 0.0325
0 0.84 0.285 0.025 0.03
0 0.7625 0.36125 0.0225 0.02
0 0.58887 0.0733 0.02435 0.02662
0 0.6225 0.50375 0.02 0.0175
0 0.7975 0.0825 0.02 0.0225
0 0.905 0.13875 0.025 0.0275
0 0.805 0.20625 0.02 0.02
0 0.9525 0.69125 0.02 0.025
0 0.90875 0.7875 0.0225 0.0325
0 0.76 0.41375 0.0225 0.0225
0 0.795 0.6774 0.025 0.0225
0 0.84375 0.36125 0.02 0.02
0 0.6075 0.26625 0.0225 0.02
