0 0.2525 0.295 0.0275 0.0225
0 0.60625 0.3575 0.02 0.025
0 0.565 0.37875 0.0275 0.0275
0 0.5025 0.37375 0.0175 0.02
0 0.51375 0.3175 0.015 0.02
0 0.1575 0.25 0.02 0.02
0 0.09125 0.31875 0.0175 0.015
0 0.46875 0.355 0.0225 0.02
0 0.4875 0.3325 0.0175 0.0175
0 0.59125 0.44625 0.025 0.0225
0 0.26875 0.315 0.0175 0.0175
0 0.17375 0.27875 0.0225 0.0175
0 0.17125 0.30125 0.015 0.0175
0 0.59875 0.48875 0.0225 0.0225
0 0.3925 0.43 0.0225 0.0225
0 0.1925 0.26 0.02 0.02
0 0.48125 0.54875 0.0175 0.0225
0 0.6425 0.7125 0.0175 0.02
0 0.75625 0.77625 0.0275 0.025
0 0.685 0.73375 0.02 0.0225
0 0.43625 0.855 0.0275 0.025
0 0.405 0.5525 0.0225 0.02
0 0.77875 0.555 0.025 0.0225
0 0.90625 0.62125 0.0275 0.0275
0 0.1825 0.53625 0.02 0.02
0 0.71125 0.94 0.0225 0.0225
0 0.5925 0.5125 0.0225 0.0225
