0 0.07875 0.09625 0.02 0.0175
0 0.18875 0.4 0.0225 0.025
0 0.065 0.255 0.02 0.02
0 0.0725 0.2025 0.02 0.02
0 0.08875 0.38875 0.0225 0.025
0 0.15 0.35875 0.015 0.0225
0 0.06625 0.43625 0.015 0.0175
0 0.135 0.43625 0.02 0.02
0 0.16625 0.48125 0.025 0.025
0 0.2575 0.4325 0.02 0.025
0 0.275 0.38625 0.0225 0.0225
0 0.2575 0.40625 0.02 0.02
0 0.25375 0.39125 0.0175 0.0175
0 0.30875 0.42375 0.025 0.015
0 0.315 0.4375 0.0225 0.02
0 0.2875 0.5 0.02 0.0225
0 0.27 0.50875 0.0225 0.0225
0 0.385 0.46625 0.0225 0.015
0 0.2925 0.44125 0.0225 0.0225
0 0.30875 0.47 0.0225 0.02
0 0.31375 0.5325 0.02 0.02
0 0.27 0.58 0.0275 0.0225
0 0.315 0.6025 0.025 0.02
0 0.425 0.68375 0.015 0.0225
0 0.05375 0.7775 0.025 0.0225
0 0.21125 0.79125 0.0225 0.0225
0 0.0375 0.605 0.02 0.0175
0 0.07 0.5225 0.025 0.025
0 0.47 0.80625 0.0175 0.0225
0 0.30625 0.55625 0.025 0.0275
0 0.31875 0.575 0.035 0.02
0 0.32625 0.40885 0.02 0.02
0 0.93 0.07125 0.025 0.0275
0 0.80625 0.9075 0.0275 0.0225
0 0.7675 0.89375 0.0275 0.0225
0 0.7475 0.92625 0.0275 0.02
0 0.5725 0.955 0.025 0.0225
0 0.7475 0.98875 0.0225 0.0175
0 0.7425 0.97375 0.025 0.02
0 0.5375 0.8425 0.0275 0.025
0 0.53 0.80625 0.0225 0.02
0 0.645 0.7975 0.02 0.02
0 0.60845 0.8121 0.01903 0.02025
0 0.59625 0.61875 0.025 0.0275
0 0.53875 0.60875 0.025 0.02
0 0.5375 0.68 0.02 0.0175
0 0.53875 0.53875 0.0225 0.025
0 0.55125 0.5075 0.0225 0.02
0 0.61 0.125 0.0275 0.0225
0 0.61 0.21125 0.0175 0.02
0 0.96375 0.1325 0.0175 0.0175
