0 0.055 0.25125 0.0275 0.0225
0 0.025 0.27875 0.0325 0.03
0 0.0425 0.35125 0.025 0.03
0 0.01125 0.36625 0.02 0.025
0 0.11625 0.32375 0.0225 0.025
0 0.09875 0.2975 0.0175 0.0225
0 0.115 0.28 0.0225 0.0225
0 0.21625 0.43125 0.03 0.0275
0 0.33 0.43 0.0275 0.0225
0 0.27 0.38 0.025 0.02
0 0.18 0.36625 0.025 0.02
0 0.345 0.16625 0.0275 0.0275
0 0.0625 0.7225 0.025 0.0225
0 0.68875 0.5975 0.0225 0.0275
0 0.63125 0.61 0.0275 0.0275
0 0.63 0.14625 0.0275 0.0275
0 0.65 0.08125 0.0225 0.0225
0 0.645 0.0975 0.0275 0.0225
0 0.63375 0.045 0.0275 0.0225
0 0.8175 0.24125 0.025 0.0225
0 0.785 0.20875 0.0225 0.0175
0 0.82375 0.1725 0.0275 0.025
0 0.66875 0.08 0.0175 0.0275
0 0.725 0.095 0.02 0.02
0 0.8375 0.0425 0.0375 0.0275
0 0.8475 0.0125 0.0225 0.02
0 0.8425 0.1025 0.0225 0.02
0 0.80125 0.08875 0.0225 0.0175
0 0.72 0.65375 0.025 0.025
0 0.61125 0.5225 0.0275 0.025
0 0.69 0.9575 0.0275 0.025
0 0.16 0.32125 0.0225 0.0225
0 0.605 0.61125 0.025 0.025
0 0.2975 0.282075 0.025 0.0225
0 0.22375 0.35 0.0275 0.025
0 0.62125 0.65375 0.0225 0.0225
0 0.03375 0.86625 0.02 0.02
0 0.1575 0.86125 0.025 0.025
0 0.52625 0.575 0.02 0.02
0 0.285 0.48 0.025 0.025
0 0.19125 0.29375 0.0225 0.02
0 0.8 0.1425 0.02 0.02
0 0.20625 0.2675 0.02 0.02
0 0.01375 0.795 0.0225 0.0225
0 0.75125 0.64625 0.025 0.025
0 0.6725 0.1275 0.02 0.02
0 0.44625 0.045 0.02 0.02
0 0.60125 0.02 0.02 0.02
0 0.3825 0.58875 0.02 0.02
0 0.49875 0.58375 0.0225 0.0225
0 0.21 0.3175 0.025 0.025
0 0.645 0.67 0.0225 0.0225
0 0.03875 0.845 0.02 0.02
0 0.760425 0.04625 0.0225 0.0225
0 0.705 0.015 0.0225 0.0225
0 0.55375 0.6925 0.0225 0.02