0 0.2125 0.86625 0.025 0.0225
0 0.0725 0.10875 0.03 0.025
0 0.47375 0.88625 0.025 0.0225
0 0.4775 0.8625 0.025 0.0225
0 0.41125 0.9375 0.0225 0.02
0 0.46625 0.9925 0.025 0.015
0 0.205 0.755 0.0175 0.0175
0 0.4 0.9725 0.0175 0.02
0 0.48625 0.7425 0.025 0.02
0 0.1 0.1675 0.02 0.02
0 0.55125 0.64375 0.0225 0.02
0 0.65375 0.6275 0.0175 0.0175
0 0.565 0.845 0.0175 0.02
0 0.53 0.8575 0.025 0.0275
0 0.63875 0.41125 0.03 0.0175
0 0.64625 0.4675 0.0225 0.0225
0 0.52875 0.4675 0.02 0.015
0 0.52625 0.48625 0.015 0.015
0 0.53375 0.5525 0.015 0.0125
0 0.8925 0.68625 0.0225 0.015
0 0.875 0.79625 0.0275 0.0125
0 0.60875 0.57875 0.0275 0.02
0 0.53625 0.5325 0.02 0.0175
0 0.59125 0.7675 0.0225 0.02
0 0.86125 0.5775 0.0225 0.015
0 0.64625 0.4675 0.0225 0.0225
0 0.58625 0.67625 0.025 0.025
