0 0.66125 0.06625 0.025 0.0225
0 0.6425 0.24625 0.0225 0.0275
0 0.6925 0.21625 0.0175 0.0225
0 0.635 0.29375 0.02 0.02
0 0.61 0.39125 0.025 0.02
0 0.685 0.2625 0.0175 0.015
0 0.725 0.26125 0.0175 0.0225
0 0.7375 0.23 0.02 0.025
0 0.6375 0.125 0.0225 0.02
0 0.74125 0.04125 0.0225 0.0175
0 0.715 0.44625 0.02 0.015
0 0.86125 0.10625 0.025 0.0225
0 0.89625 0.61625 0.0225 0.0275
0 0.7075 0.565 0.0175 0.0175
0 0.07375 0.79125 0.0225 0.0225
0 0.04875 0.815 0.0225 0.0225
0 0.5475 0.57658 0.02375 0.01937
