0 0.11585 0.07308 0.0242 0.0226
0 0.0423 0.07652 0.02962 0.02558
0 0.06995 0.1139 0.0249 0.02527
0 0.2375 0.075 0.02 0.0225
0 0.20125 0.14625 0.0225 0.0225
0 0.26125 0.15 0.0275 0.025
0 0.21125 0.17625 0.02 0.02
0 0.2601 0.20535 0.0252 0.02178
0 0.21 0.20375 0.025 0.02
0 0.43875 0.90507 0.02112 0.02063
0 0.4375 0.30875 0.0225 0.025
0 0.20098 0.463 0.02575 0.0224
0 0.34323 0.3494 0.01833 0.02065
0 0.1575 0.0625 0.02 0.02
0 0.41375 0.41625 0.0225 0.0225
0 0.18125 0.31625 0.02 0.02
0 0.49125 0.76375 0.0175 0.0225
0 0.26935 0.368 0.0237 0.01727
0 0.28055 0.74982 0.02183 0.0175
0 0.09653 0.166 0.02517 0.01773
0 0.169 0.2454 0.01837 0.0158
0 0.15205 0.34327 0.01837 0.01868
0 0.2953 0.43057 0.01915 0.01827
0 0.28817 0.4048 0.01742 0.01673
0 0.26963 0.3829 0.02145 0.01812
0 0.2301 0.1659 0.01837 0.01643
0 0.43707 0.85752 0.0206 0.0204
0 0.39175 0.8249 0.02278 0.01942
0 0.12218 0.12838 0.0158 0.01745
0 0.12953 0.14015 0.01593 0.0197
0 0.1837 0.03085 0.01562 0.02243
0 0.24652 0.23073 0.0252 0.0168
0 0.36282 0.36447 0.01897 0.01392
0 0.41088 0.7127 0.0182 0.01827
0 0.44478 0.92448 0.01632 0.01533
0 0.47302 0.82875 0.01762 0.02355
0 0.4289 0.964 0.0203 0.01907
0 0.49018 0.37517 0.01965 0.0218
0 0.905 0.92125 0.0225 0.0225
0 0.53 0.83625 0.0225 0.015
0 0.50875 0.78125 0.0175 0.0225
0 0.55125 0.95375 0.02 0.0225
0 0.5725 0.955 0.0175 0.02
0 0.7 0.63625 0.0175 0.0275
0 0.78875 0.2258 0.0225 0.0225
0 0.60875 0.26375 0.02 0.02
0 0.73625 0.2125 0.0225 0.0225
0 0.8925 0.69875 0.02 0.02
0 0.61125 0.33375 0.0225 0.0225
0 0.55355 0.97347 0.01968 0.01735
0 0.5367 0.87025 0.01963 0.01865
0 0.5175 0.8899 0.01715 0.0191
0 0.53188 0.9218 0.0173 0.02038
0 0.51018 0.81045 0.01712 0.01733
0 0.53202 0.78942 0.01762 0.0199
0 0.63297 0.10643 0.01593 0.02
0 0.7545 0.5662 0.01972 0.02167
