0 0.89625 0.525 0.0225 0.0175
0 0.7825 0.5425 0.0175 0.0175
0 0.8675 0.56 0.02 0.0175
0 0.95 0.5625 0.0225 0.0175
0 0.855 0.57625 0.02 0.0225
0 0.87375 0.6 0.02 0.02
0 0.92375 0.63875 0.0175 0.02
0 0.55375 0.65625 0.0175 0.015
0 0.92125 0.68 0.02 0.015
0 0.66375 0.68625 0.02 0.0175
0 0.885 0.7075 0.025 0.02
0 0.57875 0.7125 0.0175 0.02
0 0.79125 0.71875 0.0175 0.02
0 0.93375 0.72875 0.02 0.015
0 0.9075 0.73875 0.02 0.02
0 0.935 0.795 0.0225 0.0175
0 0.8775 0.93375 0.0175 0.02
0 0.31375 0.03875 0.0225 0.02
0 0.790175 0.083925 0.02415 0.022850000000000002
0 0.7675 0.175 0.0175 0.02
0 0.7725 0.195 0.0225 0.0175
0 0.8392000000000001 0.28905000000000003 0.024775000000000002 0.023725
0 0.9225 0.38625 0.0225 0.02
0 0.4475 0.40875 0.0225 0.0225
0 0.9125 0.42625 0.025 0.0225
0 0.405 0.4375 0.0175 0.0225
0 0.835 0.4625 0.0225 0.0175
0 0.404925 0.010225 0.02405 0.019725
0 0.345 0.87375 0.02 0.02
0 0.9775 0.79625 0.0275 0.0275
0 0.365875 0.87265 0.020925 0.01915
0 0.8575 0.37 0.02 0.02
0 0.18 0.335 0.025 0.025
0 0.84375 0.975 0.02 0.0175
0 0.92125 0.70875 0.0175 0.0175
0 0.59 0.85625 0.0225 0.0225
0 0.835 0.712175 0.02 0.02
0 0.7975 0.03625 0.02 0.02
0 0.914075 0.25375 0.0225 0.025
0 0.45625 0.1375 0.02 0.02
0 0.69125 0.1475 0.02 0.02
0 0.96375 0.62625 0.02 0.02
0 0.57875 0.68375 0.02 0.0175
0 0.94375 0.77625 0.0225 0.0225
0 0.35375 0.63375 0.0225 0.0225
0 0.77 0.2925 0.02 0.02
0 0.395 0.87 0.02 0.02
0 0.4525 0.3725 0.0225 0.02
0 0.97625 0.59125 0.02 0.02
0 0.82625 0.535 0.0225 0.0225
0 0.38 0.325 0.02 0.02
0 0.2775 0.06625 0.02 0.02
0 0.9325 0.45625 0.02 0.02
0 0.86125 0.52 0.02 0.0175
0 0.32875 0.6925 0.0175 0.0175
0 0.8748999999999999 0.177325 0.0203 0.015925
0 0.9175 0.76875 0.0175 0.02
0 0.8630249999999999 0.9845 0.015025 0.016725
0 0.3946 0.9878 0.017775 0.020225
0 0.55835 0.7442749999999999 0.016675 0.017124999999999998
0 0.486325 0.7880750000000001 0.0191 0.019
0 0.40509999999999996 0.570375 0.01915 0.019325000000000002
0 0.335175 0.02125 0.018574999999999998 0.019275
0 0.7230249999999999 0.13977499999999998 0.01925 0.018825
0 0.027000000000000003 0.026475 0.02005 0.019025
0 0.745175 0.175375 0.022525 0.020375
0 0.82135 0.014025000000000001 0.0195 0.0209
0 0.8736499999999999 0.1893 0.015224999999999999 0.014275
0 0.8947750000000001 0.17170000000000002 0.0217 0.023775
0 0.869675 0.2525 0.01795 0.0175
0 0.759525 0.2371 0.02085 0.01885
0 0.813475 0.577375 0.019825 0.020825
0 0.887675 0.58935 0.019275 0.017975
0 0.9437000000000001 0.57725 0.0144 0.013349999999999999
0 0.96185 0.533275 0.02015 0.016575
0 0.9654 0.519525 0.018325 0.01225
0 0.8441500000000001 0.54635 0.020625 0.017675
0 0.88385 0.688 0.019475 0.017075
0 0.8239 0.6883499999999999 0.019225000000000003 0.017775
0 0.961125 0.724425 0.01155 0.014950000000000001
0 0.971025 0.70395 0.015275 0.01685
0 0.97195 0.7289249999999999 0.018600000000000002 0.01855
0 0.967725 0.846575 0.0158 0.019925
0 0.985475 0.8478249999999999 0.020125 0.01505
0 0.888775 0.608575 0.022475000000000002 0.025724999999999998
0 0.9678249999999999 0.547125 0.0197 0.01645
0 0.944625 0.449975 0.0197 0.019675
0 0.9683499999999999 0.366025 0.018825 0.015975
0 0.9238500000000001 0.31370000000000003 0.020925 0.02205
0 0.557375 0.726625 0.0165 0.017525
0 0.586925 0.73295 0.0149 0.0159
0 0.6122 0.7658 0.02085 0.020874999999999998
0 0.00715 0.39020000000000005 0.014275 0.019625
0 0.34005 0.730475 0.0194 0.02165
0 0.369475 0.8963249999999999 0.017525 0.019424999999999998
0 0.030375 0.16649999999999998 0.019675 0.0187