0 0.38053 0.47635 0.02608 0.0184
0 0.22073 0.52448 0.02142 0.02393
0 0.2434 0.4784 0.02178 0.02465
0 0.37348 0.62197 0.0184 0.02285
0 0.25375 0.50875 0.02 0.02
0 0.235 0.51 0.015 0.0225
0 0.43625 0.82375 0.025 0.02
0 0.15 0.88 0.02 0.02
0 0.19965 0.4825 0.02 0.02
0 0.30302 0.6101 0.02072 0.01733
0 0.1925 0.51 0.0225 0.0225
0 0.38615 0.67812 0.02053 0.0241
0 0.23573 0.52903 0.02322 0.01698
0 0.275 0.4567 0.02322 0.02053
0 0.3875 0.65535 0.01785 0.01785
0 0.39017 0.63438 0.01965 0.01875
0 0.42948 0.65982 0.01965 0.01965
0 0.42635 0.68035 0.01875 0.01785
0 0.35938 0.73392 0.02232 0.01965
