0 0.1625 0.2975 0.0275 0.0275
0 0.24 0.34375 0.0225 0.0225
0 0.3725 0.42375 0.03 0.0275
0 0.28625 0.325 0.0225 0.0225
0 0.265 0.3625 0.02 0.02
0 0.1325 0.36 0.02 0.02
0 0.34125 0.36125 0.02 0.02
0 0.19625 0.25 0.0225 0.0225
0 0.40375 0.3425 0.02 0.02
0 0.55375 0.37375 0.02 0.02
0 0.61875 0.43875 0.0225 0.0225
0 0.58 0.39 0.02 0.0175
0 0.65875 0.385 0.0175 0.02
0 0.7675 0.46875 0.025 0.025
0 0.9775 0.1725 0.02 0.02
0 0.7925 0.39625 0.0225 0.02
0 0.85 0.42125 0.02 0.02
0 0.86625 0.205 0.02 0.02
0 0.1475 0.56875 0.0275 0.02
0 0.2175 0.555 0.0275 0.025
0 0.08625 0.93462 0.025 0.025
0 0.05375 0.8525 0.0225 0.0225
0 0.04125 0.91462 0.0225 0.0225
0 0.125 0.84625 0.0225 0.0225
0 0.07875 0.845 0.02 0.02
0 0.05 0.79 0.0225 0.02
0 0.7525 0.54125 0.02 0.025
0 0.9475 0.6 0.025 0.0225
0 0.9625 0.73625 0.0325 0.0275
0 0.9672 0.64875 0.02 0.02
