0 0.64875 0.19875 0.0325 0.025
0 0.6675 0.23375 0.02 0.0325
0 0.55875 0.19625 0.0275 0.0225
0 0.6075 0.2025 0.03 0.0225
0 0.6525 0.2675 0.02 0.0225
0 0.7025 0.21625 0.02 0.025
0 0.735 0.21125 0.0175 0.03
0 0.95375 0.18125 0.03 0.0275
0 0.16875 0.1325 0.025 0.0275
0 0.1425 0.08875 0.03 0.02
0 0.09 0.05 0.02 0.02
0 0.1 0.14125 0.0225 0.0175
0 0.09875 0.16125 0.0275 0.0225
0 0.16875 0.1325 0.0275 0.0275
0 0.20875 0.2525 0.0225 0.02
0 0.62125 0.235 0.0225 0.0225
0 0.86625 0.0228 0.02 0.02
0 0.97875 0.04125 0.0225 0.0225
0 0.21125 0.45875 0.0275 0.025
0 0.14 0.24875 0.0225 0.0225
0 0.08875 0.3725 0.025 0.025
0 0.69437 0.27 0.0225 0.0225
0 0.02987 0.13612 0.02612 0.025
0 0.16885 0.07252 0.02183 0.02933
0 0.1897 0.08188 0.02822 0.02877
0 0.7134 0.25427 0.017 0.01968
0 0.72567 0.28475 0.0202 0.02608
0 0.16 0.61375 0.025 0.015
0 0.21375 0.62125 0.0275 0.02
0 0.195 0.6125 0.025 0.0175
0 0.19375 0.655 0.0175 0.0175
0 0.20875 0.905 0.025 0.0275
0 0.2025 0.86625 0.0175 0.02
0 0.4225 0.80625 0.0225 0.025
0 0.3575 0.87375 0.02 0.0225
0 0.36625 0.80125 0.02 0.0175
0 0.375 0.77125 0.025 0.02
0 0.4775 0.89875 0.02 0.0225
0 0.1725 0.53375 0.015 0.0175
0 0.3875 0.8275 0.0225 0.02
0 0.35625 0.82875 0.0225 0.02
0 0.4225 0.83875 0.0175 0.0225
0 0.435 0.9025 0.0225 0.02
0 0.46375 0.92 0.0175 0.015
0 0.3575 0.87375 0.02 0.02
0 0.4 0.5275 0.0225 0.0225
0 0.44375 0.76 0.0225 0.0225
0 0.3425 0.90625 0.0225 0.0225
0 0.36875 0.895 0.02 0.02
0 0.39375 0.87375 0.02 0.02
0 0.32858 0.7911 0.02393 0.01903
0 0.21 0.80875 0.0225 0.0225
0 0.435 0.63875 0.0225 0.02
