0 0.19375 0.43625 0.0225 0.0225
0 0.17375 0.45375 0.0225 0.02
0 0.14625 0.40625 0.015 0.015
0 0.29375 0.44625 0.0175 0.0175
0 0.26 0.4325 0.0225 0.02
0 0.20125 0.29625 0.0225 0.0175
0 0.21 0.42625 0.0125 0.015
0 0.48525 0.44192 0.017 0.02132
0 0.9175 0.325 0.02 0.015
0 0.86 0.28875 0.025 0.0175
0 0.88905 0.27387 0.0206 0.02183
0 0.66625 0.24 0.02 0.015
0 0.72875 0.17375 0.02 0.0175
0 0.38 0.44 0.0225 0.0225
0 0.34 0.46375 0.02 0.0175
0 0.7403 0.12533 0.02193 0.01685
0 0.755 0.14625 0.02 0.015
0 0.03033 0.37015 0.02187 0.0253
0 0.43 0.3625 0.0225 0.02
0 0.67125 0.16875 0.0175 0.015
0 0.7475 0.39125 0.0175 0.02
0 0.745 0.2425 0.02 0.0225
0 0.81375 0.1075 0.0275 0.02
0 0.37625 0.37 0.0125 0.02
0 0.30215 0.485 0.02 0.0175
0 0.11 0.48375 0.0225 0.02
0 0.16125 0.3375 0.02 0.0175
0 0.0975 0.4775 0.02 0.02
0 0.17988 0.42287 0.02425 0.02025
0 0.18005 0.48698 0.02393 0.02393
0 0.21808 0.4899 0.02127 0.02022
0 0.20505 0.46728 0.0218 0.01968
0 0.45625 0.55375 0.015 0.015
0 0.465 0.54 0.02 0.0125
0 0.555 0.9575 0.02 0.0225
0 0.53125 0.52875 0.02 0.02
0 0.84875 0.84625 0.0225 0.0225
0 0.585 0.93125 0.02 0.02
