0 0.40375 0.76875 0.02 0.0275
0 0.23125 0.705 0.025 0.02
0 0.26375 0.91125 0.0175 0.025
0 0.31375 0.9375 0.0225 0.02
0 0.25 0.92 0.0225 0.0175
0 0.60625 0.825 0.0225 0.0225
0 0.685 0.66375 0.02 0.0225
0 0.37125 0.8275 0.0225 0.0175
0 0.48625 0.9225 0.0175 0.02
0 0.47625 0.6125 0.0225 0.0175
0 0.40375 0.83375 0.025 0.02
0 0.39875 0.49375 0.02 0.0175
0 0.38625 0.48125 0.02 0.0175
0 0.250275 0.54535 0.02375 0.021425
0 0.27 0.7 0.02 0.02
0 0.26625 0.64 0.0175 0.0175
0 0.39375 0.97125 0.02 0.02
0 0.3025 0.91375 0.02 0.0225
0 0.01115 0.9084749999999999 0.022324999999999998 0.020525
0 0.008475 0.890625 0.016975 0.01875
0 0.008924999999999999 0.99285 0.017849999999999998 0.014275
0 0.63705 0.7044750000000001 0.022324999999999998 0.014275
0 0.29107500000000003 0.659825 0.016075 0.014275
0 0.30760000000000004 0.628575 0.016975 0.017849999999999998
0 0.6227750000000001 0.90045 0.022324999999999998 0.020525
0 0.9370499999999999 0.965625 0.01875 0.01875