0 0.78625 0.795 0.03 0.025
0 0.74 0.68 0.0175 0.0275
0 0.7925 0.68125 0.0275 0.0275
0 0.50875 0.40125 0.0225 0.02
0 0.55 0.38875 0.025 0.0225
0 0.8681 0.25855 0.018825 0.02005
0 0.9358249999999999 0.354525 0.025825 0.02405
0 0.935 0.29125 0.02 0.0225
0 0.94 0.31375 0.0225 0.0175
0 0.93 0.25625 0.0175 0.025
0 0.16375 0.66375 0.03 0.0275
0 0.19 0.6975 0.025 0.0225
0 0.31125 0.785 0.0275 0.02
0 0.77375 0.59375 0.03 0.0225
0 0.45125 0.3075 0.0225 0.0225
0 0.50125 0.10125 0.0225 0.02
0 0.5925 0.04 0.0225 0.02
0 0.7375 0.12 0.025 0.0225
0 0.83875 0.24375 0.0225 0.02
0 0.82 0.295 0.0175 0.025
0 0.6225 0.36 0.02 0.0175
0 0.6275 0.38625 0.02 0.015
0 0.48875 0.4375 0.02 0.0175
0 0.325 0.60375 0.0225 0.0225
0 0.35125 0.58125 0.0175 0.0275
0 0.15375 0.90375 0.03 0.0175
0 0.22 0.89625 0.02 0.025
0 0.47875 0.805 0.02 0.02
0 0.4575 0.79625 0.02 0.0175
0 0.80125 0.72875 0.0275 0.0275
0 0.5275 0.24125 0.0275 0.0175
0 0.635 0.18875 0.015 0.0225
0 0.665 0.3325 0.02 0.015
0 0.83 0.7725 0.0275 0.02
0 0.8225 0.6975 0.0175 0.015
0 0.81875 0.20875 0.0175 0.02
0 0.91375 0.28125 0.015 0.0175
0 0.96875 0.25875 0.0125 0.0175
0 0.375 0.605 0.0175 0.0225
0 0.36875 0.58375 0.0225 0.0225
0 0.31 0.7575 0.0175 0.02
0 0.94125 0.21375 0.0175 0.0225
0 0.75875 0.08625 0.025 0.0225
0 0.71375 0.07125 0.0225 0.0225
0 0.26375 0.7075 0.0225 0.0225
0 0.57875 0.13375 0.0225 0.02
0 0.21 0.86625 0.02 0.02
0 0.0375 0.24 0.0225 0.0225
0 0.565 0.2525 0.02 0.02
0 0.945 0.2825 0.02 0.02
0 0.90375 0.25625 0.02 0.02
0 0.33535 0.49375 0.02 0.02
0 0.0425 0.25625 0.0225 0.0225
0 0.465 0.36375 0.0175 0.0175
0 0.03 0.03375 0.0225 0.0225
0 0.90125 0.66 0.0225 0.0225
0 0.23625 0.77 0.0225 0.0225