0 0.39125 0.345 0.0175 0.0175
0 0.11375 0.0725 0.02 0.0225
0 0.07875 0.435 0.03 0.0175
0 0.0325 0.42625 0.025 0.0175
0 0.07125 0.45125 0.0225 0.0175
0 0.3125 0.315 0.02 0.02
0 0.0455 0.0618 0.016 0.01648
0 0.06662 0.0267 0.0154 0.0159
0 0.1329 0.06132 0.01582 0.0173
0 0.09533 0.05588 0.01925 0.0171
0 0.08482 0.10172 0.01788 0.0231
0 0.05922 0.35672 0.02203 0.02057
0 0.02478 0.34857 0.0174 0.015
0 0.43 0.8925 0.0175 0.02
0 0.355 0.9525 0.02 0.02
0 0.11625 0.76125 0.025 0.0225
0 0.09375 0.74 0.02 0.015
0 0.14875 0.76 0.0225 0.0175
0 0.14625 0.74375 0.0225 0.0175
0 0.82375 0.685 0.02 0.0175
0 0.07637 0.52848 0.02502 0.0228
0 0.4975 0.9275 0.0225 0.0225
0 0.105 0.565 0.0225 0.0225
0 0.85625 0.93625 0.0225 0.02
0 0.03737 0.52768 0.02167 0.01997
0 0.31233 0.61158 0.02487 0.02193
0 0.35042 0.87147 0.0151 0.01438
0 0.5881 0.78602 0.0244 0.01667
0 0.45203 0.81337 0.01835 0.02138
0 0.72782 0.71613 0.01992 0.01615
0 0.73073 0.95737 0.01857 0.01833
0 0.32308 0.8762 0.01577 0.01847
0 0.6673 0.86897 0.01675 0.02368
0 0.6845 0.858 0.0185 0.0142
0 0.5061 0.78787 0.01758 0.0186
0 0.15687 0.72915 0.0184 0.01723
0 0.10725 0.71302 0.01808 0.01712
0 0.04537 0.51462 0.0164 0.01315
0 0.7441 0.5444 0.015 0.01735
0 0.73502 0.56622 0.0165 0.02175
