0 0.38125 0.54625 0.025 0.025
0 0.58625 0.67 0.0175 0.02
0 0.65375 0.615 0.02 0.015
0 0.49125 0.655 0.0225 0.02
0 0.47375 0.585 0.02 0.025
0 0.5125 0.635 0.025 0.0275
0 0.12359999999999999 0.350075 0.027225000000000003 0.02275
0 0.125 0.33125 0.0275 0.0175
0 0.14625 0.285 0.025 0.02
0 0.20375 0.245 0.025 0.0125
0 0.20875 0.26375 0.025 0.02
0 0.06875 0.1325 0.025 0.025
0 0.35875 0.4975 0.025 0.025
0 0.2375 0.58375 0.025 0.0225
0 0.20375 0.5725 0.02 0.02
0 0.0825 0.5925 0.0175 0.02
0 0.3236 0.54215 0.0203 0.023025000000000004
0 0.34625 0.52625 0.0275 0.0225
0 0.41625 0.56 0.02 0.025
0 0.325 0.71125 0.02 0.0225
0 0.18555 0.15869999999999998 0.031125 0.024900000000000002
0 0.40125 0.495 0.0225 0.0175
0 0.07492499999999999 0.395325 0.02535 0.023424999999999998
0 0.50375 0.59875 0.0175 0.0175
0 0.425 0.7075 0.02 0.0225
0 0.455 0.52625 0.0175 0.02
0 0.7375 0.7125 0.02 0.0175
0 0.64 0.66125 0.0175 0.0175
0 0.795 0.515 0.025 0.02
0 0.48125 0.45 0.02 0.0225
0 0.18 0.3475 0.025 0.025
0 0.01125 0.54875 0.0225 0.025
0 0.06625 0.07875 0.02 0.025
0 0.918025 0.9159 0.016475 0.02015
0 0.11 0.64 0.015 0.015
0 0.16625 0.6325 0.02 0.02
0 0.02625 0.2575 0.02 0.0175
0 0.03625 0.24125 0.0225 0.0225
0 0.2525 0.24875 0.0225 0.02
0 0.2675 0.22875 0.015 0.015
0 0.27625 0.2425 0.02 0.025
0 0.2825 0.22125 0.015 0.015
0 0.62375 0.585 0.02 0.02
0 0.40125 0.51375 0.0175 0.015
0 0.0225 0.60875 0.0225 0.02
0 0.2175 0.355 0.0275 0.03
0 0.68875 0.6025 0.0225 0.0225
0 0.43375 0.62 0.0175 0.0175
0 0.41375 0.40625 0.02 0.02
0 0.88 0.97125 0.02 0.02
0 0.81 0.8975 0.0175 0.0175
0 0.48625 0.4725 0.02 0.02
0 0.05525 0.35174999999999995 0.014924999999999999 0.020925
0 0.8375 0.90375 0.0175 0.0175
0 0.2925 0.61 0.0225 0.02
0 0.39125 0.67875 0.025 0.025
0 0.08375 0.67875 0.02 0.02
0 0.66375 0.72 0.0225 0.02
0 0.655 0.595 0.02 0.02
0 0.46375 0.38875 0.0225 0.0225
0 0.0125 0.39 0.0225 0.0225
0 0.0453 0.266575 0.0183 0.015075
0 0.0058 0.062075 0.0116 0.0223
0 0.0262 0.08902499999999999 0.0167 0.026275
0 0.0373 0.115775 0.019275 0.01905
0 0.092875 0.015 0.019675 0.019299999999999998
0 0.2571 0.21767499999999998 0.014199999999999999 0.015700000000000002
0 0.0639 0.3422 0.01705 0.018325
0 0.08315 0.297725 0.018075 0.0169
0 0.09327500000000001 0.1936 0.015125 0.01755
0 0.05285 0.3876 0.019975 0.019825
0 0.151975 0.240475 0.01645 0.018425
0 0.166875 0.265325 0.021225 0.025325
0 0.024675 0.137225 0.020775000000000002 0.019074999999999998
0 0.168775 0.189625 0.017925 0.018525
0 0.174725 0.6456999999999999 0.021949999999999997 0.015725
0 0.3126 0.7378 0.019825 0.02025
0 0.467075 0.628775 0.0181 0.02365
0 0.5286500000000001 0.584025 0.014424999999999999 0.01985
0 0.552875 0.5887 0.01825 0.02025
0 0.61 0.556825 0.021775000000000003 0.020775000000000002
0 0.546 0.6768000000000001 0.0152 0.019675
0 0.87345 0.8741500000000001 0.018349999999999998 0.0233
0 0.913625 0.8593500000000001 0.018325 0.020499999999999997
0 0.8791500000000001 0.8999250000000001 0.019025 0.021275
0 0.10827500000000001 0.037599999999999995 0.01915 0.019475
0 0.0857 0.16602499999999998 0.0196 0.015975
0 0.09805 0.14395 0.019325000000000002 0.0165
0 0.194075 0.18695 0.016725 0.01855
0 0.215425 0.18710000000000002 0.015600000000000001 0.01705
0 0.23809999999999998 0.1487 0.017275 0.01525
0 0.25239999999999996 0.147325 0.015975 0.020675
0 0.251375 0.1714 0.0206 0.017775
0 0.41302500000000003 0.47725 0.0207 0.0206
0 0.460875 0.55665 0.019950000000000002 0.02045
0 0.48164999999999997 0.6936249999999999 0.022250000000000002 0.0194
0 0.454175 0.730775 0.020825 0.016925