0 0.1875 0.075 0.0275 0.0175
0 0.1525 0.08125 0.0175 0.02
0 0.13035 0.08705 0.02142 0.02232
0 0.2509 0.19778 0.01607 0.02232
0 0.23035 0.20222 0.01785 0.0241
0 0.7825 0.11625 0.02 0.0175
0 0.825 0.4125 0.0225 0.02
0 0.675 0.21 0.0175 0.02
0 0.66 0.075 0.02 0.0225
0 0.56125 0.18625 0.0175 0.0225
0 0.5625 0.05125 0.0175 0.0175
0 0.85125 0.06875 0.025 0.02
0 0.5875 0.1325 0.0225 0.02
0 0.965 0.38375 0.0225 0.0225
0 0.66475 0.33955 0.01865 0.02045
0 0.65375 0.31375 0.0225 0.02
0 0.68125 0.11625 0.025 0.0225
0 0.77 0.18125 0.02 0.0175
0 0.95 0.155 0.02 0.02
0 0.82 0.27375 0.0175 0.0175
0 0.895 0.26 0.02 0.02
0 0.745 0.25625 0.02 0.02
0 0.51638 0.0943 0.01805 0.02172
0 0.5498 0.26412 0.01745 0.01752
0 0.53795 0.22058 0.01878 0.01792
0 0.96382 0.0247 0.01873 0.02442
0 0.9715 0.04997 0.01798 0.0178
0 0.81198 0.05605 0.02575 0.01748
0 0.69837 0.16985 0.01815 0.01825
0 0.98068 0.36933 0.01492 0.02078
0 0.97035 0.35395 0.01925 0.0168
0 0.723 0.22923 0.01742 0.0174
0 0.5175 0.03635 0.0168 0.02092
0 0.8506 0.05317 0.02085 0.02243
0 0.34875 0.6325 0.0225 0.0275
0 0.4575 0.54 0.025 0.025
0 0.17162 0.53067 0.01823 0.02027
0 0.28338 0.5076 0.02033 0.01518
0 0.65 0.8675 0.0225 0.0225
0 0.7225 0.84625 0.0175 0.0175
0 0.7375 0.89875 0.02 0.0175
0 0.68665 0.9175 0.02 0.0225
0 0.785 0.87 0.0175 0.015
0 0.66375 0.92 0.0225 0.025
0 0.595 0.84 0.02 0.02
0 0.71515 0.90325 0.01972 0.02467
0 0.7175 0.86875 0.0175 0.02
0 0.87125 0.91625 0.0175 0.0175
0 0.89625 0.9175 0.02 0.0225
0 0.75 0.96125 0.02 0.02
0 0.80875 0.88 0.0175 0.02
0 0.965 0.70625 0.0225 0.02
0 0.68875 0.77375 0.0175 0.0175
0 0.9625 0.5425 0.02 0.02
0 0.85875 0.9425 0.0175 0.0175
0 0.70422 0.84635 0.01735 0.01767
0 0.73573 0.77025 0.0197 0.01727
0 0.73513 0.75265 0.01667 0.01777
0 0.98108 0.66475 0.01392 0.017
0 0.60797 0.81055 0.0195 0.01933
0 0.61137 0.8488 0.01655 0.01667
0 0.74567 0.82062 0.01455 0.01802
0 0.75562 0.83187 0.01375 0.01303
0 0.7683 0.89862 0.01695 0.0169
0 0.80775 0.85915 0.01907 0.02185
