0 0.45125 0.31625 0.025 0.0225
0 0.47375 0.3725 0.02 0.0275
0 0.5 0.34 0.015 0.01
0 0.5 0.35875 0.0225 0.0175
0 0.52125 0.23625 0.0225 0.02
0 0.51875 0.18625 0.0225 0.0175
0 0.525 0.205 0.0225 0.0175
0 0.5175 0.1625 0.0275 0.0175
0 0.5325 0.1375 0.0225 0.02
0 0.6225 0.22625 0.02 0.02
0 0.6925 0.03375 0.025 0.02
0 0.79125 0.07625 0.0225 0.0175
0 0.75375 0.165 0.0175 0.02
0 0.8475 0.225 0.0175 0.0175
0 0.83375 0.265 0.02 0.0175
0 0.70375 0.30875 0.02 0.015
0 0.7325 0.255 0.015 0.0175
0 0.80125 0.11125 0.02 0.0175
0 0.81875 0.09875 0.015 0.0125
0 0.74 0.2275 0.02 0.015
0 0.73875 0.20625 0.015 0.02
0 0.58875 0.42875 0.025 0.02
0 0.4725 0.45625 0.0225 0.015
0 0.51375 0.3975 0.015 0.0125
0 0.5325 0.39625 0.015 0.0175
0 0.66875 0.07375 0.0175 0.0125
0 0.6825 0.09 0.02 0.0225
0 0.30375 0.39 0.0225 0.02
0 0.405 0.25 0.03 0.0225
0 0.40125 0.325 0.025 0.025
0 0.4125 0.2925 0.0175 0.015
0 0.7675 0.28625 0.0225 0.025
0 0.78125 0.20875 0.02 0.02
0 0.58625 0.16625 0.0175 0.0225
0 0.59875 0.15875 0.02 0.025
0 0.6225 0.26625 0.0225 0.0225
0 0.51875 0.18375 0.0225 0.0225
0 0.7175 0.23595 0.0225 0.0225
0 0.84625 0.3925 0.02 0.02
0 0.585 0.6425 0.02 0.0175
0 0.70177 0.63225 0.02647 0.022
0 0.70875 0.5925 0.02 0.02
0 0.69875 0.53625 0.0225 0.0175
0 0.65625 0.56 0.0175 0.02
0 0.6375 0.55625 0.0175 0.0175
0 0.79875 0.85875 0.02 0.015
0 0.79875 0.52297 0.025 0.02405
0 0.75375 0.54875 0.0275 0.025
0 0.5925 0.5225 0.0225 0.02
0 0.6875 0.8075 0.02 0.02
0 0.6325 0.73375 0.02 0.02
0 0.63 0.70375 0.0225 0.02
0 0.7275 0.6025 0.02 0.02
0 0.6525 0.885 0.02 0.02
0 0.5375 0.54125 0.0225 0.0225
0 0.02875 0.9175 0.025 0.0225
0 0.80375 0.72875 0.0225 0.0225
0 0.73 0.625 0.0225 0.02
0 0.72125 0.69375 0.02 0.02
