0 0.89875 0.07375 0.02 0.02
0 0.9175 0.09625 0.0175 0.02
0 0.08 0.24875 0.025 0.0175
0 0.12002499999999999 0.21095 0.012424999999999999 0.0169
0 0.2 0.95375 0.02 0.0175
0 0.32375 0.95375 0.02 0.0225
0 0.34875 0.9575 0.0175 0.015
0 0.18375 0.91 0.02 0.0225
0 0.115 0.23125 0.0175 0.0125
0 0.79625 0.8925 0.0225 0.0175
0 0.88375 0.42625 0.0175 0.0175
0 0.81625 0.4425 0.0225 0.02
0 0.8725 0.405 0.0175 0.0175
0 0.93 0.3375 0.0175 0.02
0 0.25625 0.3775 0.0225 0.0175
0 0.94375 0.38 0.015 0.0125
0 0.9075 0.5525 0.0175 0.015
0 0.9175 0.25875 0.025 0.02
0 0.88 0.21625 0.0175 0.02
0 0.2775 0.91375 0.0225 0.02
0 0.04 0.25 0.0275 0.025
0 0.17 0.96875 0.025 0.03
0 0.9018999999999999 0.055275 0.02 0.02
0 0.36 0.9825 0.02 0.02
0 0.74625 0.135 0.0175 0.0175
0 0.10702500000000001 0.212175 0.015774999999999997 0.019225000000000003
0 0.1025 0.2 0.02 0.02
0 0.6975 0.1375 0.0175 0.0175