0 0.215 0.24 0.0225 0.0225
0 0.2 0.33125 0.02 0.0275
0 0.33875 0.2325 0.0225 0.02
0 0.29 0.55125 0.0375 0.03
0 0.42625 0.15125 0.025 0.0225
0 0.0825 0.1525 0.02 0.02
0 0.36375 0.1775 0.015 0.02
0 0.36375 0.535 0.02 0.0175
0 0.25375 0.41875 0.0175 0.0225
0 0.26125 0.335 0.025 0.025
0 0.19125 0.14125 0.02 0.02
0 0.36625 0.41 0.0225 0.0225
0 0.44875 0.125 0.025 0.025
0 0.86625 0.175 0.0275 0.025
0 0.90875 0.1025 0.0225 0.0175
0 0.72125 0.57125 0.025 0.0275
0 0.69625 0.5 0.02 0.0225
0 0.62625 0.365 0.0225 0.02
