0 0.4225 0.36625 0.02 0.025
0 0.43875 0.34375 0.0225 0.025
0 0.42625 0.3125 0.0225 0.025
0 0.4225 0.16 0.0175 0.025
0 0.385 0.3825 0.0175 0.025
0 0.17125 0.68625 0.0275 0.025
0 0.45625 0.3125 0.0225 0.015
0 0.47625 0.17375 0.0225 0.02
0 0.4825 0.0975 0.0225 0.0225
0 0.03 0.63875 0.0225 0.0275
0 0.835 0.90375 0.02 0.0225
0 0.88125 0.93625 0.0225 0.02
0 0.7775 0.7425 0.0225 0.0225
0 0.54125 0.49375 0.0225 0.02
0 0.54125 0.54125 0.02 0.0175
0 0.9 0.97125 0.015 0.0225
0 0.515 0.3725 0.0175 0.02
0 0.59875 0.03375 0.02 0.02
0 0.515 0.2975 0.0175 0.025
0 0.51875 0.3425 0.02 0.025
