0 0.39585 0.0474 0.02578 0.02523
0 0.46875 0.245 0.0275 0.025
0 0.48 0.21125 0.0275 0.0175
0 0.29125 0.2075 0.025 0.0225
0 0.4525 0.15625 0.0225 0.0225
0 0.4525 0.4275 0.0175 0.02
0 0.51875 0.3675 0.025 0.02
0 0.65125 0.3675 0.025 0.0225
0 0.62625 0.415 0.025 0.02
0 0.685 0.34625 0.0225 0.025
0 0.6025 0.1075 0.025 0.0225
0 0.41 0.0725 0.025 0.0175
0 0.6775 0.31125 0.0225 0.02
0 0.71 0.4025 0.03 0.0275
0 0.675 0.425 0.02 0.02
0 0.89118 0.3737 0.0257 0.0199
0 0.53125 0.2525 0.0225 0.015
0 0.55 0.2575 0.02 0.02
0 0.52 0.0575 0.03 0.025
0 0.57375 0.09875 0.0225 0.02
0 0.6575 0.14 0.025 0.0225
0 0.68875 0.15 0.0225 0.0175
0 0.75 0.44375 0.0225 0.0175
0 0.61 0.4475 0.0175 0.0175
0 0.43125 0.24875 0.0225 0.02
0 0.82875 0.295 0.0225 0.02
0 0.51375 0.4725 0.025 0.025
0 0.63125 0.49 0.025 0.02
0 0.6675 0.40375 0.0225 0.025
0 0.4925 0.42 0.0225 0.0175
0 0.6925 0.4325 0.02 0.0275
0 0.72 0.45875 0.0225 0.0175
0 0.3825 0.09625 0.02 0.02
0 0.7125 0.3825 0.0225 0.0175
0 0.71625 0.35375 0.025 0.025
0 0.61875 0.3325 0.0225 0.0225
0 0.535 0.12 0.0225 0.0225
0 0.6725 0.25375 0.0225 0.0225
0 0.745 0.385 0.02 0.02
0 0.35125 0.295 0.02 0.02
0 0.9375 0.20625 0.0225 0.02
0 0.69875 0.11875 0.0175 0.0175
0 0.71625 0.4325 0.0225 0.0225
0 0.44625 0.26625 0.0225 0.0225
0 0.86875 0.24375 0.0225 0.0225
0 0.86052 0.3441 0.02103 0.0183
0 0.88975 0.13533 0.02235 0.0242
0 0.89847 0.17287 0.02195 0.01895
0 0.6754 0.46025 0.01862 0.0205
0 0.48255 0.47767 0.0187 0.0196
0 0.48237 0.3929 0.0237 0.01792
0 0.51523 0.39552 0.02493 0.01963
0 0.33077 0.26248 0.01873 0.01957
0 0.4132 0.13048 0.01925 0.01632
0 0.62735 0.1028 0.02567 0.02167
0 0.52325 0.09865 0.01792 0.02053
0 0.42585 0.0326 0.02135 0.017
0 0.562 0.11457 0.01865 0.01905
0 0.59945 0.14433 0.01673 0.02078
0 0.61608 0.4298 0.01788 0.01855
0 0.70573 0.49285 0.0186 0.01427
0 0.59625 0.825 0.0175 0.0175
0 0.66875 0.825 0.0225 0.015
0 0.54125 0.605 0.025 0.02
0 0.475 0.69125 0.02 0.02
0 0.545 0.745 0.02 0.02
0 0.555 0.66 0.02 0.0175
0 0.68125 0.6325 0.015 0.0175
0 0.62625 0.6425 0.0225 0.0175
0 0.61875 0.62875 0.0125 0.0125
0 0.325 0.6 0.0225 0.0175
0 0.48875 0.73375 0.02 0.02
0 0.51625 0.745 0.02 0.02
0 0.56375 0.86875 0.025 0.0175
0 0.61625 0.86375 0.015 0.015
0 0.6425 0.55875 0.0225 0.0175
0 0.67125 0.61625 0.0175 0.02
0 0.705 0.59375 0.0225 0.02
0 0.6825 0.85375 0.0175 0.0175
0 0.7175 0.57625 0.0175 0.025
0 0.65875 0.96125 0.0175 0.0175
0 0.6975 0.8375 0.0175 0.0175
0 0.70375 0.8125 0.0225 0.0225
0 0.54875 0.58375 0.0225 0.0175
0 0.50625 0.65 0.0225 0.025
0 0.64375 0.845 0.02 0.0175
0 0.66 0.71375 0.02 0.02
0 0.5125 0.54625 0.0225 0.0225
0 0.59125 0.64875 0.02 0.02
0 0.615 0.61 0.02 0.02
0 0.47125 0.75 0.0175 0.0175
0 0.6025 0.88625 0.02 0.02
0 0.06375 0.81375 0.02 0.02
0 0.70375 0.55125 0.0225 0.0225
0 0.44125 0.88625 0.02 0.0175
0 0.55 0.8275 0.02 0.02
