0 0.727125 0.8571 0.02 0.021949999999999997
0 0.744975 0.804225 0.02 0.025
0 0.3348 0.611375 0.017124999999999998 0.02025
0 0.185 0.5875 0.0225 0.02
0 0.6175 0.78 0.015 0.0175
0 0.785 0.90375 0.0175 0.0225
0 0.84375 0.83875 0.015 0.0225
0 0.065 0.55 0.0225 0.02
0 0.14125 0.61875 0.0225 0.02
0 0.6256 0.8545 0.021175000000000003 0.019
0 0.84875 0.9025 0.0125 0.015
0 0.06875 0.7025 0.0225 0.0225
0 0.37625 0.92 0.0225 0.02
0 0.435525 0.55215 0.02 0.02
0 0.1775 0.75 0.02 0.02
0 0.81125 0.93 0.0175 0.0175
0 0.795 0.86875 0.02 0.0175
0 0.023925000000000002 0.6125 0.0225 0.0225
0 0.58875 0.83875 0.02 0.0175
0 0.9175 0.05 0.025 0.025
0 0.61625 0.69125 0.02 0.02
0 0.77 0.8075 0.0175 0.0175
0 0.6325 0.88625 0.02 0.02
0 0.59 0.36875 0.02 0.02
0 0.9323 0.0076 0.01635 0.015175000000000001
0 0.9584 0.0067 0.02035 0.0134
0 0.11445 0.6077 0.016399999999999998 0.019