0 0.4125 0.09125 0.0225 0.0225
0 0.055 0.41 0.0225 0.02
0 0.02875 0.3775 0.02 0.025
0 0.29375 0.03375 0.025 0.0225
0 0.25625 0.3875 0.025 0.025
0 0.035 0.12125 0.025 0.025
0 0.1775 0.16875 0.0225 0.0225
0 0.61625 0.6 0.025 0.025
0 0.615 0.5825 0.03 0.0175
0 0.53375 0.71125 0.03 0.025
0 0.52125 0.7275 0.02 0.0175
0 0.48375 0.72875 0.02 0.0225
0 0.41 0.68125 0.025 0.02
0 0.41125 0.74625 0.0225 0.025
0 0.60375 0.77625 0.0275 0.015
0 0.5425 0.765 0.025 0.025
0 0.5525 0.82125 0.03 0.0225
0 0.46125 0.8275 0.025 0.0175
0 0.4675 0.78 0.025 0.0175
0 0.35875 0.7625 0.02 0.0175
0 0.37 0.77125 0.0275 0.02
0 0.37875 0.77875 0.0175 0.0175
0 0.36 0.8725 0.025 0.02
0 0.32125 0.77625 0.025 0.02
0 0.27 0.8225 0.0225 0.015
0 0.085 0.58625 0.0225 0.0175
0 0.29875 0.9375 0.0225 0.02
0 0.41 0.78125 0.025 0.0175
0 0.97 0.68875 0.0225 0.0225
0 0.9525 0.69625 0.0225 0.0225
0 0.5075 0.77875 0.0225 0.0175
0 0.3875 0.855 0.0175 0.015
0 0.315 0.965 0.0225 0.02
0 0.32 0.93125 0.0175 0.02
0 0.4525 0.87375 0.0225 0.0175
0 0.45 0.85875 0.025 0.015
0 0.5675 0.675 0.02 0.0225
0 0.615 0.80125 0.025 0.0225
0 0.46625 0.9375 0.0225 0.0225
0 0.59375 0.90375 0.025 0.0225
0 0.18625 0.56125 0.0275 0.0275
0 0.35 0.7875 0.0225 0.0225
0 0.245 0.93875 0.02 0.02
0 0.29125 0.6425 0.0225 0.0225
0 0.03875 0.58125 0.025 0.0225
0 0.38375 0.71625 0.02 0.0175
0 0.35 0.83375 0.0225 0.0225
