0 0.20465 0.33847 0.02822 0.02947
0 0.2816 0.29965 0.02322 0.02142
0 0.32125 0.3675 0.02072 0.02215
0 0.36392 0.35465 0.02107 0.01893
0 0.36875 0.37143 0.01965 0.01643
0 0.48045 0.3326 0.0241 0.02732
0 0.25375 0.39927 0.0225 0.02643
0 0.26115 0.41885 0.02482 0.02232
0 0.22625 0.41 0.0225 0.0225
0 0.14625 0.315 0.025 0.0225
0 0.22125 0.245 0.0225 0.025
0 0.1475 0.28 0.02 0.025
0 0.19 0.26125 0.0225 0.0225
0 0.2099 0.2925 0.02303 0.02142
0 0.21875 0.26375 0.02 0.0175
0 0.2125 0.275 0.02 0.0175
0 0.28875 0.37 0.02 0.0225
0 0.28625 0.35847 0.01893 0.02053
0 0.2774 0.44098 0.0216 0.02303
0 0.43402 0.35232 0.02053 0.01785
0 0.21615 0.47205 0.0241 0.02768
0 0.32375 0.47 0.025 0.0225
0 0.07545 0.1691 0.0234 0.02643
0 0.2525 0.3275 0.025 0.0225
0 0.24375 0.3475 0.0225 0.025
0 0.275 0.3225 0.0225 0.025
0 0.31115 0.32347 0.01733 0.01802
0 0.17875 0.28 0.0225 0.025
0 0.3 0.4925 0.025 0.015
0 0.35875 0.44625 0.0225 0.025
0 0.26375 0.4775 0.0225 0.025
0 0.27705 0.3808 0.02125 0.0241
0 0.44625 0.38625 0.02 0.0225
0 0.38482 0.35448 0.01965 0.01785
0 0.2299 0.27277 0.02053 0.02053
0 0.65 0.12875 0.02 0.025
0 0.60375 0.16625 0.0275 0.0275
0 0.5725 0.18625 0.025 0.03
0 0.665 0.41625 0.0225 0.02
0 0.67625 0.38625 0.0275 0.025
0 0.7175 0.41 0.0275 0.0275
0 0.61935 0.39588 0.02565 0.02487
0 0.58232 0.11483 0.02003 0.01895
0 0.28115 0.6666 0.01982 0.02215
0 0.33135 0.66045 0.0241 0.02303
0 0.30785 0.68295 0.02322 0.02553
0 0.27312 0.6292 0.02053 0.0234
0 0.34875 0.50875 0.025 0.015
0 0.2292 0.6142 0.02732 0.0234
0 0.27785 0.70965 0.02322 0.02465
0 0.2841 0.7459 0.02322 0.02322
0 0.48455 0.57358 0.02303 0.02465
0 0.45705 0.60795 0.02125 0.02482
0 0.26187 0.56723 0.02125 0.02553
0 0.37875 0.6925 0.0225 0.0225
0 0.28615 0.56813 0.0291 0.02375
0 0.39705 0.69635 0.0266 0.01982
0 0.39875 0.7975 0.02 0.02
0 0.2933 0.79642 0.02053 0.02142
0 0.27097 0.81427 0.0259 0.01785
0 0.19823 0.52278 0.02142 0.02053
0 0.79483 0.92625 0.02393 0.02715
0 0.7866 0.74517 0.025 0.02608
0 0.8149 0.71115 0.02232 0.02232
0 0.84625 0.82178 0.02643 0.02215
0 0.8875 0.83375 0.0225 0.02
0 0.96858 0.93072 0.02215 0.02142
0 0.62205 0.75233 0.02125 0.02357
0 0.565 0.81125 0.025 0.025
0 0.93125 0.87375 0.025 0.0225
0 0.85965 0.7925 0.025 0.025
0 0.5225 0.5984 0.0225 0.0225
0 0.54285 0.8009 0.01965 0.01785
