0 0.81625 0.60375 0.02 0.015
0 0.77375 0.5725 0.02 0.025
0 0.93125 0.51375 0.02 0.0225
0 0.8875 0.76125 0.0225 0.0225
0 0.87 0.5075 0.02 0.0225
0 0.24375 0.08125 0.0175 0.02
0 0.22625 0.0825 0.02 0.0225
0 0.13875 0.3075 0.025 0.0175
0 0.23 0.23875 0.025 0.0175
0 0.25125 0.2525 0.0175 0.02
0 0.625 0.54875 0.0275 0.02
0 0.8075 0.74875 0.0175 0.0225
0 0.41 0.23375 0.0225 0.0225
0 0.21375 0.3025 0.015 0.015
0 0.11375 0.9675 0.025 0.0225
0 0.415 0.4275 0.035 0.0325
0 0.19125 0.29 0.015 0.0175
0 0.5775 0.97625 0.0175 0.02
0 0.145 0.325 0.0175 0.0125
0 0.895 0.56125 0.0225 0.0225
0 0.375 0.24625 0.0225 0.0175
0 0.11125 0.71625 0.025 0.02
0 0.18625 0.1475 0.02 0.02
0 0.17 0.61125 0.025 0.0225
0 0.23375 0.1125 0.0225 0.0225
0 0.36 0.02625 0.0225 0.02
0 0.7025 0.21875 0.02 0.02
0 0.74625 0.08215 0.0225 0.0225
0 0.2275 0.14625 0.02 0.02
0 0.69125 0.57 0.02 0.02
0 0.81625 0.47125 0.0225 0.0225
0 0.1875 0.02875 0.0225 0.02
0 0.68625 0.755 0.02 0.02
0 0.84625 0.72125 0.0225 0.0225
0 0.395 0.2 0.02 0.02
0 0.47125 0.26 0.0225 0.0225