0 0.20625 0.29625 0.025 0.02
0 0.555 0.03625 0.0225 0.02
0 0.5575 0.05375 0.025 0.02
0 0.64875 0.03125 0.02 0.025
0 0.66875 0.12625 0.02 0.015
0 0.6675 0.09375 0.03 0.015
0 0.66375 0.10625 0.025 0.015
0 0.64375 0.1575 0.02 0.02
0 0.67625 0.1675 0.0275 0.0225
0 0.7225 0.10875 0.02 0.015
0 0.78875 0.1525 0.025 0.02
0 0.79125 0.19625 0.02 0.0175
0 0.765 0.2 0.0225 0.0175
0 0.80875 0.2075 0.025 0.0175
0 0.8325 0.20125 0.02 0.015
0 0.82875 0.2125 0.0175 0.015
0 0.93375 0.16125 0.0225 0.025
0 0.82625 0.045 0.015 0.0175
0 0.86 0.0525 0.025 0.02
0 0.85375 0.07 0.0175 0.02
0 0.75875 0.25375 0.0225 0.0225
0 0.7725 0.3 0.0225 0.0225
0 0.7925 0.27375 0.0175 0.02
0 0.615 0.165 0.025 0.0175
0 0.65 0.21875 0.02 0.015
0 0.6275 0.185 0.02 0.0175
0 0.64125 0.26375 0.025 0.0225
0 0.655 0.27625 0.025 0.0275
0 0.7225 0.36875 0.02 0.02
0 0.7475 0.37375 0.02 0.0225
0 0.75375 0.34 0.02 0.02
0 0.6 0.40875 0.0175 0.0225
0 0.60875 0.3275 0.02 0.02
0 0.20875 0.57 0.025 0.0225
0 0.04 0.5625 0.0225 0.02
0 0.0475 0.5825 0.0175 0.0225
0 0.17 0.56375 0.0175 0.0175
0 0.18125 0.64625 0.02 0.025
0 0.065 0.64625 0.0225 0.025
0 0.07 0.67375 0.0175 0.02
0 0.07125 0.69375 0.02 0.025
0 0.05875 0.71625 0.02 0.0225
0 0.17375 0.73 0.02 0.025
0 0.14875 0.74875 0.0175 0.02
0 0.325 0.67125 0.025 0.02
0 0.35875 0.68875 0.0225 0.0225
0 0.305 0.725 0.0275 0.025
0 0.1975 0.73375 0.0225 0.025
0 0.22375 0.74625 0.0275 0.0325
0 0.2475 0.73875 0.0225 0.0275
0 0.54625 0.4325 0.0225 0.0175
0 0.5225 0.45 0.02 0.0225
0 0.5725 0.51375 0.0225 0.0225
0 0.68125 0.4875 0.0225 0.025
0 0.85625 0.7175 0.025 0.0225
0 0.77 0.815 0.0175 0.0225
0 0.82875 0.9825 0.025 0.015
0 0.44 0.8225 0.0225 0.02
0 0.395 0.87 0.0175 0.0225
0 0.41625 0.865 0.0225 0.0225
0 0.22875 0.635 0.02 0.015
0 0.235 0.5425 0.0225 0.02
0 0.06375 0.525 0.0225 0.025
0 0.20125 0.81 0.0225 0.015
0 0.33 0.8025 0.0225 0.0225
0 0.42875 0.735 0.025 0.0225
0 0.39125 0.9325 0.025 0.0275
0 0.29 0.84375 0.0225 0.0225
0 0.06875 0.92125 0.02 0.02
0 0.70875 0.83125 0.0225 0.02
0 0.45125 0.4825 0.02 0.02
0 0.51375 0.5975 0.02 0.02