0 0.425 0.08625 0.0225 0.0175
0 0.445 0.2 0.02 0.025
0 0.91625 0.21 0.0175 0.0175
0 0.215 0.28375 0.0175 0.02
0 0.70375 0.3125 0.0225 0.0225
0 0.7875 0.315 0.015 0.015
0 0.30625 0.32 0.0225 0.0225
0 0.86125 0.325 0.02 0.0175
0 0.84875 0.34 0.015 0.0175
0 0.685 0.37375 0.0175 0.02
0 0.66625 0.41375 0.0275 0.0225
0 0.68625 0.43125 0.0175 0.0175
0 0.28625 0.4425 0.0225 0.0175
0 0.6575 0.44875 0.02 0.0175
0 0.63 0.455 0.02 0.0175
0 0.975 0.18375 0.0325 0.0275
0 0.97375 0.23125 0.0275 0.0225
0 0.41125 0.1225 0.0225 0.02
0 0.12125 0.335 0.02 0.0175
0 0.4075 0.19125 0.0225 0.0225
0 0.32 0.2725 0.02 0.02
0 0.93875 0.18 0.02 0.0225
0 0.75875 0.4825 0.0225 0.02
0 0.25625 0.4625 0.02 0.0175
0 0.445 0.2825 0.0175 0.0175
0 0.73375 0.33875 0.0225 0.0225
0 0.035 0.38125 0.025 0.025
0 0.26875 0.36125 0.02 0.02
0 0.71397 0.46875 0.0225 0.0225
0 0.64375 0.42625 0.0225 0.0225
0 0.44 0.24125 0.0175 0.0175
0 0.24125 0.2875 0.02 0.02
0 0.40125 0.415 0.02 0.0175
0 0.76 0.37375 0.0175 0.0175
0 0.81125 0.29 0.02 0.02
0 0.44 0.135 0.02 0.02
0 0.88625 0.2325 0.0225 0.0225
0 0.85125 0.23625 0.02 0.02
0 0.63125 0.54875 0.0275 0.0275
0 0.54 0.57 0.0225 0.025
0 0.51 0.63 0.02 0.0175
0 0.56875 0.64375 0.0225 0.025
0 0.39875 0.71875 0.03 0.0275
0 0.42625 0.72125 0.025 0.025
0 0.35 0.73625 0.0275 0.0275
0 0.70125 0.7675 0.0325 0.025
0 0.16125 0.7725 0.025 0.02
0 0.45 0.7075 0.02 0.0175
0 0.50875 0.665 0.0225 0.0175
0 0.58375 0.53 0.0225 0.02
0 0.6425 0.5175 0.02 0.0175
0 0.5675 0.54875 0.02 0.015
0 0.54625 0.545 0.02 0.015
0 0.53625 0.6475 0.02 0.015
0 0.775 0.735 0.0225 0.02
0 0.6375 0.86875 0.0225 0.0225
0 0.7025 0.9475 0.015 0.0175
0 0.93875 0.9325 0.0175 0.015
0 0.6025 0.88875 0.0225 0.0225
0 0.42 0.6875 0.02 0.0175
0 0.775 0.735 0.0225 0.0225
0 0.46375 0.7675 0.0225 0.02
0 0.4975 0.60875 0.02 0.02
0 0.18375 0.78375 0.0225 0.0225
0 0.59 0.91 0.02 0.02
0 0.2325 0.70625 0.02 0.0175
