0 0.64625 0.445 0.0325 0.0275
0 0.79 0.44125 0.0175 0.0225
0 0.82125 0.45375 0.02 0.02
0 0.88625 0.46 0.0175 0.02
0 0.905 0.41875 0.0225 0.0275
0 0.8625 0.45375 0.02 0.0175
0 0.06125 0.3425 0.0175 0.0225
0 0.37375 0.375 0.02 0.0225
0 0.40375 0.475 0.0225 0.0225
0 0.50448 0.40052 0.0225 0.0225
0 0.41625 0.41 0.0225 0.0225
0 0.74375 0.44125 0.02 0.02
0 0.95875 0.42125 0.02 0.02
0 0.22625 0.9 0.025 0.0175
0 0.24625 0.89625 0.015 0.0225
0 0.06875 0.96375 0.0225 0.0175
0 0.1475 0.88125 0.015 0.015
0 0.3825 0.92375 0.0225 0.0175
0 0.2575 0.91875 0.02 0.0225
0 0.20875 0.62875 0.0225 0.0175
0 0.40625 0.5625 0.0275 0.02
0 0.0975 0.56125 0.02 0.0125
0 0.92625 0.95125 0.02 0.02
0 0.43125 0.72875 0.02 0.02
0 0.46375 0.83625 0.02 0.0225
0 0.3525 0.64 0.0225 0.0225
0 0.175 0.61125 0.025 0.025
0 0.17375 0.91 0.0225 0.0225
0 0.65125 0.67 0.02 0.02
0 0.22 0.5575 0.025 0.0225
0 0.20625 0.545 0.025 0.0225
0 0.4825 0.59625 0.025 0.025
0 0.1 0.5375 0.0225 0.02
0 0.7625 0.565 0.0225 0.0225
0 0.2975 0.605 0.0225 0.0225
0 0.86125 0.65375 0.025 0.025
