0 0.17875 0.54375 0.0225 0.025
0 0.145 0.50375 0.02 0.02
0 0.12625 0.4975 0.0175 0.0225
0 0.34 0.5525 0.025 0.0225
0 0.37125 0.59 0.0275 0.0225
0 0.2875 0.49375 0.0175 0.0225
0 0.375 0.53875 0.02 0.0175
0 0.26625 0.42625 0.0175 0.0175
0 0.155 0.42625 0.015 0.015
0 0.12625 0.405 0.02 0.02
0 0.30875 0.18375 0.0225 0.0225
0 0.31622 0.25848 0.01758 0.02197
0 0.115 0.46375 0.025 0.0225
0 0.07125 0.7675 0.0175 0.0175
0 0.03375 0.42125 0.0175 0.0225
0 0.23625 0.52875 0.015 0.02
0 0.47625 0.06125 0.0275 0.025
0 0.21 0.045 0.0225 0.025
0 0.33 0.195 0.02 0.02
0 0.06 0.33875 0.02 0.02
0 0.07125 0.065 0.025 0.025
0 0.455 0.61 0.0225 0.0225
0 0.64375 0.565 0.025 0.0225
0 0.6175 0.92375 0.0275 0.025
0 0.62625 0.94625 0.0275 0.0275
0 0.7025 0.6775 0.025 0.025
