0 0.44388 0.82295 0.03195 0.02555
0 0.46798 0.87427 0.0215 0.02417
0 0.4632 0.72888 0.02138 0.01972
0 0.44022 0.88403 0.0265 0.0283
0 0.4921 0.90358 0.01577 0.03037
0 0.67875 0.8575 0.02 0.025
0 0.69 0.76125 0.0225 0.02
0 0.9407 0.97177 0.0189 0.02272
0 0.74125 0.92375 0.02 0.0225
0 0.665 0.9725 0.0225 0.025
0 0.65 0.6525 0.0275 0.015
0 0.73 0.75625 0.025 0.025
0 0.64375 0.8875 0.0225 0.0225
0 0.875 0.795 0.0225 0.0225
0 0.73645 0.72877 0.02285 0.02243
0 0.54968 0.26095 0.025 0.02428
0 0.97132 0.9372 0.01897 0.01992
0 0.6125 0.91375 0.0225 0.0225
0 0.6857 0.94495 0.01783 0.01667
0 0.76295 0.72767 0.02053 0.01963
0 0.8428 0.8168 0.01775 0.02107
0 0.51533 0.51748 0.01935 0.02042
