0 0.12875 0.31 0.02 0.02
0 0.07 0.34875 0.02 0.02
0 0.23 0.495 0.02 0.02
0 0.16875 0.32 0.02 0.02
0 0.1975 0.4725 0.0225 0.0225
0 0.07375 0.24625 0.0275 0.025
0 0.02625 0.34375 0.02 0.02
0 0.23 0.2775 0.02 0.02
0 0.03807 0.26793 0.02112 0.02197
0 0.03295 0.29145 0.01857 0.02508
0 0.95 0.6525 0.02 0.02
0 0.85375 0.8275 0.0225 0.02
0 0.94125 0.575 0.025 0.025
0 0.7825 0.765 0.0225 0.0225
0 0.80125 0.715 0.0225 0.0225
0 0.915 0.97875 0.0225 0.0225
0 0.78375 0.815 0.025 0.025
0 0.93625 0.87375 0.0275 0.025
0 0.8375 0.77125 0.0225 0.02
0 0.7675 0.79125 0.0225 0.0225
0 0.93875 0.53 0.02 0.02
0 0.96125 0.4475 0.0225 0.0225
0 0.90875 0.6925 0.02 0.02
0 0.7975 0.62875 0.0225 0.0225
0 0.915 0.26375 0.0225 0.02
0 0.86 0.9875 0.02 0.02
0 0.965 0.47 0.0225 0.0225
0 0.9425 0.24375 0.0225 0.02
0 0.85125 0.725 0.02 0.02
0 0.92 0.8125 0.0225 0.0225
0 0.9225 0.49625 0.0225 0.0225
0 0.8325 0.805 0.02 0.02
0 0.9425 0.19125 0.0225 0.0225
0 0.87125 0.7475 0.02 0.02
0 0.8725 0.63 0.02 0.02
0 0.93375 0.725 0.0225 0.0225
0 0.88125 0.66375 0.02 0.02
0 0.93153 0.61083 0.02485 0.0319
