0 0.14875 0.2175 0.02 0.02
0 0.25125 0.45875 0.025 0.0175
0 0.07625 0.41 0.0275 0.025
0 0.455 0.39125 0.0275 0.025
0 0.155 0.3975 0.0225 0.0225
0 0.11 0.2025 0.0175 0.0175
0 0.0375 0.19375 0.02 0.0175
0 0.24625 0.295 0.0225 0.0225
0 0.52875 0.4675 0.0275 0.025
0 0.51625 0.13875 0.0275 0.0275
0 0.63 0.125 0.0175 0.0175
0 0.5875 0.49125 0.0175 0.0175
0 0.55 0.0775 0.025 0.025
0 0.1775 0.685 0.02 0.0175
0 0.4675 0.8675 0.0225 0.02
0 0.3375 0.92125 0.0225 0.0225
0 0.29 0.7425 0.0225 0.0225
0 0.35125 0.76 0.025 0.025
