0 0.46 0.155 0.0225 0.0225
0 0.45375 0.20375 0.0225 0.0175
0 0.12875 0.38875 0.02 0.0225
0 0.2 0.36875 0.025 0.02
0 0.2775 0.5125 0.0275 0.0225
0 0.42125 0.39375 0.0225 0.02
0 0.3875 0.35125 0.025 0.02
0 0.29375 0.03515 0.03 0.02723
0 0.38375 0.76375 0.025 0.025
0 0.16125 0.885 0.0275 0.02
0 0.04125 0.885 0.0275 0.02
0 0.17875 0.8425 0.02 0.0225
0 0.405 0.1525 0.02 0.02
0 0.49 0.21 0.02 0.0225
0 0.635 0.32875 0.0275 0.02
0 0.70375 0.37625 0.0225 0.02
0 0.5925 0.145 0.025 0.02
0 0.5925 0.07 0.025 0.0225
0 0.54375 0.05125 0.02 0.02
0 0.6425 0.185 0.0325 0.03
0 0.63 0.37 0.025 0.0225
0 0.6575 0.42375 0.03 0.025
0 0.61375 0.43125 0.0225 0.0225
0 0.70125 0.51375 0.0325 0.0225
0 0.7275 0.47 0.02 0.025
0 0.705 0.4725 0.0225 0.02
0 0.7475 0.685 0.025 0.02
0 0.765 0.62875 0.02 0.02
0 0.74875 0.5575 0.0225 0.0175
0 0.545 0.12125 0.025 0.025
0 0.62625 0.135 0.015 0.0175
0 0.65625 0.95625 0.015 0.015
0 0.56375 0.59375 0.025 0.0275
0 0.51875 0.8275 0.025 0.0225
0 0.76375 0.96 0.0225 0.02
0 0.81125 0.7075 0.02 0.0225
0 0.78375 0.65 0.0225 0.0225
0 0.55125 0.1925 0.02 0.02
0 0.53875 0.80875 0.02 0.02
0 0.695 0.415 0.0225 0.0225
