0 0.5456 0.8604 0.023799999999999998 0.023275
0 0.56875 0.88125 0.02 0.0225
0 0.42375 0.73 0.025 0.0225
0 0.235 0.17125 0.0225 0.0225
0 0.12 0.09875 0.0275 0.0225
0 0.72625 0.4575 0.0175 0.0225
0 0.705 0.45125 0.015 0.0175
0 0.67875 0.44625 0.025 0.0225
0 0.1875 0.31125 0.0175 0.0175
0 0.30375 0.1675 0.0275 0.0225
0 0.16625 0.17375 0.0225 0.02
0 0.0875 0.425 0.0225 0.015
0 0.03875 0.29625 0.0175 0.025
0 0.55375 0.67 0.02 0.015
0 0.59 0.65625 0.02 0.02
0 0.95 0.75125 0.0225 0.025
0 0.49375 0.83375 0.025 0.015
0 0.67375 0.48125 0.0275 0.02
0 0.2325 0.395 0.0225 0.02
0 0.51125 0.15375 0.0225 0.0225
0 0.11375 0.225 0.0275 0.02
0 0.6575 0.39125 0.02 0.015
0 0.6125 0.67625 0.02 0.0225
0 0.75375 0.32 0.0175 0.0225
0 0.1825 0.0675 0.025 0.025
0 0.42125 0.87875 0.02 0.02
0 0.88875 0.415 0.02 0.02
0 0.73875 0.845 0.025 0.0225
0 0.97375 0.75 0.02 0.02
0 0.53 0.39375 0.0225 0.0225
0 0.4025 0.7675 0.02 0.02
0 0.29875 0.03875 0.0225 0.0225
0 0.28875 0.10375 0.02 0.02
0 0.50625 0.8675 0.02 0.02
0 0.37 0.53875 0.025 0.0225
0 0.2625 0.1425 0.0225 0.02
0 0.11125 0.2675 0.025 0.025