0 0.2825 0.11625 0.02 0.0175
0 0.52 0.085 0.0225 0.02
0 0.93875 0.28625 0.02 0.02
0 0.325 0.4125 0.0225 0.02
0 0.175 0.21 0.0175 0.02
0 0.16 0.075 0.02 0.0225
0 0.06125 0.18625 0.0175 0.0225
0 0.0625 0.05125 0.0175 0.0175
0 0.7725 0.465 0.02 0.0175
0 0.35125 0.06875 0.025 0.02
0 0.0875 0.1325 0.0225 0.02
0 0.72625 0.4225 0.02 0.02
0 0.97375 0.3775 0.0275 0.025
0 0.79125 0.4775 0.0225 0.02
0 0.63375 0.4775 0.02 0.0175
0 0.885 0.47 0.025 0.0175
0 0.80375 0.45625 0.0175 0.0175
0 0.59125 0.37375 0.0175 0.0175
0 0.465 0.38375 0.0225 0.0225
0 0.16475 0.33955 0.01865 0.02045
0 0.15375 0.31375 0.0225 0.02
0 0.18125 0.11625 0.025 0.0225
0 0.27 0.18125 0.02 0.0175
0 0.75 0.41375 0.02 0.02
0 0.965 0.19125 0.0225 0.0225
0 0.64625 0.3775 0.02 0.02
0 0.89875 0.44625 0.02 0.02
0 0.45 0.155 0.02 0.02
0 0.66875 0.47625 0.0175 0.0175
0 0.32 0.27375 0.0175 0.0175
0 0.395 0.26 0.02 0.02
0 0.245 0.25625 0.02 0.02
0 0.0498 0.26412 0.01745 0.01752
0 0.03795 0.22058 0.01878 0.01792
0 0.46382 0.0247 0.01873 0.02442
0 0.4715 0.04997 0.01798 0.0178
0 0.31198 0.05605 0.02575 0.01748
0 0.19837 0.16985 0.01815 0.01825
0 0.54578 0.41392 0.01477 0.01712
0 0.55717 0.4037 0.01433 0.01455
0 0.63257 0.40415 0.02048 0.01723
0 0.48068 0.36933 0.01492 0.02078
0 0.47035 0.35395 0.01925 0.0168
0 0.99152 0.132 0.01698 0.01937
0 0.97355 0.1303 0.01855 0.01593
0 0.56368 0.22908 0.01663 0.01707
0 0.56807 0.21382 0.0165 0.01873
0 0.223 0.22923 0.01742 0.0174
0 0.0175 0.03635 0.0168 0.02092
0 0.86175 0.45455 0.01278 0.01802
0 0.87175 0.43785 0.0185 0.01677
0 0.83685 0.42972 0.01298 0.02195
0 0.3506 0.05317 0.02085 0.02243
0 0.95248 0.17528 0.01745 0.0166
0 0.15 0.8675 0.0225 0.0225
0 0.2225 0.84625 0.0175 0.0175
0 0.2375 0.89875 0.02 0.0175
0 0.18665 0.9175 0.02 0.0225
0 0.75875 0.59875 0.02 0.02
0 0.8028 0.55312 0.02 0.0225
0 0.75625 0.55125 0.02 0.0175
0 0.665 0.62 0.0175 0.0175
0 0.285 0.87 0.0175 0.015
0 0.54125 0.5875 0.0175 0.0175
0 0.59 0.5575 0.0225 0.02
0 0.16375 0.92 0.0225 0.025
0 0.095 0.84 0.02 0.02
0 0.21515 0.90325 0.01972 0.02467
0 0.2175 0.86875 0.0175 0.02
0 0.37125 0.91625 0.0175 0.0175
0 0.39625 0.9175 0.02 0.0225
0 0.71 0.5125 0.025 0.025
0 0.75 0.505 0.01 0.01
0 0.76385 0.50605 0.0176 0.0121
0 0.7875 0.525 0.0225 0.025
0 0.74408 0.5386 0.02315 0.01777
0 0.48123 0.90182 0.02428 0.02085
0 0.25 0.96125 0.02 0.02
0 0.30875 0.88 0.0175 0.02
0 0.465 0.70625 0.0225 0.02
0 0.5225 0.9725 0.02 0.02
0 0.80105 0.52165 0.01792 0.01582
0 0.54 0.66375 0.02 0.02
0 0.695 0.56375 0.02 0.02
0 0.18875 0.77375 0.0175 0.0175
0 0.4625 0.5425 0.02 0.02
0 0.35875 0.9425 0.0175 0.0175
0 0.20422 0.84635 0.01735 0.01767
0 0.23573 0.77025 0.0197 0.01727
0 0.23513 0.75265 0.01667 0.01777
0 0.5848 0.62083 0.0214 0.02022
0 0.69035 0.53107 0.0182 0.0175
0 0.94995 0.5694 0.01825 0.01923
0 0.77797 0.57293 0.02022 0.01727
0 0.6466 0.64392 0.0164 0.01818
0 0.48108 0.66475 0.01392 0.017
0 0.51482 0.6455 0.02057 0.0182
0 0.5365 0.64497 0.01273 0.01673
0 0.6962 0.64828 0.01565 0.01795
0 0.72225 0.59185 0.01947 0.01762
0 0.10797 0.81055 0.0195 0.01933
0 0.11137 0.8488 0.01655 0.01667
0 0.24567 0.82062 0.01455 0.01802
0 0.25562 0.83187 0.01375 0.01303
0 0.2683 0.89862 0.01695 0.0169
0 0.30775 0.85915 0.01907 0.02185
0 0.49263 0.98013 0.0156 0.0174
0 0.51343 0.94795 0.01613 0.0191
0 0.58972 0.89655 0.01695 0.02165
0 0.63733 0.92705 0.01752 0.02018
0 0.6627 0.92667 0.01823 0.0194
0 0.64048 0.95385 0.01907 0.0191
