0 0.37165 0.06865 0.01707 0.01885
0 0.37998 0.08972 0.01855 0.0193
0 0.75875 0.1325 0.02 0.0175
0 0.9025 0.205 0.0175 0.0175
0 0.79065 0.1426 0.01928 0.0202
0 0.57625 0.0825 0.0225 0.0225
0 0.75625 0.04875 0.02 0.02
0 0.8825 0.14 0.0225 0.0225
0 0.92845 0.1998 0.01585 0.01928
0 0.92883 0.23267 0.01835 0.0207
0 0.88743 0.22757 0.01415 0.01405
0 0.91633 0.23118 0.0148 0.01593
0 0.4642 0.7202 0.02542 0.02142
0 0.03375 0.81875 0.0225 0.02
0 0.0975 0.845 0.0225 0.02
0 0.16125 0.89125 0.02 0.02
0 0.18297 0.90882 0.01682 0.0203
0 0.44118 0.92072 0.02342 0.02092
0 0.165 0.93125 0.02 0.02
0 0.0925 0.94 0.025 0.025
0 0.08 0.9625 0.0225 0.025
0 0.47125 0.87123 0.01945 0.02167
0 0.59125 0.7325 0.025 0.025
0 0.62125 0.74875 0.02 0.02
0 0.64375 0.7575 0.0175 0.0275
0 0.63625 0.8 0.0225 0.0225
0 0.56375 0.8125 0.02 0.0175
0 0.89335 0.86417 0.02462 0.0217
0 0.5575 0.865 0.0225 0.025
0 0.69173 0.86397 0.02022 0.02835
0 0.60375 0.8725 0.0175 0.02
0 0.54375 0.92125 0.0225 0.0225
0 0.7109 0.9577 0.01978 0.02595
0 0.90377 0.89105 0.02375 0.02525
0 0.7525 0.8575 0.025 0.025
0 0.6425 0.915 0.02 0.02
0 0.6275 0.945 0.0225 0.0225
0 0.94052 0.68645 0.01855 0.01575
0 0.91472 0.71608 0.02232 0.01968
0 0.75412 0.69335 0.02075 0.02063
0 0.64815 0.93477 0.01978 0.01972
0 0.77418 0.84958 0.0213 0.02237
0 0.9266 0.89483 0.02003 0.0175
