0 0.26125 0.505 0.02 0.0175
0 0.25765 0.5246999999999999 0.015325 0.0169
0 0.24625 0.53625 0.02 0.015
0 0.22625 0.4 0.025 0.0175
0 0.24625 0.39625 0.015 0.0225
0 0.06875 0.46375 0.0225 0.0175
0 0.1475 0.38125 0.015 0.015
0 0.3825 0.42375 0.0225 0.0175
0 0.84375 0.65375 0.0225 0.015
0 0.2575 0.41875 0.02 0.0225
0 0.3 0.51375 0.0175 0.0175
0 0.20875 0.12875 0.0225 0.0175
0 0.40625 0.0625 0.0275 0.02
0 0.0975 0.06125 0.02 0.0125
0 0.8325 0.625 0.02 0.015
0 0.92625 0.45125 0.02 0.02
0 0.38 0.9175 0.0325 0.0275
0 0.915 0.8225 0.0225 0.02
0 0.48125 0.49 0.025 0.025
0 0.43125 0.22875 0.02 0.02
0 0.46375 0.33625 0.02 0.0225
0 0.8675 0.685 0.0175 0.02
0 0.34125 0.92125 0.0225 0.0225
0 0.81375 0.57 0.025 0.025
0 0.045 0.92125 0.02 0.02
0 0.3525 0.14 0.0225 0.0225
0 0.175 0.11125 0.025 0.025
0 0.73375 0.6425 0.02 0.02
0 0.17375 0.41 0.0225 0.0225
0 0.545 0.81375 0.02 0.02
0 0.65125 0.17 0.02 0.02
0 0.22 0.0575 0.025 0.0225
0 0.20625 0.045 0.025 0.0225
0 0.4825 0.09625 0.025 0.025
0 0.1 0.0375 0.0225 0.02
0 0.7625 0.065 0.0225 0.0225
0 0.2975 0.105 0.0225 0.0225
0 0.18 0.93125 0.02 0.02
0 0.86125 0.15375 0.025 0.025