0 0.57125 0.70625 0.02 0.0175
0 0.76125 0.70625 0.0225 0.025
0 0.4325 0.7625 0.0225 0.025
0 0.7625 0.81625 0.02 0.0225
0 0.35625 0.87625 0.02 0.02
0 0.93125 0.93875 0.02 0.02
0 0.66 0.0775 0.0175 0.02
0 0.515 0.085 0.0225 0.0225
0 0.53875 0.08875 0.02 0.0225
0 0.6275 0.125 0.03 0.0225
0 0.65315 0.123525 0.023675 0.024550000000000002
0 0.82125 0.1275 0.02 0.02
0 0.866425 0.278575 0.02035 0.017150000000000002
0 0.576775 0.29705 0.015349999999999999 0.017675
0 0.73875 0.33625 0.025 0.025
0 0.595 0.4175 0.0175 0.015
0 0.8525 0.10875 0.0225 0.0225
0 0.72875 0.42 0.0225 0.0225
0 0.8525 0.03875 0.025 0.025
0 0.40875 0.96625 0.0225 0.02
0 0.71785 0.27375 0.0225 0.0225
0 0.585775 0.2917 0.01695 0.017175
0 0.61125 0.07375 0.0175 0.0175
0 0.32875 0.9375 0.0225 0.02
0 0.5921500000000001 0.2475 0.02 0.02
0 0.7375 0.675 0.0225 0.0225
0 0.715 0.03375 0.0175 0.0175
0 0.85375 0.43375 0.02 0.02
0 0.66875 0.17625 0.0225 0.02
0 0.6775 0.0575 0.0175 0.0175
0 0.8975 0.865 0.02 0.02
0 0.6125 0.18 0.0175 0.0175
0 0.74 0.89625 0.02 0.0175
0 0.9075 0.91625 0.02 0.02
0 0.805 0.18875 0.02 0.02
0 0.5525 0.12625 0.0225 0.0225
0 0.8397249999999999 0.133025 0.016975 0.017849999999999998
0 0.7861499999999999 0.20670000000000002 0.020525 0.01875
0 0.860275 0.28885 0.01875 0.020525
0 0.553125 0.059824999999999996 0.016975 0.017849999999999998
0 0.546875 0.070975 0.015175000000000001 0.015175000000000001
0 0.65045 0.02545 0.016975 0.022324999999999998
0 0.6817 0.009825 0.0241 0.01965
0 0.7035750000000001 0.015625 0.01965 0.020525
0 0.6870499999999999 0.08125 0.0241 0.01965
0 0.5915250000000001 0.1866 0.01875 0.016075
0 0.78885 0.0933 0.020525 0.0241
0 0.54375 0.259375 0.01965 0.01875
0 0.5897249999999999 0.216525 0.0134 0.015175000000000001
0 0.6089249999999999 0.2183 0.016075 0.01875
0 0.56965 0.209375 0.014275 0.015175000000000001
0 0.57365 0.2384 0.01875 0.016075
0 0.40715 0.7522249999999999 0.021425 0.0241
0 0.401775 0.98615 0.023225 0.020525
0 0.340175 0.991975 0.025 0.016075
0 0.36920000000000003 0.909375 0.01875 0.022324999999999998
0 0.21072500000000002 0.85045 0.021425 0.020525
0 0.791525 0.873225 0.016975 0.017849999999999998
0 0.7615999999999999 0.99285 0.023225 0.014275