0 0.10125 0.13625 0.02 0.02
0 0.0325 0.24 0.0175 0.0225
0 0.29125 0.01 0.02 0.015
0 0.18125 0.2875 0.0175 0.0225
0 0.04125 0.3725 0.02 0.0225
0 0.15125 0.39375 0.02 0.0225
0 0.0525 0.3225 0.02 0.02
0 0.29125 0.72625 0.02 0.0175
0 0.26 0.67875 0.0175 0.0175
0 0.26375 0.7025 0.02 0.02
0 0.235 0.67 0.015 0.015
0 0.21375 0.675 0.015 0.0175
0 0.3275 0.78875 0.0225 0.02
0 0.20375 0.3225 0.0225 0.0175
0 0.14875 0.35 0.0175 0.0175
0 0.08625 0.38 0.015 0.0125
0 0.075 0.32125 0.0175 0.0175
0 0.09375 0.32125 0.0175 0.0175
0 0.185 0.37125 0.02 0.0175
0 0.1425 0.31875 0.0225 0.015
0 0.2125 0.705 0.02 0.02
0 0.1525 0.6025 0.0275 0.025
0 0.3775 0.15875 0.0225 0.0225
0 0.24375 0.76625 0.02 0.02
0 0.0375 0.3925 0.0225 0.02
0 0.24875 0.09875 0.025 0.0225
0 0.35125 0.15375 0.0225 0.0225
0 0.14 0.870425 0.0225 0.0225