0 0.17875 0.2675 0.0175 0.02
0 0.31375 0.42875 0.015 0.0175
0 0.22625 0.4675 0.0225 0.025
0 0.67 0.35625 0.0175 0.03
0 0.6025 0.39 0.02 0.025
0 0.72875 0.33375 0.02 0.02
0 0.75875 0.2875 0.015 0.02
0 0.735 0.10875 0.02 0.02
0 0.8375 0.3525 0.0175 0.025
0 0.59375 0.1825 0.0225 0.02
0 0.57375 0.1875 0.0225 0.0175
0 0.6625 0.25375 0.02 0.0225
0 0.63625 0.2625 0.02 0.02
0 0.56125 0.06375 0.0275 0.0275
0 0.6125 0.24013 0.02 0.0175
0 0.89375 0.455 0.0225 0.0225
0 0.18125 0.7325 0.035 0.025
0 0.27875 0.6125 0.0225 0.0275
0 0.1825 0.58875 0.0225 0.0275
0 0.15375 0.5625 0.0225 0.0225
0 0.19375 0.5525 0.025 0.0175
0 0.28125 0.57875 0.02 0.0175
0 0.145 0.71875 0.03 0.0325
0 0.21375 0.76875 0.0325 0.025
0 0.385 0.5575 0.0275 0.0325
0 0.1725 0.64375 0.025 0.0275
0 0.43625 0.53875 0.0275 0.0225
0 0.26625 0.54875 0.025 0.02
0 0.36 0.52375 0.0225 0.02
0 0.33875 0.535 0.0225 0.0225
0 0.2525 0.51125 0.025 0.0225
0 0.21875 0.53375 0.02 0.02
0 0.65375 0.82875 0.0275 0.025
0 0.7175 0.8175 0.0275 0.02
0 0.7575 0.8025 0.03 0.02
0 0.7925 0.7875 0.0275 0.02
0 0.6075 0.845 0.02 0.015
0 0.85125 0.585 0.0275 0.0275
0 0.72625 0.60125 0.025 0.0225
0 0.545 0.56875 0.0275 0.03
0 0.79375 0.76 0.0225 0.025
0 0.90715 0.6144 0.02125 0.01808
0 0.9261 0.61408 0.01533 0.02315
0 0.56 0.785 0.0275 0.025
0 0.90125 0.71875 0.0225 0.0225
0 0.67085 0.64988 0.02172 0.01725
0 0.67 0.76613 0.0225 0.0225
0 0.93263 0.74488 0.02 0.02
0 0.59125 0.67 0.02 0.02
