0 0.705 0.17375 0.0175 0.0225
0 0.40625 0.53375 0.0225 0.0225
0 0.5575 0.48125 0.02 0.015
0 0.4375 0.56 0.02 0.02
0 0.11875 0.44875 0.025 0.025
0 0.5775 0.17875 0.02 0.02
0 0.59125 0.1275 0.0225 0.0225
0 0.64125 0.07375 0.02 0.0175
0 0.57125 0.5075 0.02 0.02
0 0.490475 0.54895 0.016675 0.01395
0 0.44432499999999997 0.977 0.017225 0.0183
0 0.3157 0.5756 0.015300000000000001 0.0173
0 0.36560000000000004 0.585025 0.016925 0.02005
0 0.64845 0.20934999999999998 0.018349999999999998 0.015125
0 0.79525 0.31255 0.0155 0.019725
0 0.44685 0.9908750000000001 0.02595 0.015700000000000002