0 0.7811499999999999 0.1666 0.019825 0.02215
0 0.83135 0.16045 0.0241 0.023025000000000004
0 0.80785 0.18295000000000003 0.023225 0.025525000000000003
0 0.22579999999999997 0.675625 0.026600000000000002 0.02625
0 0.773125 0.1292 0.020525 0.023399999999999997
0 0.84875 0.00875 0.025 0.015
0 0.7292000000000001 0.1142 0.027325 0.023399999999999997
0 0.7778499999999999 0.20965 0.023225 0.02465
0 0.7841 0.2459 0.023225 0.023225
0 0.98455 0.073575 0.023025000000000004 0.02465
0 0.95705 0.10795 0.02125 0.024825
0 0.761875 0.06722500000000001 0.02125 0.025525000000000003
0 0.87875 0.1925 0.0225 0.0225
0 0.7861499999999999 0.068125 0.0291 0.02375
0 0.89705 0.19635000000000002 0.026600000000000002 0.019825
0 0.89875 0.2975 0.02 0.02
0 0.7933 0.296425 0.020525 0.021425
0 0.770975 0.31427499999999997 0.0259 0.017849999999999998
0 0.190625 0.5424 0.020525 0.020525
0 0.20447500000000002 0.554025 0.021425 0.016975
0 0.091525 0.5299 0.01875 0.016975
0 0.7321500000000001 0.97545 0.017849999999999998 0.0241
0 0.6982250000000001 0.022775 0.021425 0.020525