0 0.945 0.33875 0.0175 0.0175
0 0.95875 0.35375 0.0175 0.02
0 0.78125 0.3275 0.015 0.02
0 0.74375 0.36375 0.0175 0.025
0 0.70375 0.40625 0.0325 0.025
0 0.5601 0.37605 0.0209 0.02042
0 0.81125 0.31375 0.0175 0.0225
0 0.8325 0.31125 0.02 0.025
0 0.9475 0.26875 0.0175 0.0175
0 0.7275 0.36625 0.015 0.0175
0 0.74375 0.31625 0.0225 0.02
0 0.795 0.34125 0.0225 0.0175
0 0.93125 0.29 0.02 0.0225
0 0.81375 0.23375 0.0225 0.02
0 0.65625 0.11875 0.0175 0.02
0 0.865 0.31375 0.02 0.0225
0 0.74125 0.19125 0.015 0.02
0 0.9853 0.2099 0.0144 0.02232
0 0.9925 0.19 0.015 0.0225
0 0.99125 0.16875 0.015 0.0225
0 0.88375 0.33 0.02 0.02
0 0.28625 0.05875 0.0125 0.0175
0 0.99125 0.2675 0.015 0.0225
0 0.7175 0.28875 0.02 0.02
0 0.89875 0.57375 0.02 0.02
0 0.9175 0.59625 0.0175 0.02
0 0.08 0.74875 0.025 0.0175
0 0.12002 0.71095 0.01242 0.0169
0 0.115 0.73125 0.0175 0.0125
0 0.88375 0.92625 0.0175 0.0175
0 0.81625 0.9425 0.0225 0.02
0 0.8725 0.905 0.0175 0.0175
0 0.93 0.8375 0.0175 0.02
0 0.25625 0.8775 0.0225 0.0175
0 0.94375 0.88 0.015 0.0125
0 0.9175 0.75875 0.025 0.02
0 0.88 0.71625 0.0175 0.02
0 0.04 0.75 0.0275 0.025
0 0.9019 0.55527 0.02 0.02
0 0.74625 0.635 0.0175 0.0175
0 0.10703 0.71218 0.01577 0.01923
0 0.1025 0.7 0.02 0.02
0 0.6975 0.6375 0.0175 0.0175
