0 0.23215 0.47545 0.01785 0.0241
0 0.67625 0.12625 0.025 0.0275
0 0.68375 0.24 0.0225 0.025
0 0.87 0.46125 0.025 0.0275
0 0.97215 0.3825 0.02393 0.02393
0 0.94125 0.37052 0.0275 0.0275
0 0.6309 0.37778 0.02393 0.02625
0 0.59285 0.3483 0.02892 0.02553
0 0.535 0.4825 0.025 0.025
0 0.58375 0.47125 0.0225 0.025
0 0.6125 0.43375 0.0225 0.0275
0 0.58375 0.1975 0.0275 0.025
0 0.97125 0.22125 0.0225 0.0225
0 0.5675 0.40125 0.0225 0.0225
0 0.66302 0.33885 0.01965 0.02232
0 0.64777 0.3376 0.02232 0.0241
0 0.555 0.2125 0.0225 0.0225
0 0.59375 0.32535 0.0225 0.0225
