0 0.32875 0.245 0.0325 0.035
0 0.41625 0.28125 0.0275 0.0225
0 0.40875 0.105 0.025 0.0275
0 0.42125 0.08125 0.0225 0.02
0 0.295 0.1325 0.0225 0.02
0 0.35375 0.05 0.02 0.0225
0 0.39125 0.0875 0.0175 0.0175
0 0.06125 0.04 0.0225 0.0225
0 0.33125 0.1625 0.0175 0.02
0 0.35375 0.02875 0.0275 0.0225
0 0.20375 0.8975 0.0225 0.02
0 0.2525 0.0275 0.025 0.0225
0 0.13125 0.4425 0.0225 0.0225
0 0.33043 0.06625 0.01837 0.02
0 0.27375 0.07157 0.02 0.02
0 0.0925 0.0325 0.02 0.02
0 0.32588 0.10255 0.0301 0.0225
0 0.47375 0.19875 0.02 0.02
0 0.38667 0.13018 0.0288 0.0212
0 0.29945 0.04075 0.02065 0.02065
0 0.39158 0.0606 0.02337 0.02337
0 0.38588 0.91005 0.01847 0.02662
0 0.33287 0.80843 0.01903 0.0212
0 0.6575 0.38 0.03 0.025
0 0.7425 0.4275 0.03 0.0225
0 0.7425 0.45875 0.03 0.02
0 0.59 0.25375 0.0225 0.0225
0 0.57875 0.19 0.0325 0.025
0 0.685 0.5175 0.03 0.025
0 0.5875 0.51625 0.0225 0.0275
0 0.69625 0.40375 0.03 0.0325
0 0.93625 0.35 0.03 0.0275
0 0.92 0.3375 0.0225 0.0225
0 0.56125 0.2775 0.0275 0.02
0 0.51875 0.27625 0.02 0.02
0 0.5475 0.25125 0.0175 0.0175
0 0.55125 0.545 0.025 0.0225
0 0.56125 0.31375 0.015 0.0175
0 0.66125 0.3575 0.02 0.0225
0 0.6925 0.5828 0.0225 0.0225
0 0.5475 0.37375 0.02 0.02
0 0.61375 0.46875 0.0225 0.0225
0 0.61875 0.4275 0.0225 0.0225
