0 0.35875 0.4675 0.03 0.0225
0 0.29 0.41 0.0225 0.015
0 0.36875 0.365 0.0225 0.0175
0 0.2275 0.11875 0.0225 0.03
0 0.3775 0.60875 0.025 0.02
0 0.36875 0.62625 0.0225 0.015
0 0.44875 0.945 0.02 0.0225
0 0.18375 0.91875 0.025 0.025
0 0.3675 0.73125 0.0225 0.015
0 0.14625 0.865 0.02 0.015
0 0.19875 0.79 0.025 0.02
0 0.45125 0.51 0.025 0.0175
0 0.44125 0.4925 0.0225 0.015
0 0.13875 0.525 0.03 0.025
0 0.21125 0.46375 0.0125 0.0125
0 0.21375 0.565 0.02 0.02
0 0.0625 0.95875 0.02 0.0175
0 0.28875 0.7875 0.015 0.015
0 0.2575 0.40875 0.015 0.0175
0 0.2725 0.41875 0.0175 0.0125
0 0.15375 0.69125 0.015 0.0175
0 0.20875 0.7325 0.02 0.0175
0 0.25625 0.62375 0.0175 0.015
0 0.11625 0.645 0.0225 0.0175
0 0.26625 0.63875 0.0225 0.015
0 0.25375 0.66625 0.02 0.02
0 0.16625 0.5775 0.02 0.0175
0 0.05 0.91625 0.02 0.0175
0 0.27 0.45625 0.0175 0.0175
0 0.28375 0.6225 0.02 0.0175
0 0.28 0.59625 0.02 0.015
0 0.05625 0.45 0.02 0.02
0 0.14 0.87875 0.0175 0.0175
0 0.2375 0.51125 0.0175 0.0175
0 0.39375 0.35625 0.0275 0.02
0 0.44 0.37 0.0225 0.015
0 0.15375 0.73875 0.02 0.02
0 0.12 0.96625 0.015 0.0225
0 0.90875 0.79 0.02 0.025
0 0.93125 0.79875 0.015 0.02
0 0.0125 0.515 0.0225 0.025
0 0.01125 0.57 0.0175 0.0225
0 0.14125 0.46875 0.015 0.02
0 0.6675 0.25875 0.0225 0.0225