0 0.07408 0.94373 0.02315 0.02502
0 0.17127 0.78735 0.02502 0.02717
0 0.03 0.6825 0.0225 0.02
0 0.18125 0.745 0.025 0.025
0 0.42125 0.76375 0.02 0.0225
0 0.12125 0.95125 0.0275 0.02
0 0.24375 0.7375 0.0275 0.025
0 0.38375 0.78 0.0225 0.02
0 0.43 0.65875 0.0275 0.0275
0 0.4225 0.28082 0.0225 0.0225
0 0.34125 0.82 0.02 0.02
0 0.83375 0.30375 0.025 0.0275
0 0.56125 0.8425 0.0175 0.0225
0 0.87375 0.875 0.02 0.0225
0 0.90375 0.975 0.0225 0.0225
0 0.56125 0.31625 0.02 0.02
0 0.91625 0.91 0.0225 0.0225
