0 0.03125 0.06 0.025 0.02
0 0.085 0.2025 0.02 0.0225
0 0.06 0.23875 0.0225 0.02
0 0.11 0.17875 0.02 0.02
0 0.1125 0.19375 0.02 0.015
0 0.17625 0.2125 0.02 0.02
0 0.19875 0.3525 0.0275 0.0225
0 0.18625 0.36625 0.0175 0.02
0 0.2 0.37125 0.015 0.0175
0 0.185 0.17875 0.02 0.025
0 0.2875 0.3125 0.02 0.02
0 0.12125 0.4225 0.02 0.015
0 0.16875 0.66125 0.0225 0.02
0 0.28625 0.65 0.0175 0.02
0 0.17 0.7325 0.015 0.02
0 0.0675 0.4875 0.02 0.0175
0 0.26375 0.7875 0.02 0.02
0 0.31375 0.80875 0.0175 0.02
0 0.58125 0.93125 0.0225 0.0175
0 0.575 0.88625 0.02 0.0225
0 0.58375 0.8075 0.0275 0.0275
0 0.5375 0.83875 0.02 0.0175
0 0.54 0.85875 0.02 0.0175
0 0.58625 0.8675 0.0275 0.015
0 0.6125 0.86 0.02 0.0175
0 0.7425 0.95875 0.025 0.0325
0 0.84375 0.875 0.0275 0.025
0 0.8 0.90625 0.03 0.02
0 0.72875 0.885 0.0225 0.015
0 0.8425 0.92625 0.0225 0.0175
0 0.85875 0.97625 0.025 0.0175
0 0.90375 0.98625 0.0225 0.0175
0 0.84375 0.74375 0.025 0.025
0 0.87 0.75625 0.0275 0.02
0 0.895 0.7375 0.025 0.02
0 0.85875 0.7075 0.02 0.0225
0 0.9125 0.6625 0.025 0.0175
0 0.7975 0.70875 0.02 0.0225
0 0.60875 0.75625 0.0225 0.0175
0 0.95875 0.62375 0.0225 0.025
0 0.9625 0.65375 0.025 0.0225
0 0.35875 0.86 0.0225 0.02
0 0.530025 0.792475 0.0225 0.0225
0 0.2425 0.92625 0.0225 0.0225
0 0.0375 0.5925 0.0225 0.0225
0 0.7525 0.8 0.0225 0.0225
0 0.035 0.77 0.0275 0.0275
0 0.13375 0.2775 0.02 0.02
0 0.55125 0.80375 0.0175 0.0175
0 0.64875 0.7975 0.02 0.02
0 0.77375 0.7875 0.0225 0.02
0 0.57125 0.91125 0.02 0.02
0 0.0925 0.7175 0.02 0.02
0 0.21375 0.575 0.02 0.02
0 0.3925 0.86 0.02 0.02
0 0.225 0.4375 0.02 0.02
0 0.15 0.35125 0.02 0.02
0 0.175 0.2575 0.02 0.02
0 0.10005000000000001 0.3125 0.027374999999999997 0.02
0 0.91625 0.5875 0.02 0.02
0 0.6269250000000001 0.84 0.02 0.02
0 0.21125 0.195 0.02 0.02
0 0.0725 0.60875 0.02 0.02
0 0.885 0.655 0.02 0.02
0 0.6666500000000001 0.73205 0.02015 0.026699999999999998
0 0.6126 0.819275 0.022574999999999998 0.022875
0 0.629575 0.7773749999999999 0.024175 0.0187
0 0.6312 0.74275 0.016425000000000002 0.027125