0 0.87 0.44875 0.0275 0.0225
0 0.83 0.36 0.0225 0.0175
0 0.8375 0.34 0.025 0.02
0 0.88 0.33375 0.0375 0.025
0 0.855 0.37 0.03 0.0225
0 0.8 0.42875 0.0275 0.0275
0 0.83875 0.43875 0.025 0.025
0 0.8275 0.39125 0.035 0.0275
0 0.85125 0.41375 0.0325 0.025
0 0.82875 0.15625 0.0225 0.025
0 0.8525 0.16625 0.0225 0.0225
0 0.85375 0.20875 0.0225 0.02
0 0.83875 0.43625 0.025 0.0275
0 0.89875 0.4204 0.025 0.0225
0 0.85375 0.2875 0.02 0.02
0 0.805 0.1775 0.0225 0.0225
0 0.4075 0.60875 0.0275 0.0225
0 0.565 0.81875 0.0275 0.025
0 0.43 0.7025 0.0275 0.025
0 0.605 0.7375 0.02 0.025
0 0.65875 0.76125 0.0225 0.02
0 0.615 0.69875 0.025 0.0225
0 0.60125 0.71625 0.02 0.025
0 0.6925 0.79125 0.025 0.025
0 0.75375 0.8 0.02 0.02
0 0.78125 0.61125 0.0275 0.025
0 0.7825 0.63125 0.025 0.0275
0 0.86125 0.66875 0.03 0.0225
0 0.88375 0.67125 0.03 0.0175
0 0.85 0.84125 0.025 0.02
0 0.67625 0.90125 0.0175 0.02
0 0.72375 0.925 0.0225 0.0225
0 0.74625 0.95 0.0225 0.0225
0 0.615 0.7 0.025 0.025
0 0.89875 0.74125 0.0225 0.0225
0 0.79625 0.72375 0.025 0.0225
0 0.915 0.71702 0.0225 0.0225
0 0.9 0.77 0.02 0.02
0 0.565 0.67875 0.02 0.02
0 0.925 0.68625 0.025 0.025
0 0.78625 0.865 0.02 0.02
0 0.79875 0.6175 0.025 0.0225
