0 0.79625 0.1125 0.0225 0.0225
0 0.85 0.06 0.0275 0.0275
0 0.44875 0.11375 0.0275 0.0225
0 0.85875 0.15875 0.0225 0.02
0 0.8075 0.18625 0.025 0.0225
0 0.5175 0.21 0.025 0.03
0 0.32125 0.48 0.0275 0.0225
0 0.81375 0.13875 0.0175 0.02
0 0.83125 0.155 0.0175 0.025
0 0.9425 0.09625 0.015 0.02
0 0.655 0.20875 0.0225 0.0225
0 0.84 0.115 0.02 0.02
0 0.885 0.1825 0.025 0.025
0 0.86 0.02625 0.02 0.02
0 0.70125 0.885 0.0225 0.0225
0 0.30125 0.78625 0.02 0.0175
0 0.2825 0.785 0.02 0.025
0 0.41125 0.8275 0.025 0.025
0 0.44375 0.78875 0.015 0.02
0 0.2225 0.8375 0.02 0.025
0 0.26375 0.82375 0.025 0.025
0 0.265 0.915 0.0175 0.0175
0 0.75875 0.53375 0.02 0.02
0 0.53 0.70192 0.0225 0.0225
