0 0.7475 0.0625 0.0175 0.015
0 0.73625 0.07625 0.0175 0.02
0 0.8575 0.0825 0.02 0.02
0 0.73375 0.14 0.02 0.0225
0 0.82125 0.205 0.0175 0.0225
0 0.7575 0.27375 0.0275 0.02
0 0.66987 0.29578 0.0234 0.0177
0 0.64375 0.33125 0.0175 0.0225
0 0.6225 0.34875 0.015 0.015
0 0.67625 0.36875 0.02 0.0225
0 0.43125 0.39375 0.02 0.0175
0 0.95625 0.11625 0.0225 0.0225
0 0.77875 0.2525 0.0225 0.02
0 0.77125 0.1125 0.0225 0.0225
0 0.65675 0.3062 0.0147 0.01585
0 0.49693 0.46547 0.01785 0.01765
0 0.51812 0.4474 0.0184 0.01802
0 0.7228 0.23798 0.01883 0.017
0 0.9231 0.09247 0.02118 0.0171
0 0.37375 0.65625 0.02 0.015
0 0.6025 0.70875 0.02 0.015
0 0.12375 0.86875 0.0175 0.0225
0 0.17 0.89125 0.0225 0.02
0 0.07125 0.84375 0.02 0.02
0 0.085 0.865 0.02 0.02
0 0.2325 0.77875 0.02 0.02
0 0.3508 0.77337 0.01765 0.01997
