0 0.3925 0.20375 0.0225 0.0325
0 0.41625 0.26625 0.0225 0.0225
0 0.86 0.44625 0.0275 0.03
0 0.2525 0.40375 0.025 0.025
0 0.47375 0.09 0.0175 0.015
0 0.385 0.02875 0.025 0.02
0 0.43 0.035 0.02 0.015
0 0.42625 0.02 0.0225 0.015
0 0.30125 0.0975 0.0275 0.0275
0 0.3625 0.0575 0.02 0.015
0 0.35625 0.02 0.0175 0.0175
0 0.40125 0.38875 0.02 0.0225
0 0.4725 0.0675 0.02 0.0225
0 0.75125 0.465 0.0225 0.015
0 0.08 0.43625 0.02 0.02
0 0.49125 0.0575 0.02 0.02
0 0.415 0.4725 0.0225 0.0225
0 0.1725 0.84 0.02 0.015
0 0.25125 0.74625 0.0175 0.0275
0 0.29875 0.6825 0.02 0.0225
0 0.04375 0.575 0.0175 0.02
0 0.0575 0.59125 0.0175 0.0225
0 0.23125 0.54375 0.02 0.02
0 0.90875 0.97 0.02 0.025
0 0.82625 0.9075 0.015 0.0175
0 0.23375 0.58125 0.02 0.015
0 0.21375 0.625 0.0325 0.0325
0 0.15875 0.57 0.0275 0.03
0 0.69125 0.9075 0.0175 0.02
0 0.7275 0.92 0.025 0.0225
0 0.17875 0.885 0.0225 0.0225
0 0.18625 0.63 0.0225 0.025
0 0.89375 0.915 0.02 0.0175
0 0.28 0.58375 0.0225 0.0325
0 0.635 0.9325 0.02 0.0175
