0 0.29375 0.14625 0.0325 0.025
0 0.26375 0.3275 0.0325 0.0275
0 0.195 0.16875 0.0225 0.0225
0 0.3075 0.21 0.02 0.02
0 0.44125 0.2075 0.02 0.0175
0 0.1675 0.22375 0.03 0.0275
0 0.3225 0.27375 0.025 0.02
0 0.70375 0.4325 0.02 0.0275
0 0.64375 0.3175 0.025 0.0225
0 0.345 0.1925 0.0175 0.025
0 0.905 0.155 0.0225 0.0225
0 0.84875 0.95875 0.025 0.02
0 0.85375 0.895 0.0225 0.0175
0 0.36875 0.77125 0.0225 0.02
0 0.645 0.91875 0.0225 0.0225
0 0.78625 0.91375 0.0225 0.0225
0 0.725 0.8975 0.02 0.0175
0 0.9475 0.8 0.025 0.02
0 0.375 0.675 0.02 0.02
0 0.97518 0.84663 0.02538 0.02425
0 0.45 0.65125 0.0225 0.025
0 0.92 0.96625 0.025 0.025
0 0.91875 0.64625 0.02 0.02
