0 0.1075 0.1825 0.02 0.0275
0 0.035 0.2575 0.02 0.02
0 0.04875 0.24375 0.0175 0.0225
0 0.3825 0.1925 0.0275 0.0225
0 0.14375 0.07625 0.025 0.0275
0 0.6325 0.125 0.0275 0.02
0 0.5958 0.29808 0.02042 0.02115
0 0.85125 0.44875 0.0225 0.02
0 0.75875 0.43375 0.0175 0.025
0 0.7375 0.2725 0.025 0.025
0 0.52625 0.3075 0.02 0.0225
0 0.38125 0.83 0.0275 0.0275
0 0.26625 0.8575 0.025 0.025
0 0.19125 0.8375 0.0225 0.0275
0 0.19125 0.8025 0.0175 0.0225
0 0.1975 0.725 0.0275 0.02
0 0.055 0.87875 0.025 0.0225
0 0.21 0.64375 0.0275 0.0225
0 0.44267 0.75165 0.02215 0.0258
0 0.28885 0.77942 0.02772 0.02195
0 0.94625 0.5875 0.0275 0.025
0 0.60375 0.97375 0.0175 0.0175
0 0.625 0.975 0.0225 0.02
0 0.80875 0.90875 0.02 0.0175
0 0.7825 0.81 0.0275 0.02
0 0.75875 0.78375 0.02 0.02
0 0.76875 0.51125 0.0225 0.02
0 0.835 0.50875 0.0175 0.0175
