0 0.0475 0.90875 0.0275 0.02
0 0.0775 0.30625 0.0275 0.02
0 0.45 0.2125 0.0225 0.0225
0 0.1425 0.30375 0.0225 0.02
0 0.66375 0.66375 0.03 0.0275
0 0.69 0.6975 0.025 0.0225
0 0.81125 0.785 0.0275 0.02
0 0.95125 0.3075 0.0225 0.0225
0 0.825 0.60375 0.0225 0.0225
0 0.85125 0.58125 0.0175 0.0275
0 0.65375 0.90375 0.03 0.0175
0 0.72 0.89625 0.02 0.025
0 0.97875 0.805 0.02 0.02
0 0.9575 0.79625 0.02 0.0175
0 0.875 0.605 0.0175 0.0225
0 0.86875 0.58375 0.0225 0.0225
0 0.81 0.7575 0.0175 0.02
0 0.76375 0.7075 0.0225 0.0225
0 0.71 0.86625 0.02 0.02
0 0.5375 0.24 0.0225 0.0225
0 0.83535 0.49375 0.02 0.02
0 0.5425 0.25625 0.0225 0.0225
0 0.965 0.36375 0.0175 0.0175
0 0.53 0.03375 0.0225 0.0225
0 0.73625 0.77 0.0225 0.0225
