0 0.43875 0.28625 0.02 0.02
0 0.2725 0.465 0.02 0.0175
0 0.22625 0.4225 0.02 0.02
0 0.47375 0.3775 0.0275 0.025
0 0.29125 0.4775 0.0225 0.02
0 0.13375 0.4775 0.02 0.0175
0 0.385 0.47 0.025 0.0175
0 0.30375 0.45625 0.0175 0.0175
0 0.09125 0.37375 0.0175 0.0175
0 0.25 0.41375 0.02 0.02
0 0.465 0.19125 0.0225 0.0225
0 0.14625 0.3775 0.02 0.02
0 0.39875 0.44625 0.02 0.02
0 0.16875 0.47625 0.0175 0.0175
0 0.04578 0.41392 0.01477 0.01712
0 0.05717 0.4037 0.01433 0.01455
0 0.13257 0.40415 0.02048 0.01723
0 0.49152 0.132 0.01698 0.01937
0 0.47355 0.1303 0.01855 0.01593
0 0.06368 0.22908 0.01663 0.01707
0 0.06807 0.21382 0.0165 0.01873
0 0.36175 0.45455 0.01278 0.01802
0 0.37175 0.43785 0.0185 0.01677
0 0.33685 0.42972 0.01298 0.02195
0 0.45248 0.17528 0.01745 0.0166
0 0.745 0.08125 0.015 0.0175
0 0.88 0.34625 0.0175 0.02
0 0.72875 0.42125 0.0175 0.0175
0 0.82375 0.02125 0.02 0.015
0 0.5575 0.25 0.0225 0.0175
0 0.7325 0.0425 0.0175 0.0175
0 0.77375 0.36125 0.0225 0.0225
0 0.81625 0.405 0.025 0.0225
0 0.7125 0.12875 0.02 0.0175
0 0.69212 0.37415 0.0181 0.01865
0 0.935 0.35 0.02 0.02
0 0.52625 0.20472 0.02 0.02
0 0.71563 0.06663 0.01698 0.01717
0 0.53333 0.21625 0.01665 0.01748
0 0.57205 0.2302 0.01733 0.0211
0 0.55393 0.20605 0.01498 0.01925
0 0.7661 0.08225 0.016 0.01808
0 0.6818 0.36192 0.0136 0.02025
0 0.75378 0.36405 0.02005 0.02275
0 0.71565 0.42453 0.0188 0.0169
0 0.74695 0.41638 0.0186 0.01488
0 0.89998 0.35323 0.0178 0.02035
0 0.93278 0.33203 0.01912 0.0214
0 0.97697 0.31385 0.01465 0.01878
0 0.25875 0.59875 0.02 0.02
0 0.3028 0.55312 0.02 0.0225
0 0.25625 0.55125 0.02 0.0175
0 0.165 0.62 0.0175 0.0175
0 0.04125 0.5875 0.0175 0.0175
0 0.09 0.5575 0.0225 0.02
0 0.21 0.5125 0.025 0.025
0 0.25 0.505 0.01 0.01
0 0.26385 0.50605 0.0176 0.0121
0 0.2875 0.525 0.0225 0.025
0 0.24408 0.5386 0.02315 0.01777
0 0.0225 0.9725 0.02 0.02
0 0.30105 0.52165 0.01792 0.01582
0 0.04 0.66375 0.02 0.02
0 0.195 0.56375 0.02 0.02
0 0.0848 0.62083 0.0214 0.02022
0 0.19035 0.53107 0.0182 0.0175
0 0.44995 0.5694 0.01825 0.01923
0 0.27797 0.57293 0.02022 0.01727
0 0.1466 0.64392 0.0164 0.01818
0 0.0365 0.64497 0.01273 0.01673
0 0.1962 0.64828 0.01565 0.01795
0 0.22225 0.59185 0.01947 0.01762
0 0.08972 0.89655 0.01695 0.02165
0 0.13733 0.92705 0.01752 0.02018
0 0.1627 0.92667 0.01823 0.0194
0 0.14048 0.95385 0.01907 0.0191
0 0.535 0.62375 0.0275 0.025
0 0.8425 0.82875 0.02 0.02
0 0.75048 0.79595 0.0188 0.01868
0 0.78187 0.7924 0.02087 0.01875
0 0.7315 0.93145 0.02013 0.01825
0 0.77315 0.83065 0.01593 0.01843
0 0.87648 0.8121 0.01725 0.01707
