0 0.17875 0.3575 0.02 0.025
0 0.19 0.26125 0.0225 0.02
0 0.4407 0.47177 0.0189 0.02272
0 0.24125 0.42375 0.02 0.0225
0 0.165 0.4725 0.0225 0.025
0 0.15 0.1525 0.0275 0.015
0 0.23 0.25625 0.025 0.025
0 0.14375 0.3875 0.0225 0.0225
0 0.375 0.295 0.0225 0.0225
0 0.23645 0.22877 0.02285 0.02243
0 0.47132 0.4372 0.01897 0.01992
0 0.1125 0.41375 0.0225 0.0225
0 0.1857 0.44495 0.01783 0.01667
0 0.26295 0.22767 0.02053 0.01963
0 0.3428 0.3168 0.01775 0.02107
0 0.7284 0.46862 0.0193 0.0176
0 0.72232 0.49285 0.02317 0.01427
0 0.2709 0.52625 0.0225 0.0225
0 0.13392 0.64822 0.01427 0.01965
0 0.17722 0.65 0.01698 0.02322
0 0.14955 0.6174 0.01518 0.02053
0 0.24285 0.56517 0.01965 0.01785
0 0.24865 0.59732 0.02053 0.01607
0 0.28573 0.5799 0.01965 0.01875
0 0.3549 0.56073 0.0134 0.01427
0 0.68573 0.54688 0.02322 0.02232
