0 0.06125 0.4875 0.0225 0.0225
0 0.285 0.43375 0.02 0.0225
0 0.31 0.4 0.015 0.0225
0 0.33625 0.39375 0.0225 0.02
0 0.16 0.7625 0.025 0.0275
0 0.31 0.73875 0.0175 0.025
0 0.2675 0.7475 0.02 0.0225
0 0.34625 0.87 0.0225 0.02
0 0.33375 0.84 0.0225 0.02
0 0.4625 0.8925 0.02 0.0225
0 0.3825 0.5575 0.025 0.02
0 0.38875 0.77 0.0225 0.02
0 0.3675 0.90125 0.0225 0.0175
0 0.4225 0.77125 0.0225 0.0175
0 0.42125 0.755 0.0175 0.015
0 0.15282 0.6358 0.02753 0.02278
0 0.07 0.56 0.0225 0.0225
0 0.24 0.66875 0.02 0.0175
0 0.215 0.68375 0.02 0.0175
0 0.185 0.66625 0.0175 0.0175
0 0.29125 0.87375 0.0175 0.015
0 0.375 0.8825 0.0225 0.02
0 0.44375 0.75375 0.0175 0.02
0 0.2675 0.87 0.0225 0.0225
0 0.23 0.74 0.02 0.02
0 0.415 0.8575 0.02 0.02
0 0.0425 0.1575 0.02 0.02
0 0.38625 0.33125 0.02 0.02
0 0.32375 0.59625 0.02 0.02
0 0.0275 0.06625 0.0225 0.0225
0 0.285 0.72125 0.0225 0.0225
0 0.12 0.70375 0.02 0.02
0 0.3825 0.47125 0.0225 0.0225
0 0.39 0.425 0.0225 0.02
0 0.24 0.70125 0.02 0.0175
0 0.09125 0.4775 0.02 0.02
0 0.28912 0.9803 0.01907 0.01947
0 0.39237 0.92502 0.01997 0.01767
0 0.45722 0.9111 0.02665 0.0184
0 0.38825 0.80353 0.02453 0.02048
0 0.39328 0.82775 0.02545 0.02138
0 0.3862 0.3499 0.0216 0.01603
0 0.20142 0.76765 0.0255 0.01997
0 0.42457 0.72542 0.01857 0.0214
0 0.15475 0.69457 0.02317 0.02868
0 0.30515 0.56755 0.02175 0.02185
0 0.3841 0.59775 0.01897 0.02322
0 0.1867 0.71007 0.02662 0.02805
0 0.36833 0.42705 0.02178 0.02523
0 0.03905 0.1105 0.0157 0.01988
0 0.37892 0.8605 0.02355 0.02547
0 0.34425 0.5999 0.0167 0.0255
0 0.46452 0.49085 0.02728 0.02743
0 0.21175 0.6455 0.01923 0.02172
0 0.45827 0.92862 0.01978 0.01923
0 0.40422 0.93957 0.02042 0.01985
0 0.42673 0.93362 0.01918 0.02547
0 0.46203 0.95017 0.02853 0.02105
0 0.25323 0.5846 0.02145 0.0235
0 0.19528 0.62323 0.01688 0.01955
0 0.14615 0.44965 0.02082 0.02353
0 0.1278 0.47028 0.0169 0.02022
0 0.46808 0.39167 0.02268 0.01503
0 0.35013 0.4879 0.01893 0.01723
0 0.25785 0.8497 0.02078 0.01717
0 0.17327 0.6294 0.0197 0.02632
0 0.44093 0.77207 0.02013 0.02583
0 0.3896 0.65147 0.01472 0.0199
0 0.44945 0.84558 0.02183 0.01985
0 0.1156 0.52017 0.01545 0.0213
0 0.97375 0.1325 0.0225 0.02
0 0.9725 0.1625 0.025 0.02
0 0.93375 0.31125 0.0225 0.0175
0 0.9175 0.24875 0.0275 0.0225
0 0.97375 0.6225 0.0225 0.02
0 0.52375 0.62625 0.02 0.02
0 0.5075 0.62875 0.0125 0.02
0 0.89875 0.63625 0.0225 0.02
0 0.95125 0.3475 0.025 0.025
0 0.6575 0.90125 0.0225 0.0225
0 0.6475 0.8425 0.02 0.02
0 0.545 0.49 0.02 0.02
0 0.535 0.52 0.0225 0.02
0 0.555 0.385 0.0275 0.025
0 0.5975 0.68 0.0175 0.0175
0 0.9725 0.66875 0.02 0.02
0 0.88125 0.77 0.02 0.02
0 0.54375 0.66625 0.02 0.02
0 0.87188 0.6762 0.02732 0.02145
0 0.89752 0.66045 0.02732 0.02145
0 0.95577 0.64855 0.02658 0.02025
0 0.97502 0.78218 0.01638 0.02475
0 0.9525 0.7251 0.02135 0.0186
0 0.53065 0.92975 0.022 0.02388
0 0.5113 0.92907 0.01933 0.01988
0 0.5113 0.9708 0.01933 0.02185
0 0.97515 0.3487 0.02053 0.03013
0 0.5528 0.81052 0.01818 0.0159
0 0.6199 0.64343 0.02087 0.0215
0 0.5863 0.5543 0.02025 0.01845
0 0.5138 0.653 0.02708 0.0258
0 0.54995 0.9767 0.01982 0.0204
0 0.51685 0.68512 0.01982 0.02142
0 0.9298 0.22183 0.01593 0.01912
