0 0.01625 0.11 0.015 0.0225
0 0.0625 0.46 0.015 0.02
0 0.2 0.41375 0.0175 0.02
0 0.1875 0.45 0.0225 0.025
0 0.475 0.4825 0.015 0.0225
0 0.1325 0.475 0.0175 0.0225
0 0.285 0.4725 0.0225 0.0225
0 0.25275 0.49152 0.01978 0.01698
0 0.305 0.48935 0.02038 0.01622
0 0.44232 0.44515 0.0168 0.02065
0 0.685 0.2475 0.02 0.02
0 0.62125 0.24625 0.0225 0.02
0 0.62125 0.26875 0.025 0.02
0 0.70375 0.35 0.0225 0.0175
0 0.84375 0.1825 0.025 0.02
0 0.865 0.25625 0.02 0.02
0 0.91875 0.2325 0.0225 0.0225
0 0.55125 0.305 0.0225 0.0225
0 0.68125 0.2075 0.02 0.02
0 0.7933 0.1701 0.01698 0.01875
0 0.9134 0.36205 0.02322 0.02053
0 0.88392 0.19955 0.01785 0.01518
0 0.6625 0.29017 0.01785 0.01965
0 0.59822 0.32858 0.01607 0.01965
0 0.43125 0.8575 0.0225 0.0225
0 0.20375 0.55125 0.02 0.02
0 0.37485 0.9288 0.014 0.01833
0 0.35877 0.92647 0.01577 0.01725
0 0.41243 0.90605 0.0195 0.01748
0 0.19243 0.50715 0.02235 0.01427
0 0.38392 0.518 0.01785 0.02172
0 0.26765 0.5555 0.0139 0.01638
0 0.36207 0.51897 0.0152 0.0183
