0 0.61585 0.073075 0.0242 0.0226
0 0.5423 0.076525 0.029625 0.025575
0 0.56995 0.1139 0.024900000000000002 0.025275
0 0.7375 0.075 0.02 0.0225
0 0.70125 0.14625 0.0225 0.0225
0 0.76125 0.15 0.0275 0.025
0 0.71125 0.17625 0.02 0.02
0 0.7601 0.20535 0.0252 0.021775000000000003
0 0.71 0.20375 0.025 0.02
0 0.93875 0.905075 0.021124999999999998 0.020625
0 0.9375 0.30875 0.0225 0.025
0 0.700975 0.46299999999999997 0.025750000000000002 0.022400000000000003
0 0.843225 0.3494 0.018325 0.020649999999999998
0 0.6575 0.0625 0.02 0.02
0 0.91375 0.41625 0.0225 0.0225
0 0.68125 0.31625 0.02 0.02
0 0.99125 0.76375 0.0175 0.0225
0 0.76935 0.368 0.023700000000000002 0.017275
0 0.34850000000000003 0.76125 0.02 0.02
0 0.33067500000000005 0.7874500000000001 0.020274999999999998 0.016
0 0.7805500000000001 0.749825 0.021825 0.0175
0 0.5965250000000001 0.166 0.025175 0.017725
0 0.669 0.24539999999999998 0.018375 0.0158
0 0.65205 0.343275 0.018375 0.018675
0 0.7953 0.430575 0.01915 0.018275
0 0.788175 0.4048 0.017425 0.016725
0 0.769625 0.3829 0.02145 0.018125
0 0.7301000000000001 0.1659 0.018375 0.016425000000000002
0 0.937075 0.857525 0.0206 0.0204
0 0.8917499999999999 0.8249 0.022775 0.019424999999999998
0 0.622175 0.12837500000000002 0.0158 0.01745
0 0.629525 0.14015 0.015925 0.0197
0 0.6837000000000001 0.03085 0.015625 0.022425
0 0.746525 0.230725 0.0252 0.0168
0 0.862825 0.364475 0.018975 0.013925
0 0.9108750000000001 0.7127 0.0182 0.018275
0 0.944775 0.924475 0.016325 0.015325
0 0.9730249999999999 0.82875 0.017625 0.02355
0 0.9289000000000001 0.9640000000000001 0.0203 0.019074999999999998
0 0.990175 0.375175 0.01965 0.0218