0 0.45 0.1525 0.02 0.02
0 0.35375 0.3275 0.0225 0.02
0 0.44125 0.075 0.025 0.025
0 0.2825 0.265 0.0225 0.0225
0 0.30125 0.215 0.0225 0.0225
0 0.415 0.47875 0.0225 0.0225
0 0.5875 0.40375 0.0225 0.0225
0 0.28375 0.315 0.025 0.025
0 0.51125 0.0425 0.0225 0.0225
0 0.43625 0.37375 0.0275 0.025
0 0.48125 0.10375 0.025 0.025
0 0.3375 0.27125 0.0225 0.02
0 0.2675 0.29125 0.0225 0.0225
0 0.43875 0.03 0.02 0.02
0 0.40875 0.1925 0.02 0.02
0 0.2975 0.12875 0.0225 0.0225
0 0.36 0.4875 0.02 0.02
0 0.35125 0.225 0.02 0.02
0 0.42 0.3125 0.0225 0.0225
0 0.3325 0.305 0.02 0.02
0 0.37125 0.2475 0.02 0.02
0 0.3725 0.13 0.02 0.02
0 0.43375 0.225 0.0225 0.0225
0 0.38125 0.16375 0.02 0.02
0 0.43153 0.11083 0.02485 0.0319
0 0.31125 0.7425 0.0225 0.0225
0 0.4725 0.94 0.02 0.02
0 0.3975 0.8975 0.02 0.0175
0 0.34125 0.78 0.02 0.015
0 0.4125 0.8675 0.0225 0.02
0 0.31625 0.80125 0.02 0.02
0 0.26875 0.60625 0.025 0.025
0 0.42375 0.695 0.0225 0.0225
0 0.395 0.77125 0.02 0.02
0 0.27875 0.92 0.02 0.02
0 0.36 0.67375 0.0225 0.0225
0 0.38875 0.6325 0.0225 0.0225
0 0.33375 0.92625 0.02 0.02
0 0.46313 0.58625 0.025 0.025
0 0.49125 0.56875 0.0225 0.0225
0 0.27 0.7975 0.02 0.02
0 0.44 0.5675 0.025 0.025
0 0.2825 0.56625 0.0225 0.0225
0 0.3525 0.94625 0.02 0.02
0 0.33813 0.9725 0.02 0.0175
0 0.2575 0.56 0.0225 0.0225
0 0.45568 0.89375 0.02 0.0175
0 0.3871 0.65523 0.0299 0.01992
0 0.4438 0.77172 0.01965 0.022
0 0.46502 0.87605 0.03185 0.02022
0 0.4127 0.7714 0.0191 0.02485
0 0.3601 0.9156 0.02317 0.02837
0 0.358 0.63132 0.0222 0.01885
0 0.4715 0.85733 0.0208 0.01675
0 0.4134 0.53877 0.02487 0.01885
