0 0.68625 0.4475 0.0225 0.0175
0 0.69625 0.68 0.02 0.025
0 0.44875 0.55 0.0275 0.02
0 0.53 0.32875 0.0225 0.0225
0 0.84 0.2525 0.02 0.02
0 0.89 0.19875 0.025 0.015
0 0.93 0.2225 0.0175 0.02
0 0.965 0.255 0.015 0.02
0 0.84625 0.11375 0.0225 0.0225
0 0.0525 0.4825 0.03 0.0175
0 0.6925 0.25 0.02 0.0175
0 0.8025 0.295 0.02 0.0175
0 0.83 0.3175 0.015 0.015
0 0.40625 0.4 0.025 0.015
0 0.11875 0.49125 0.0225 0.02
0 0.97375 0.20875 0.015 0.0175
0 0.30125 0.125 0.02 0.02
0 0.78625 0.16875 0.0225 0.0225
0 0.835 0.19625 0.0275 0.025
0 0.9275 0.185 0.02 0.02
0 0.43375 0.4125 0.02 0.02
0 0.6675 0.74625 0.0225 0.0225
0 0.87125 0.2675 0.0225 0.0225
0 0.61625 0.43 0.0225 0.02
0 0.34125 0.61875 0.0225 0.02
0 0.9415749999999999 0.59125 0.02 0.02
0 0.34 0.38625 0.02 0.02
0 0.6725 0.465 0.0175 0.0175
0 0.93125 0.765 0.025 0.025
0 0.9325 0.2075 0.02 0.0275