0 0.41 0.06 0.025 0.025
0 0.485 0.04 0.0225 0.0225
0 0.81125 0.07125 0.025 0.0225
0 0.76 0.1975 0.025 0.025
0 0.77 0.11875 0.02 0.02
0 0.69125 0.18125 0.02 0.02
0 0.665 0.25125 0.0225 0.02
0 0.535 0.45375 0.02 0.02
0 0.60125 0.23875 0.02 0.02
0 0.7375 0.27 0.0225 0.02
0 0.81375 0.0375 0.02 0.02
0 0.74625 0.25125 0.02 0.02
0 0.67875 0.45875 0.0225 0.0225
0 0.64 0.39375 0.02 0.02
0 0.89875 0.42375 0.02 0.02
0 0.97625 0.1725 0.0225 0.0225
0 0.60368 0.4127 0.0266 0.02803
0 0.64225 0.31937 0.03358 0.02475
0 0.9177 0.45272 0.01933 0.02365
0 0.04875 0.67375 0.02 0.02
0 0.19375 0.8025 0.0275 0.025
0 0.03625 0.79375 0.0225 0.02
0 0.035 0.65125 0.02 0.02
0 0.1925 0.8025 0.0275 0.025
0 0.1425 0.805 0.0225 0.0225
0 0.91625 0.645 0.02 0.0175
0 0.92625 0.6675 0.02 0.02
0 0.97875 0.5925 0.02 0.02
0 0.9575 0.67 0.0225 0.0225
0 0.68625 0.77 0.025 0.0225
0 0.61875 0.77 0.025 0.025
0 0.76625 0.575 0.0275 0.025
0 0.67625 0.69 0.025 0.0225
0 0.7325 0.64875 0.0225 0.02
0 0.70925 0.76448 0.02803 0.02388
0 0.69622 0.6285 0.0249 0.02275
