0 0.21 0.34625 0.025 0.025
0 0.295 0.88875 0.0275 0.025
0 0.40125 0.835 0.025 0.025
0 0.335 0.64375 0.0225 0.0225
0 0.475 0.63875 0.0275 0.0275
0 0.4375 0.815 0.025 0.02
0 0.055 0.95875 0.0225 0.0225
0 0.1625 0.765 0.0225 0.0225
0 0.15875 0.7225 0.02 0.02
0 0.1575 0.6725 0.02 0.02
0 0.40202 0.9175 0.0225 0.0225
0 0.16875 0.5575 0.0225 0.0225
0 0.3475 0.54875 0.02 0.02
0 0.3475 0.585 0.02 0.02
0 0.19375 0.55875 0.0225 0.0225
0 0.15125 0.64875 0.02 0.02
0 0.2075 0.69375 0.02 0.02
0 0.34625 0.775 0.02 0.02
0 0.32625 0.94375 0.025 0.0225
0 0.1425 0.905 0.02 0.02
0 0.27582 0.94185 0.02293 0.01607
0 0.55875 0.75125 0.0325 0.0275
