0 0.0575 0.36375 0.025 0.025
0 0.89375 0.07875 0.02 0.02
0 0.8625 0.0525 0.02 0.02
0 0.135 0.7225 0.03 0.02
0 0.20375 0.76875 0.0225 0.0175
0 0.41625 0.9075 0.0275 0.025
0 0.3225 0.69 0.0225 0.0275
0 0.26875 0.605 0.0225 0.02
0 0.41875 0.70125 0.0225 0.02
0 0.335 0.785 0.025 0.0225
0 0.33625 0.74625 0.025 0.02
0 0.36 0.67125 0.025 0.02
0 0.21625 0.86875 0.0225 0.0225
0 0.2525 0.78 0.02 0.02
0 0.32125 0.845 0.025 0.025
0 0.435 0.61125 0.02 0.02
0 0.95125 0.61375 0.0225 0.0225
0 0.2375 0.60375 0.0225 0.02
0 0.42375 0.68125 0.0225 0.0225
0 0.14375 0.88625 0.0225 0.0225
0 0.26625 0.85125 0.02 0.02
