0 0.15295 0.62628 0.02337 0.02003
0 0.22945 0.43475 0.0239 0.01947
0 0.15625 0.27125 0.0175 0.02
0 0.09375 0.39625 0.025 0.02
0 0.04125 0.15375 0.02 0.0175
0 0.2104 0.0647 0.02005 0.01667
0 0.23875 0.58625 0.02 0.015
0 0.0475 0.41875 0.0175 0.015
0 0.3075 0.94875 0.0175 0.02
0 0.1 0.3 0.025 0.0275
0 0.06528 0.58725 0.01805 0.017
0 0.345 0.91125 0.02 0.0225
0 0.32125 0.87375 0.0175 0.0225
0 0.09125 0.21 0.02 0.025
0 0.13 0.32 0.015 0.0175
0 0.46 0.505 0.0225 0.0225
0 0.1675 0.3125 0.0175 0.0175
0 0.06125 0.68125 0.02 0.02
0 0.09125 0.35625 0.0175 0.0175
0 0.17875 0.375 0.02 0.02
0 0.475 0.46625 0.0225 0.02
0 0.14875 0.40625 0.0175 0.0175
0 0.03 0.495 0.02 0.0175
0 0.24625 0.8825 0.02 0.0175
0 0.15965 0.68 0.02 0.02
0 0.03682 0.18102 0.01295 0.01383
0 0.02838 0.19747 0.01567 0.01755
0 0.06202 0.26543 0.0169 0.01837
0 0.03733 0.60977 0.01752 0.01775
0 0.14868 0.47428 0.017 0.02
0 0.1458 0.4554 0.01663 0.01617
0 0.1601 0.41833 0.01907 0.0169
0 0.1233 0.33625 0.01445 0.01535
0 0.12352 0.35483 0.01542 0.01535
0 0.1573 0.23815 0.01457 0.01912
0 0.1695 0.25062 0.0122 0.01912
0 0.1919 0.26677 0.01415 0.01745
0 0.225 0.29633 0.01785 0.01942
0 0.30388 0.22105 0.0185 0.0189
0 0.10498 0.23865 0.01173 0.01657
0 0.11767 0.23708 0.01107 0.02057
0 0.0949 0.3455 0.0166 0.01777
0 0.28597 0.71493 0.0166 0.01733
0 0.27353 0.68252 0.02205 0.01862
0 0.2581 0.52658 0.018 0.021
0 0.49062 0.98515 0.01875 0.01675
0 0.91875 0.3675 0.025 0.025
0 0.95 0.295 0.0225 0.02
0 0.9675 0.2725 0.025 0.0225
0 0.9375 0.265 0.0225 0.02
0 0.7975 0.04625 0.0225 0.0175
0 0.8209 0.06853 0.02335 0.02225
0 0.8175 0.09 0.025 0.0225
0 0.73875 0.36375 0.0275 0.0225
0 0.9675 0.08375 0.0175 0.0175
0 0.92795 0.14472 0.0245 0.02027
0 0.59875 0.20875 0.0225 0.0225
0 0.88625 0.0825 0.0225 0.0175
0 0.845 0.15375 0.0175 0.02
0 0.8865 0.37127 0.023 0.02248
0 0.74 0.34375 0.0275 0.0175
0 0.7425 0.275 0.0175 0.015
0 0.90835 0.03322 0.02082 0.01857
0 0.95875 0.04625 0.02 0.0175
0 0.7815 0.1225 0.0225 0.02
0 0.79375 0.09 0.02 0.02
0 0.76625 0.185 0.02 0.02
0 0.9708 0.25655 0.02087 0.02022
0 0.82915 0.4142 0.0226 0.01767
0 0.8119 0.23102 0.02022 0.02098
0 0.74073 0.1034 0.01897 0.02107
0 0.76565 0.02335 0.01702 0.01632
0 0.85647 0.12008 0.01833 0.01692
0 0.88333 0.1058 0.01663 0.01692
0 0.89258 0.15122 0.01553 0.01675
0 0.89807 0.126 0.01577 0.01273
0 0.7201 0.13862 0.017 0.01653
0 0.61422 0.40042 0.01595 0.01515
0 0.63983 0.43945 0.01893 0.0182
0 0.54147 0.32895 0.01865 0.01685
0 0.96807 0.03285 0.02007 0.0175
0 0.87157 0.08872 0.01815 0.01852
0 0.71882 0.1961 0.018 0.019
0 0.91242 0.15623 0.01947 0.01788
0 0.9168 0.31435 0.01643 0.01773
