0 0.215 0.32625 0.02 0.0225
0 0.245 0.31125 0.0175 0.0275
0 0.29625 0.3025 0.0175 0.0225
0 0.31375 0.28875 0.015 0.0225
0 0.33 0.27625 0.0175 0.0175
0 0.1675 0.22 0.0225 0.015
0 0.125 0.215 0.0175 0.02
0 0.10375 0.23875 0.0175 0.0175
0 0.205 0.40625 0.0175 0.0175
0 0.0875 0.19375 0.015 0.015
0 0.12375 0.1225 0.0175 0.0125
0 0.11375 0.085 0.02 0.0175
0 0.07875 0.175 0.0175 0.0175
0 0.04125 0.0325 0.0175 0.02
0 0.02875 0.1875 0.0175 0.02
0 0.355 0.445 0.0175 0.02
0 0.27375 0.455 0.0175 0.0175
0 0.19125 0.3625 0.015 0.015
0 0.325 0.33625 0.0175 0.0175
0 0.33125 0.38375 0.02 0.0175
0 0.1575 0.06125 0.0175 0.02
0 0.235 0.15625 0.0175 0.02
0 0.2175 0.13625 0.02 0.015
0 0.38 0.46125 0.0225 0.02
0 0.21625 0.3025 0.02 0.02
0 0.3075 0.37875 0.0225 0.015
0 0.36875 0.3475 0.015 0.0175
0 0.45625 0.37875 0.025 0.03
0 0.035 0.11 0.0175 0.0125
0 0.28875 0.435 0.02 0.0175
0 0.265 0.39625 0.015 0.0125
0 0.415 0.39625 0.0175 0.02
0 0.1125 0.1025 0.015 0.0175
0 0.48125 0.32125 0.0225 0.0225
0 0.38875 0.285 0.02 0.02
0 0.35125 0.235 0.025 0.0225
0 0.04123 0.18957 0.0175 0.0175
0 0.3675 0.37625 0.02 0.0175
0 0.8925 0.20375 0.0225 0.0325
0 0.91625 0.26625 0.0225 0.0225
0 0.7525 0.40375 0.025 0.025
0 0.97375 0.09 0.0175 0.015
0 0.885 0.02875 0.025 0.02
0 0.93 0.035 0.02 0.015
0 0.92625 0.02 0.0225 0.015
0 0.80125 0.0975 0.0275 0.0275
0 0.8625 0.0575 0.02 0.015
0 0.85625 0.02 0.0175 0.0175
0 0.90125 0.38875 0.02 0.0225
0 0.9725 0.0675 0.02 0.0225
0 0.51125 0.3825 0.0175 0.0275
0 0.58 0.43625 0.02 0.02
0 0.915 0.4725 0.0225 0.0225
0 0.285 0.85125 0.02 0.02
0 0.375 0.89375 0.0225 0.02
0 0.37125 0.91875 0.02 0.0175
0 0.0275 0.6225 0.025 0.0175
0 0.3475 0.81 0.0175 0.0225
0 0.3225 0.78875 0.02 0.02
0 0.1025 0.68125 0.0175 0.02
0 0.34625 0.52625 0.0175 0.0175
0 0.14875 0.92 0.02 0.0175
0 0.6725 0.84 0.02 0.015
0 0.75125 0.74625 0.0175 0.0275
0 0.79875 0.6825 0.02 0.0225
0 0.54375 0.575 0.0175 0.02
0 0.5575 0.59125 0.0175 0.0225
0 0.73125 0.54375 0.02 0.02
0 0.73375 0.58125 0.02 0.015
0 0.71375 0.625 0.0325 0.0325
0 0.65875 0.57 0.0275 0.03
0 0.67875 0.885 0.0225 0.0225
0 0.50875 0.59875 0.0175 0.0225
0 0.68625 0.63 0.0225 0.025
0 0.78 0.58375 0.0225 0.0325
