0 0.805 0.74125 0.0225 0.0275
0 0.82875 0.665 0.0225 0.02
0 0.686425 0.86705 0.022850000000000002 0.0241
0 0.66125 0.88875 0.0225 0.0225
0 0.86 0.98125 0.025 0.025
0 0.89625 0.9475 0.02 0.0225
0 0.810175 0.8815999999999999 0.02465 0.0225
0 0.53125 0.92375 0.02 0.02
0 0.54 0.90125 0.025 0.02
0 0.86615 0.8507250000000001 0.019825 0.01965
0 0.836075 0.8992 0.018925 0.01875
0 0.667775 0.9844750000000001 0.020525 0.023925000000000002
0 0.6075 0.9575 0.015 0.02
0 0.6075 0.97125 0.015 0.015
0 0.62 0.965 0.0175 0.02
0 0.7142000000000001 0.9217749999999999 0.0191 0.02215
0 0.6575 0.91125 0.0175 0.025
0 0.9525 0.55125 0.02 0.0225
0 0.944275 0.665 0.022850000000000002 0.020724999999999997
0 0.97625 0.6825 0.0175 0.02
0 0.745 0.625 0.025 0.025
0 0.756875 0.915 0.02125 0.0225
0 0.6875 0.9325 0.0225 0.015
0 0.855 0.68125 0.02 0.0175
0 0.9175 0.87875 0.0225 0.0225
0 0.95215 0.875 0.025 0.025
0 0.8 0.9166 0.0225 0.0225
0 0.96125 0.56625 0.018574999999999998 0.018574999999999998
0 0.96625 0.65375 0.0225 0.0225
0 0.90625 0.68 0.0225 0.0225
0 0.983475 0.709825 0.022324999999999998 0.021425
0 0.977675 0.9433 0.023225 0.020525
0 0.790175 0.7567 0.021425 0.020525