0 0.0456 0.8604 0.0238 0.02328
0 0.06875 0.88125 0.02 0.0225
0 0.22625 0.4575 0.0175 0.0225
0 0.205 0.45125 0.015 0.0175
0 0.17875 0.44625 0.025 0.0225
0 0.05375 0.67 0.02 0.015
0 0.09 0.65625 0.02 0.02
0 0.45 0.75125 0.0225 0.025
0 0.17375 0.48125 0.0275 0.02
0 0.1575 0.39125 0.02 0.015
0 0.1125 0.67625 0.02 0.0225
0 0.25375 0.32 0.0175 0.0225
0 0.38875 0.415 0.02 0.02
0 0.23875 0.845 0.025 0.0225
0 0.47375 0.75 0.02 0.02
0 0.03 0.39375 0.0225 0.0225
0 0.60125 0.51875 0.0225 0.025
0 0.60375 0.39125 0.03 0.0275
0 0.6175 0.6025 0.02 0.0225
0 0.61875 0.63 0.0225 0.0175
0 0.55875 0.19125 0.02 0.02
0 0.66625 0.29375 0.0225 0.02
0 0.64375 0.295 0.035 0.025
0 0.8975 0.65625 0.02 0.0225
0 0.62 0.49875 0.0275 0.0175
0 0.72875 0.35375 0.02 0.0225
0 0.91 0.6825 0.02 0.0175
0 0.69875 0.3325 0.02 0.02
0 0.5184 0.8925 0.0275 0.0275
0 0.92875 0.57625 0.0225 0.0225
0 0.5675 0.2425 0.0175 0.0175
0 0.57143 0.53125 0.0225 0.02
