0 0.0625 0.56 0.02 0.0175
0 0.0325 0.8475 0.0225 0.02
0 0.0125 0.89875 0.0225 0.0275
0 0.21 0.97125 0.035 0.0275
0 0.2075 0.8125 0.03 0.02
0 0.145 0.86625 0.025 0.02
0 0.055 0.84875 0.02 0.02
0 0.0325 0.87 0.02 0.02
0 0.03625 0.9425 0.0225 0.0225
0 0.12625 0.72625 0.0225 0.02
0 0.1275 0.74375 0.0275 0.0225
0 0.0375 0.655 0.025 0.0225
0 0.2425 0.21375 0.02 0.02
0 0.43625 0.15 0.0225 0.0225
0 0.57125 0.29125 0.025 0.0225
0 0.5975 0.28875 0.015 0.02
0 0.6625 0.7975 0.0275 0.0275
0 0.74 0.84375 0.0225 0.0225
0 0.8725 0.92375 0.03 0.0275
0 0.78625 0.825 0.0225 0.0225
0 0.43625 0.15 0.0225 0.0225
0 0.58625 0.3425 0.02 0.02
0 0.40125 0.8275 0.0225 0.0225
0 0.765 0.8625 0.02 0.02
0 0.6325 0.86 0.02 0.02
0 0.1925 0.8975 0.0225 0.0225
0 0.84125 0.86125 0.02 0.02
0 0.195 0.9425 0.0225 0.0225
0 0.5725 0.39625 0.02 0.02
0 0.69625 0.75 0.0225 0.0225
0 0.90375 0.8425 0.02 0.02
0 0.24 0.24 0.0225 0.02
0 0.55 0.35 0.0175 0.0175
0 0.23375 0.2975 0.0225 0.0225
0 0.07875 0.8775 0.02 0.0175
0 0.28875 0.10875 0.0225 0.02
0 0.07375 0.90875 0.02 0.02
0 0.485 0.71 0.0225 0.0225
0 0.09125 0.56 0.02 0.02
0 0.87875 0.51375 0.02 0.02
0 0.68 0.29875 0.02 0.02
0 0.49875 0.23625 0.0225 0.0225