0 0.02625 0.1025 0.02 0.0175
0 0.2925 0.105 0.03 0.0275
0 0.28625 0.2475 0.0225 0.025
0 0.1525 0.40625 0.0225 0.0175
0 0.1325 0.4475 0.025 0.02
0 0.16625 0.455 0.0275 0.0175
0 0.1875 0.79875 0.015 0.0225
0 0.08375 0.735 0.025 0.0225
0 0.315 0.8275 0.025 0.0175
0 0.2375 0.81 0.025 0.0225
0 0.33875 0.79625 0.0275 0.0325
0 0.3675 0.86 0.03 0.025
0 0.3425 0.8225 0.0225 0.0175
0 0.31875 0.905 0.03 0.02
0 0.35625 0.8975 0.0225 0.0175
0 0.35125 0.93125 0.0275 0.0175
0 0.44 0.51125 0.025 0.02
0 0.39 0.43625 0.0225 0.0175
0 0.40125 0.40125 0.02 0.02
0 0.43125 0.39375 0.0225 0.02
0 0.29125 0.67625 0.02 0.02
0 0.18375 0.60125 0.0225 0.02
0 0.24875 0.2025 0.025 0.025
0 0.28875 0.29625 0.025 0.025
0 0.32875 0.42625 0.0225 0.0225
0 0.47125 0.64125 0.0225 0.0225
0 0.34 0.75625 0.0275 0.0275
0 0.3975 0.21375 0.0225 0.0225
0 0.2825 0.71125 0.0225 0.02
0 0.03875 0.12875 0.025 0.02
0 0.30625 0.64875 0.02 0.02
0 0.52 0.54375 0.0225 0.02
0 0.54875 0.60125 0.0225 0.025
0 0.6725 0.61625 0.0225 0.0225
0 0.6575 0.705 0.03 0.03
0 0.57875 0.595 0.0225 0.025
0 0.63375 0.69125 0.0175 0.0175
