0 0.37875 0.525 0.0225 0.0225
0 0.4725 0.69625 0.0225 0.025
0 0.64875 0.7175 0.02 0.02
0 0.29875 0.545 0.0275 0.02
0 0.75125 0.95875 0.025 0.0175
0 0.98 0.4375 0.025 0.02
0 0.455 0.695 0.0225 0.0225
0 0.44125 0.5175 0.025 0.0225
0 0.57625 0.91 0.0275 0.025
0 0.8025 0.065 0.0225 0.0225
0 0.955 0.89125 0.0275 0.025
0 0.655 0.8975 0.0225 0.0225
0 0.80125 0.135 0.03 0.03
0 0.44125 0.5175 0.0225 0.0225
0 0.8325 0.4875 0.02 0.0175
0 0.61 0.7025 0.0175 0.0175
0 0.5375 0.69375 0.02 0.0175
0 0.74625 0.795 0.0225 0.0225