0 0.04375 0.85125 0.0225 0.025
0 0.0675 0.8925 0.025 0.0225
0 0.0425 0.88125 0.0225 0.025
0 0.045 0.9825 0.0175 0.0225
0 0.04 0.7 0.025 0.0225
0 0.14875 0.81 0.03 0.0225
0 0.16 0.78875 0.025 0.0225
0 0.07875 0.7425 0.025 0.025
0 0.12375 0.85375 0.02 0.02
0 0.0875 0.63375 0.025 0.0275
0 0.09875 0.66 0.0175 0.025
0 0.14375 0.63125 0.0175 0.015
0 0.17375 0.6625 0.02 0.0225
0 0.15625 0.57375 0.02 0.0225
0 0.035 0.57625 0.03 0.0275
0 0.0725 0.52125 0.0225 0.0175
0 0.1075 0.53 0.0225 0.025
0 0.21625 0.605 0.025 0.025
0 0.1425 0.40375 0.0275 0.02
0 0.16875 0.34375 0.025 0.0225
0 0.44 0.06125 0.025 0.0225
0 0.4425 0.08625 0.0225 0.025
0 0.44875 0.29 0.03 0.0225
0 0.31 0.37375 0.0275 0.0275
0 0.32375 0.315 0.025 0.0175
0 0.3175 0.26125 0.0275 0.0175
0 0.335 0.2725 0.02 0.0225
0 0.3475 0.5275 0.0275 0.02
0 0.44375 0.48875 0.0225 0.0175
0 0.45 0.56 0.025 0.0225
0 0.43375 0.78125 0.025 0.02
0 0.38375 0.98375 0.0225 0.0175
0 0.40125 0.30875 0.0225 0.02
0 0.1625 0.44 0.02 0.02
0 0.445 0.135 0.02 0.02
0 0.14375 0.31 0.0225 0.0225
0 0.48625 0.1075 0.0225 0.0225
0 0.0775 0.99 0.02 0.02
0 0.39 0.07875 0.02 0.02
0 0.09625 0.88875 0.02 0.02
0 0.20615 0.50625 0.025 0.025
0 0.56875 0.05625 0.025 0.0275
0 0.94125 0.1525 0.02 0.0225
0 0.77875 0.2225 0.0275 0.025
0 0.78875 0.25625 0.025 0.02
0 0.83125 0.42375 0.025 0.0225
0 0.82875 0.3825 0.025 0.0175
0 0.79125 0.4125 0.02 0.015
0 0.795 0.48 0.0275 0.0225
0 0.74872 0.53263 0.024 0.02368
0 0.76875 0.5175 0.02 0.02
0 0.82345 0.53222 0.0256 0.02945
0 0.82375 0.58625 0.0275 0.0225
0 0.81875 0.5675 0.0225 0.02
0 0.87125 0.4475 0.025 0.0275
0 0.8625 0.34625 0.02 0.0175
0 0.93125 0.5625 0.025 0.025
0 0.90875 0.51 0.0275 0.0175
0 0.86 0.61375 0.0275 0.0175
0 0.88875 0.66375 0.0225 0.0225
0 0.93125 0.7375 0.025 0.025
0 0.57 0.495 0.0225 0.02
0 0.93875 0.68 0.025 0.025
0 0.73375 0.6775 0.0225 0.0225
0 0.82 0.45875 0.02 0.02
0 0.79765 0.42125 0.0225 0.02
