0 0.33375 0.05875 0.02 0.0175
0 0.89 0.3475 0.0175 0.02
0 0.74625 0.44 0.0175 0.0175
0 0.66875 0.34375 0.0175 0.0225
0 0.82625 0.19625 0.0175 0.015
0 0.845 0.22 0.015 0.0175
0 0.8575 0.2075 0.015 0.0125
0 0.94375 0.1925 0.0175 0.0175
0 0.505 0.22375 0.02 0.0175
0 0.70625 0.485 0.0225 0.0225
0 0.93375 0.3225 0.0225 0.0225
0 0.8875 0.2125 0.02 0.02
0 0.9725 0.21125 0.02 0.02
0 0.445 0.155 0.02 0.02
0 0.39575 0.03665 0.01742 0.01795
0 0.04955 0.48505 0.01873 0.02542
0 0.50738 0.21018 0.01558 0.01855
0 0.98813 0.2258 0.01843 0.01805
0 0.72823 0.39987 0.01715 0.0158
0 0.74235 0.34162 0.0186 0.0172
0 0.785 0.40237 0.0182 0.01905
0 0.81563 0.31317 0.01698 0.0228
0 0.7278 0.40887 0.01762 0.01617
0 0.8232 0.2591 0.0196 0.01997
0 0.76372 0.35823 0.01717 0.01928
0 0.88155 0.31365 0.01847 0.02015
0 0.19125 0.61375 0.025 0.0225
0 0.16267 0.5857 0.02033 0.0214
0 0.2075 0.6725 0.0225 0.0175
0 0.2075 0.9025 0.0275 0.02
0 0.9671 0.78728 0.01933 0.0241
0 0.27875 0.8525 0.0225 0.0225
0 0.27 0.8225 0.0175 0.02
0 0.26125 0.77125 0.0225 0.02
0 0.30875 0.76125 0.02 0.0175
0 0.915 0.605 0.0175 0.02
0 0.90375 0.6525 0.0125 0.015
0 0.14538 0.76405 0.02587 0.02365
0 0.22375 0.62 0.025 0.02
0 0.2643 0.54082 0.02148 0.02305
0 0.59625 0.5725 0.02 0.0225
0 0.8475 0.68875 0.0225 0.0225
0 0.30375 0.81625 0.0275 0.0225
0 0.41125 0.96375 0.025 0.0225
0 0.31125 0.91375 0.0175 0.015
0 0.17875 0.69 0.02 0.0225
0 0.14 0.66625 0.0175 0.02
0 0.23 0.64 0.025 0.0225
0 0.92 0.62625 0.02 0.02
0 0.87625 0.6525 0.0175 0.0225
0 0.296 0.74058 0.01798 0.01865
0 0.15707 0.5547 0.02668 0.0256
0 0.3975 0.6375 0.0225 0.0225
0 0.0375 0.60125 0.0225 0.02
0 0.52 0.6175 0.0225 0.0225
0 0.57625 0.5825 0.0225 0.0225
0 0.9025 0.7475 0.0225 0.0225
0 0.34625 0.69625 0.02 0.02
0 0.3525 0.64125 0.02 0.02
0 0.8325 0.6025 0.0225 0.0225
0 0.02035 0.64775 0.0157 0.01873
0 0.02045 0.57733 0.01588 0.01712
0 0.06575 0.5477 0.0154 0.01685
0 0.28082 0.69507 0.02235 0.02053
0 0.29788 0.6655 0.0154 0.0167
0 0.3054 0.6519 0.01438 0.0163
0 0.53712 0.5792 0.0153 0.01553
0 0.54015 0.5988 0.01968 0.01845
0 0.60437 0.54605 0.01767 0.0189
0 0.6438 0.52455 0.01795 0.01675
0 0.6694 0.52808 0.01558 0.01507
0 0.62895 0.5641 0.01503 0.01392
0 0.52243 0.64802 0.0127 0.01748
0 0.6321 0.63185 0.01957 0.0155
0 0.7738 0.52743 0.0137 0.01735
0 0.04803 0.6265 0.01745 0.01727
0 0.0867 0.6057 0.01448 0.01675
0 0.08597 0.58223 0.0148 0.01448
0 0.12752 0.67508 0.01758 0.01802
0 0.2279 0.74285 0.0183 0.01965
0 0.25157 0.72795 0.01565 0.01663
0 0.22925 0.79723 0.01742 0.02123
0 0.36977 0.64338 0.01937 0.01503
0 0.99198 0.76522 0.01607 0.01975
0 0.95763 0.6447 0.01522 0.0162
0 0.51763 0.63703 0.0174 0.01333
0 0.21395 0.72953 0.01895 0.01798
0 0.4052 0.71933 0.0211 0.01545
0 0.25198 0.7977 0.02103 0.0153
