0 0.07375 0.52875 0.0225 0.025
0 0.32375 0.185 0.02 0.0175
0 0.35625 0.43625 0.0225 0.02
0 0.46375 0.92875 0.025 0.025
0 0.0881 0.28602 0.0244 0.01667
0 0.22782 0.21613 0.01992 0.01615
0 0.23073 0.45737 0.01857 0.01833
0 0.1673 0.36897 0.01675 0.02368
0 0.1845 0.358 0.0185 0.0142
0 0.2441 0.0444 0.015 0.01735
0 0.23502 0.06622 0.0165 0.02175
0 0.71875 0.87875 0.0175 0.0125
0 0.75625 0.7975 0.015 0.015
0 0.70375 0.94125 0.0175 0.0125
0 0.79125 0.895 0.025 0.025
0 0.72625 0.9125 0.02 0.02
0 0.6763 0.96743 0.01868 0.01522
0 0.6076 0.96635 0.017 0.01843
0 0.84655 0.73388 0.01812 0.01597
0 0.7883 0.73142 0.01588 0.01462
0 0.7774 0.73738 0.01553 0.01403
0 0.7238 0.76162 0.01725 0.0143
0 0.70683 0.74855 0.01723 0.01495
0 0.67313 0.57155 0.01947 0.0181
0 0.71485 0.5657 0.01897 0.0207
0 0.6731 0.98528 0.01585 0.01878
0 0.61473 0.98368 0.01873 0.01655
0 0.65065 0.94373 0.01558 0.01603
0 0.72828 0.1415 0.01905 0.0187
