0 0.43875 0.40507 0.02112 0.02063
0 0.49125 0.26375 0.0175 0.0225
0 0.28055 0.24982 0.02183 0.0175
0 0.43707 0.35752 0.0206 0.0204
0 0.39175 0.3249 0.02278 0.01942
0 0.41088 0.2127 0.0182 0.01827
0 0.44478 0.42448 0.01632 0.01533
0 0.47302 0.32875 0.01762 0.02355
0 0.4289 0.464 0.0203 0.01907
0 0.905 0.42125 0.0225 0.0225
0 0.53 0.33625 0.0225 0.015
0 0.50875 0.28125 0.0175 0.0225
0 0.55125 0.45375 0.02 0.0225
0 0.5725 0.455 0.0175 0.02
0 0.7 0.13625 0.0175 0.0275
0 0.8925 0.19875 0.02 0.02
0 0.55355 0.47347 0.01968 0.01735
0 0.5367 0.37025 0.01963 0.01865
0 0.5175 0.3899 0.01715 0.0191
0 0.53188 0.4218 0.0173 0.02038
0 0.51018 0.31045 0.01712 0.01733
0 0.53202 0.28942 0.01762 0.0199
0 0.7545 0.0662 0.01972 0.02167
0 0.4375 0.61875 0.02 0.0225
0 0.3975 0.605 0.0275 0.0225
0 0.49125 0.9575 0.0175 0.0275
0 0.4375 0.59375 0.025 0.0225
0 0.44875 0.555 0.02 0.015
0 0.4475 0.54 0.0175 0.0125
0 0.40125 0.69375 0.02 0.02
0 0.44798 0.63275 0.01835 0.01667
0 0.43263 0.94977 0.0224 0.02278
0 0.5725 0.94125 0.0175 0.02
0 0.57 0.9625 0.02 0.015
0 0.58125 0.705 0.025 0.02
0 0.51625 0.70875 0.0225 0.0225
0 0.655 0.71375 0.025 0.0225
0 0.5725 0.51375 0.0225 0.0225
0 0.675 0.875 0.0225 0.02
0 0.62125 0.88625 0.02 0.025
0 0.5125 0.86125 0.025 0.025
0 0.60125 0.73875 0.0175 0.0175
0 0.54625 0.7275 0.02 0.0175
0 0.61375 0.7175 0.0225 0.0175
0 0.6125 0.7025 0.025 0.015
0 0.53 0.63 0.0225 0.0175
0 0.54625 0.65375 0.02 0.02
0 0.78875 0.9575 0.0275 0.025
0 0.59625 0.8475 0.02 0.025
0 0.59375 0.90465 0.0225 0.02
0 0.655 0.89 0.0225 0.02
0 0.52875 0.81 0.0175 0.0175
0 0.66625 0.74625 0.0225 0.02
0 0.5275 0.835 0.0175 0.0175
0 0.64625 0.91125 0.02 0.02
0 0.7973 0.97587 0.01783 0.02145
0 0.68785 0.70475 0.01675 0.01843
