0 0.27875 0.14375 0.0175 0.015
0 0.2875 0.26625 0.0225 0.0225
0 0.24875 0.305 0.02 0.0175
0 0.09375 0.36125 0.0175 0.0175
0 0.39625 0.38 0.0225 0.0175
0 0.40375 0.415 0.0225 0.0225
0 0.6 0.4475 0.0225 0.0225
0 0.34125 0.07 0.0225 0.0225
0 0.5075 0.3325 0.0225 0.0225
0 0.37 0.2925 0.02 0.0175
0 0.2169 0.35345 0.02 0.02
0 0.34875 0.1125 0.0175 0.0175
0 0.4275 0.3675 0.02 0.02
0 0.65375 0.47125 0.0225 0.0225
0 0.2525 0.25875 0.0225 0.0225
0 0.25125 0.235 0.02 0.02
0 0.2825 0.1725 0.02 0.0175
0 0.2325 0.17 0.02 0.0175
0 0.415 0.62125 0.0175 0.02
0 0.4825 0.6425 0.0175 0.0225
0 0.3725 0.64375 0.0225 0.02
0 0.4 0.6575 0.0225 0.0225
0 0.5225 0.6775 0.0275 0.0225
0 0.08125 0.68375 0.0175 0.0225
0 0.21875 0.70875 0.0225 0.02
0 0.6425 0.78625 0.0225 0.0225
0 0.22625 0.84875 0.0275 0.0275
0 0.5175 0.64875 0.025 0.0225
0 0.21875 0.53375 0.0225 0.02
0 0.5475 0.76 0.03 0.0325
0 0.03875 0.66125 0.02 0.02
0 0.4175 0.81125 0.0225 0.0225
0 0.12 0.73875 0.02 0.02
0 0.47125 0.62 0.0225 0.0225
0 0.11875 0.6775 0.02 0.02
0 0.1145 0.76 0.02 0.02
