0 0.524725 0.725475 0.023624999999999997 0.024474999999999997
0 0.3375 0.75875 0.0225 0.0225
0 0.35509999999999997 0.7909999999999999 0.020925 0.02305
0 0.313 0.13005 0.018875 0.017275
0 0.2766 0.170975 0.028224999999999997 0.020525
0 0.25825 0.027125 0.020075 0.022099999999999998
0 0.374225 0.86235 0.0199 0.021124999999999998
0 0.26045 0.8653749999999999 0.01735 0.01825
0 0.254275 0.852975 0.01925 0.018425
0 0.50965 0.08132500000000001 0.021099999999999997 0.019775
0 0.52055 0.071925 0.023250000000000003 0.018875
0 0.769 0.597325 0.021925 0.019625