0 0.1125 0.12625 0.025 0.025
0 0.30375 0.33375 0.0225 0.025
0 0.35375 0.295 0.0175 0.02
0 0.3675 0.19625 0.0175 0.025
0 0.345 0.31 0.02 0.02
0 0.31125 0.9625 0.015 0.0175
0 0.29875 0.9475 0.02 0.02
0 0.32125 0.9425 0.015 0.0175
0 0.3225 0.915 0.02 0.0175
0 0.35875 0.9325 0.02 0.0175
0 0.33125 0.84375 0.0225 0.02
0 0.33 0.7975 0.015 0.015
0 0.6675 0.92875 0.02 0.015
0 0.59125 0.92 0.015 0.0175
0 0.50375 0.8475 0.0175 0.02
0 0.09875 0.895 0.015 0.0175
0 0.0525 0.88625 0.025 0.025
0 0.2375 0.89 0.02 0.0225
0 0.27625 0.80875 0.02 0.0225
0 0.63875 0.9475 0.025 0.0225
0 0.43875 0.89875 0.0175 0.0175
0 0.445 0.7775 0.0275 0.025
0 0.56875 0.84625 0.015 0.02
0 0.6 0.85375 0.03 0.0275
0 0.09 0.775 0.025 0.0225
0 0.49375 0.80875 0.025 0.0275
0 0.1125 0.7875 0.0125 0.0175
0 0.66 0.9125 0.0175 0.02
0 0.08 0.7575 0.0225 0.025
0 0.045 0.69125 0.0225 0.02
0 0.57625 0.9675 0.02 0.02
0 0.54 0.9525 0.015 0.015
