0 0.08125 0.43125 0.0225 0.0175
0 0.075 0.38625 0.02 0.0225
0 0.08375 0.3075 0.0275 0.0275
0 0.0375 0.33875 0.02 0.0175
0 0.04 0.35875 0.02 0.0175
0 0.08625 0.3675 0.0275 0.015
0 0.1125 0.36 0.02 0.0175
0 0.2425 0.45875 0.025 0.0325
0 0.34375 0.375 0.0275 0.025
0 0.3 0.40625 0.03 0.02
0 0.22875 0.385 0.0225 0.015
0 0.3425 0.42625 0.0225 0.0175
0 0.35875 0.47625 0.025 0.0175
0 0.40375 0.48625 0.0225 0.0175
0 0.34375 0.24375 0.025 0.025
0 0.37 0.25625 0.0275 0.02
0 0.395 0.2375 0.025 0.02
0 0.35875 0.2075 0.02 0.0225
0 0.4125 0.1625 0.025 0.0175
0 0.2975 0.20875 0.02 0.0225
0 0.10875 0.25625 0.0225 0.0175
0 0.45875 0.12375 0.0225 0.025
0 0.4625 0.15375 0.025 0.0225
0 0.03002 0.29248 0.0225 0.0225
0 0.2525 0.3 0.0225 0.0225
0 0.05125 0.30375 0.0175 0.0175
0 0.14875 0.2975 0.02 0.02
0 0.27375 0.2875 0.0225 0.02
0 0.07125 0.41125 0.02 0.02
0 0.41625 0.0875 0.02 0.02
0 0.12693 0.34 0.02 0.02
0 0.385 0.155 0.02 0.02
0 0.16665 0.23205 0.02015 0.0267
0 0.1126 0.31927 0.02257 0.02287
0 0.12957 0.27737 0.02417 0.0187
0 0.1312 0.24275 0.01643 0.02712
0 0.9 0.3625 0.025 0.0175
0 0.89 0.2975 0.025 0.0175
0 0.94583 0.36542 0.0275 0.025
0 0.85625 0.45625 0.0225 0.0225
0 0.93375 0.445 0.02 0.02
0 0.8975 0.27125 0.025 0.0225
0 0.0425 0.56125 0.0225 0.0175
0 0.0425 0.6225 0.02 0.015
0 0.05875 0.525 0.0225 0.0175
0 0.05875 0.54 0.0225 0.0175
0 0.09875 0.5325 0.0225 0.02
0 0.20375 0.96125 0.025 0.0175
0 0.18875 0.75875 0.03 0.025
0 0.14875 0.77 0.0225 0.025
0 0.1375 0.7125 0.0225 0.02
0 0.17125 0.6075 0.025 0.015
0 0.2125 0.625 0.0175 0.02
0 0.22125 0.8825 0.025 0.025
0 0.41625 0.9225 0.025 0.025
0 0.45125 0.6375 0.025 0.025
0 0.46375 0.93625 0.02 0.02
0 0.45252 0.96485 0.02 0.02
0 0.16125 0.8225 0.02 0.02
0 0.20875 0.66625 0.0175 0.0175
0 0.17875 0.6575 0.0175 0.0175
0 0.235 0.81625 0.02 0.02
0 0.4775 0.86125 0.0225 0.0225
0 0.44125 0.95625 0.02 0.02
0 0.28125 0.54 0.0225 0.02
0 0.37375 0.7925 0.02 0.02
0 0.705 0.65875 0.0275 0.02
0 0.585 0.8 0.03 0.03
0 0.53375 0.7325 0.02 0.025
0 0.72875 0.735 0.02 0.02
0 0.755 0.73625 0.0175 0.0225
0 0.61875 0.83625 0.025 0.03
0 0.62625 0.86625 0.0175 0.02
0 0.67125 0.8675 0.025 0.0275
0 0.65875 0.83 0.02 0.0225
0 0.53625 0.86 0.0225 0.02
0 0.5225 0.95625 0.0275 0.0225
0 0.51625 0.895 0.0225 0.0225
0 0.5375 0.75375 0.0225 0.02
0 0.61 0.7275 0.0175 0.02
0 0.9275 0.80625 0.025 0.0225
0 0.89875 0.96 0.02 0.0225
0 0.64 0.77875 0.025 0.025
0 0.54625 0.90625 0.025 0.025
0 0.85945 0.6324 0.02652 0.0274
0 0.91712 0.86733 0.02482 0.01815
0 0.72955 0.65293 0.01818 0.02315
0 0.87273 0.95158 0.02048 0.0215
0 0.52598 0.80643 0.01887 0.01617
