0 0.45625 0.1225 0.025 0.0225
0 0.4425 0.49375 0.0175 0.015
0 0.325 0.37375 0.0175 0.0125
0 0.395 0.44375 0.0225 0.02
0 0.49125 0.44375 0.015 0.0175
0 0.45125 0.4575 0.0225 0.0225
0 0.38162 0.41468 0.0204 0.02045
0 0.42567 0.47888 0.01562 0.02022
0 0.86643 0.1266 0.0225 0.025
0 0.86447 0.07812 0.02892 0.02303
0 0.74375 0.1575 0.0225 0.02
0 0.86625 0.25875 0.025 0.025
0 0.84 0.30625 0.0275 0.0225
0 0.91375 0.20875 0.0225 0.02
0 0.91625 0.10625 0.0225 0.025
0 0.76875 0.08125 0.0225 0.02
0 0.9025 0.0425 0.0225 0.02
0 0.85625 0.49625 0.0225 0.02
0 0.845 0.155 0.025 0.0275
0 0.87625 0.36 0.0225 0.02
0 0.935 0.2225 0.025 0.025
0 0.9025 0.4875 0.025 0.0225
0 0.77125 0.31125 0.0175 0.0175
0 0.815 0.22 0.025 0.025
0 0.74875 0.1325 0.02 0.02
0 0.809 0.013 0.025 0.025
0 0.905 0.375 0.0225 0.0225
0 0.77875 0.1125 0.0225 0.0225
0 0.83927 0.50135 0.01965 0.01698
0 0.83528 0.47545 0.02053 0.01698
0 0.79552 0.43035 0.01965 0.01785
0 0.84375 0.42097 0.01607 0.02232
0 0.93438 0.39197 0.0259 0.01607
0 0.84642 0.44688 0.01785 0.01875
0 0.87812 0.51517 0.01875 0.01785
0 0.9317 0.49643 0.02053 0.01785
0 0.95222 0.42858 0.02232 0.01965
0 0.79198 0.30715 0.01785 0.01965
0 0.9326 0.01518 0.01875 0.01785
0 0.97142 0.03302 0.02142 0.01785
0 0.87767 0.13885 0.025 0.01875
0 0.88392 0.09375 0.02322 0.01785
0 0.83125 0.06653 0.02142 0.01698
