0 0.085 0.84875 0.025 0.0275
0 0.06 0.84625 0.02 0.0225
0 0.17625 0.54125 0.0225 0.0275
0 0.27375 0.89125 0.02 0.0175
0 0.17875 0.9875 0.0175 0.0225
0 0.35875 0.96375 0.0125 0.0175
0 0.12375 0.56875 0.0175 0.0225
0 0.3725 0.9725 0.015 0.0225
0 0.24 0.455 0.02 0.02
0 0.21875 0.055 0.02 0.02
0 0.95625 0.4875 0.02 0.025
0 0.86625 0.45125 0.015 0.0175
0 0.58625 0.41125 0.0225 0.02
0 0.81125 0.4675 0.02 0.0175
0 0.90875 0.40625 0.02 0.0225
0 0.75 0.31875 0.0225 0.02
0 0.5975 0.3525 0.0175 0.0175
0 0.8775 0.7525 0.02 0.02
0 0.85625 0.3925 0.0225 0.02
0 0.5775 0.13125 0.0225 0.02
0 0.78597 0.1875 0.01843 0.0215
0 0.86447 0.7149 0.0228 0.02895
0 0.83028 0.4875 0.02018 0.0215
0 0.68442 0.1886 0.02413 0.02018
