0 0.71 0.34625 0.025 0.025
0 0.795 0.88875 0.0275 0.025
0 0.90125 0.835 0.025 0.025
0 0.835 0.64375 0.0225 0.0225
0 0.975 0.63875 0.0275 0.0275
0 0.9375 0.815 0.025 0.02
0 0.555 0.95875 0.0225 0.0225
0 0.6625 0.765 0.0225 0.0225
0 0.65875 0.7225 0.02 0.02
0 0.6575 0.6725 0.02 0.02
0 0.90202 0.9175 0.0225 0.0225
0 0.66875 0.5575 0.0225 0.0225
0 0.8475 0.54875 0.02 0.02
0 0.8475 0.585 0.02 0.02
0 0.69375 0.55875 0.0225 0.0225
0 0.65125 0.64875 0.02 0.02
0 0.7075 0.69375 0.02 0.02
0 0.84625 0.775 0.02 0.02
0 0.82625 0.94375 0.025 0.0225
0 0.6425 0.905 0.02 0.02
0 0.49075 0.91818 0.01685 0.02348
0 0.5087 0.91638 0.02095 0.01785
0 0.77582 0.94185 0.02293 0.01607
