0 0.26625 0.10375 0.0225 0.0225
0 0.265 0.1825 0.02 0.0225
0 0.31375 0.17125 0.0225 0.025
0 0.32125 0.345 0.02 0.025
0 0.25875 0.47375 0.0225 0.0225
0 0.37875 0.21625 0.0225 0.0175
0 0.23625 0.285 0.02 0.02
0 0.29625 0.2075 0.0175 0.0175
0 0.2225 0.165 0.0225 0.02
0 0.4575 0.1325 0.02 0.02
0 0.325 0.29125 0.025 0.025
0 0.26625 0.4325 0.025 0.025
0 0.385 0.25625 0.02 0.02
0 0.3375 0.2475 0.0225 0.0225
0 0.27375 0.03875 0.0225 0.0225
0 0.32125 0.2275 0.0225 0.02
0 0.2275 0.48 0.0225 0.0225
0 0.3625 0.10625 0.0225 0.02
0 0.23 0.375 0.02 0.02
0 0.47125 0.46875 0.0225 0.0225
0 0.3125 0.26375 0.0225 0.0225
0 0.26375 0.14625 0.02 0.02
0 0.33 0.06875 0.0275 0.0275
0 0.36097 0.45625 0.02045 0.02103
0 0.36972 0.19385 0.01795 0.0224
0 0.33905 0.16382 0.0234 0.0224
0 0.29625 0.42543 0.0209 0.01887
0 0.31842 0.38592 0.0208 0.01988
0 0.9225 0.13625 0.025 0.0225
0 0.6275 0.235 0.02 0.0225
0 0.59625 0.4825 0.0225 0.02
0 0.94625 0.08 0.0225 0.02
0 0.96 0.065 0.02 0.0175
0 0.56125 0.05 0.025 0.0225
0 0.8525 0.2975 0.0225 0.0225
0 0.73625 0.2875 0.02 0.02
0 0.82862 0.07987 0.01997 0.01645
0 0.82993 0.0596 0.0191 0.01865
0 0.2425 0.82 0.0225 0.0225
0 0.2625 0.89 0.0225 0.0225
0 0.14625 0.83875 0.0225 0.0225
0 0.22375 0.66375 0.0275 0.025
0 0.0675 0.60375 0.0225 0.0225
0 0.04375 0.94375 0.0225 0.0225
0 0.33875 0.61 0.025 0.025
0 0.32375 0.68875 0.0225 0.0225
0 0.1375 0.78875 0.025 0.025
0 0.1175 0.82875 0.025 0.0225
0 0.21875 0.88 0.025 0.025
0 0.26375 0.8375 0.0225 0.02
0 0.32 0.83875 0.0275 0.025
0 0.15875 0.86625 0.0225 0.02
0 0.07875 0.85375 0.0225 0.0225
0 0.31875 0.6025 0.0225 0.02
0 0.15375 0.94375 0.0225 0.025
0 0.3175 0.88375 0.0225 0.02
0 0.15625 0.63 0.025 0.025
0 0.3025 0.635 0.025 0.025
0 0.26125 0.8 0.02 0.0225
0 0.1825 0.795 0.025 0.0225
0 0.27125 0.86125 0.0225 0.03
0 0.3225 0.7275 0.0225 0.0225
0 0.1425 0.77375 0.025 0.0225
0 0.19125 0.61875 0.025 0.0225
0 0.25625 0.59075 0.0225 0.0225
0 0.18375 0.95 0.0225 0.0225
0 0.1875 0.86875 0.02 0.0225
0 0.22082 0.92843 0.0238 0.0216
0 0.20235 0.93523 0.01837 0.02215
0 0.10587 0.8483 0.02215 0.01897
0 0.535 0.515 0.0225 0.0175
0 0.51 0.78875 0.02 0.02
0 0.82375 0.9525 0.025 0.0225
