0 0.36375 0.51 0.02 0.02
0 0.07625 0.63875 0.015 0.0175
0 0.19375 0.68 0.015 0.02
0 0.0375 0.77 0.0175 0.0175
0 0.085 0.93 0.0225 0.02
0 0.3925 0.0725 0.0225 0.0275
0 0.23625 0.13375 0.02 0.025
0 0.1475 0.14375 0.0275 0.0175
0 0.63125 0.1475 0.015 0.02
0 0.49 0.165 0.02 0.0225
0 0.31 0.175 0.02 0.02
0 0.45125 0.1775 0.0175 0.02
0 0.715 0.18375 0.015 0.02
0 0.485 0.19625 0.0175 0.0225
0 0.5425 0.21 0.0175 0.0275
0 0.52125 0.21375 0.0175 0.02
0 0.965 0.2425 0.015 0.025
0 0.27125 0.2675 0.02 0.025
0 0.74 0.2775 0.0175 0.0225
0 0.62625 0.29875 0.0225 0.02
0 0.7525 0.30875 0.0175 0.025
0 0.83625 0.31 0.015 0.0225
0 0.4425 0.3625 0.025 0.0275
0 0.48 0.425 0.0275 0.025
0 0.57125 0.43625 0.02 0.015
0 0.87625 0.43625 0.0225 0.0225
0 0.83875 0.08625 0.03 0.0275
0 0.1775 0.68875 0.02 0.0175
0 0.105 0.7925 0.015 0.0175
0 0.72 0.47125 0.015 0.0175
0 0.775 0.295 0.0125 0.0175
0 0.43625 0.20375 0.0175 0.0175
0 0.94125 0.23625 0.025 0.0225
0 0.365 0.67125 0.025 0.0225
0 0.2175 0.08 0.0175 0.02
0 0.02625 0.43375 0.02 0.0225
0 0.025 0.47875 0.02 0.0225
0 0.28875 0.47625 0.0225 0.02
0 0.23125 0.51375 0.025 0.025
0 0.66375 0.28375 0.025 0.025
0 0.7025 0.26875 0.02 0.02
0 0.34125 0.115 0.02 0.02
0 0.08 0.16375 0.0225 0.02
0 0.75125 0.56625 0.025 0.025
0 0.0525 0.7525 0.025 0.025
0 0.30125 0.24125 0.0225 0.0225
0 0.44 0.235 0.0175 0.0175
0 0.76125 0.19125 0.0225 0.0225
0 0.85375 0.12875 0.0225 0.0225
0 0.115 0.31 0.0225 0.0225
0 0.9675 0.19625 0.0175 0.0175