0 0.2175 0.03 0.0225 0.0175
0 0.46 0.3175 0.0275 0.0225
0 0.53875 0.19 0.025 0.025
0 0.2775 0.07375 0.02 0.0175
0 0.40375 0.14125 0.02 0.02
0 0.63375 0.35625 0.02 0.0175
0 0.6675 0.305 0.0225 0.02
0 0.68 0.265 0.0175 0.0175
0 0.74875 0.18625 0.02 0.0225
0 0.91625 0.83625 0.0275 0.02
0 0.9675 0.36625 0.02 0.02
0 0.8075 0.18625 0.02 0.02
0 0.4875 0.28 0.0175 0.0175
0 0.84 0.75875 0.02 0.02
0 0.76125 0.15875 0.0225 0.0225
0 0.915 0.05875 0.0225 0.0225
0 0.84375 0.62375 0.0225 0.0225
0 0.21875 0.19125 0.025 0.0225
0 0.9325 0.74 0.025 0.0225
0 0.49125 0.11125 0.025 0.0225
0 0.30760000000000004 0.030125000000000002 0.029725 0.02675
0 0.407575 0.091725 0.025849999999999998 0.023
0 0.92865 0.29505 0.023775 0.0277
0 0.5655749999999999 0.15664999999999998 0.018425 0.022775
0 0.593925 0.013300000000000001 0.018425 0.0163
0 0.6201 0.085525 0.022775 0.0179
0 0.57675 0.013025 0.021150000000000002 0.020125
0 0.4282 0.12994999999999998 0.026099999999999998 0.02825
0 0.33395 0.27165 0.023775 0.022574999999999998
0 0.21087499999999998 0.274275 0.034874999999999996 0.02315
0 0.286525 0.28502500000000003 0.0232 0.019074999999999998
0 0.7868 0.6779000000000001 0.024874999999999998 0.021400000000000002
0 0.607475 0.03535 0.017625 0.0183
0 0.618225 0.1084 0.02015 0.021425
0 0.5744250000000001 0.17745 0.0173 0.020425
0 0.59365 0.17620000000000002 0.0154 0.022324999999999998
0 0.5297999999999999 0.23074999999999998 0.02075 0.018574999999999998