0 0.12652 0.96168 0.02445 0.02278
0 0.4335 0.826 0.01682 0.0203
0 0.14625 0.6575 0.02 0.0175
0 0.06875 0.5475 0.0275 0.0225
0 0.0899 0.7233 0.02375 0.0216
0 0.42103 0.06265 0.01897 0.02155
0 0.2625 0.2275 0.015 0.0175
0 0.4775 0.89875 0.02 0.02
0 0.33375 0.74875 0.02 0.02
0 0.39625 0.87125 0.0175 0.0175
0 0.03 0.965 0.02 0.0175
0 0.44225 0.35483 0.0175 0.0175
0 0.29375 0.28 0.02 0.0175
0 0.44823 0.33182 0.0179 0.01723
0 0.48585 0.37535 0.01635 0.01855
0 0.04947 0.61193 0.01862 0.02208
0 0.28808 0.75475 0.01903 0.022
0 0.2296 0.7025 0.01632 0.02285
0 0.4858 0.35325 0.01448 0.01545
0 0.5425 0.91625 0.0225 0.02
0 0.54125 0.0675 0.0225 0.025
0 0.5725 0.38 0.0225 0.02
0 0.9075 0.545 0.025 0.0225
0 0.89875 0.38125 0.02 0.0175
0 0.61 0.955 0.02 0.02
0 0.51242 0.34837 0.0216 0.01935
0 0.5184 0.08675 0.01895 0.02353
0 0.54423 0.09748 0.01512 0.01995
0 0.70695 0.3803 0.01928 0.01775
0 0.52082 0.88 0.01665 0.01715
0 0.52595 0.86033 0.01798 0.01887
0 0.5067 0.93052 0.0134 0.01572
0 0.53478 0.95142 0.01597 0.02067
0 0.52695 0.9885 0.01997 0.02163
0 0.5715 0.9486 0.01622 0.01862
0 0.56838 0.96865 0.01325 0.01627
