0 0.70625 0.24 0.0275 0.03
0 0.265 0.2875 0.025 0.015
0 0.28625 0.33 0.0225 0.02
0 0.37875 0.44375 0.0225 0.0225
0 0.165 0.305 0.025 0.0175
0 0.1525 0.2725 0.025 0.0225
0 0.125 0.245 0.02 0.015
0 0.07375 0.23625 0.0175 0.0175
0 0.07125 0.28 0.02 0.02
0 0.105 0.265 0.0225 0.015
0 0.05875 0.095 0.02 0.0175
0 0.2725 0.305 0.02 0.0175
0 0.03 0.1325 0.02 0.0175
0 0.01625 0.0875 0.025 0.0225
0 0.0575 0.42125 0.0225 0.0225
0 0.0275 0.33 0.0175 0.025
0 0.3675 0.4175 0.0175 0.0175
0 0.42125 0.42 0.015 0.0175
0 0.56 0.32 0.0225 0.0225
0 0.23875 0.225 0.02 0.0175
0 0.2675 0.27375 0.0225 0.02
0 0.2125 0.13 0.0175 0.0175
0 0.24125 0.12625 0.025 0.02
0 0.1876 0.15787 0.02118 0.01968
0 0.17875 0.175 0.02 0.0175
0 0.27875 0.225 0.015 0.015
0 0.0875 0.17375 0.0175 0.015
0 0.12875 0.11375 0.02 0.0175
0 0.065 0.12875 0.02 0.02
0 0.0875 0.30625 0.0175 0.0175
0 0.0575 0.4425 0.0225 0.0275
0 0.25625 0.4225 0.025 0.02
0 0.26625 0.41125 0.02 0.015
0 0.29625 0.45 0.0225 0.025
0 0.10125 0.29625 0.02 0.0225
0 0.13 0.08 0.0125 0.015
0 0.1875 0.12 0.02 0.02
0 0.36375 0.09 0.0225 0.025
0 0.34 0.06125 0.0275 0.025
0 0.5175 0.2125 0.0225 0.0225
0 0.5775 0.15625 0.0225 0.025
0 0.655 0.25125 0.0175 0.02
0 0.10495 0.22895 0.01992 0.01792
0 0.3925 0.4675 0.0325 0.0225
0 0.19625 0.42125 0.0225 0.0225
0 0.16625 0.43 0.025 0.025
0 0.01375 0.025 0.0175 0.015
0 0.28375 0.49 0.02 0.02
0 0.89968 0.9605 0.02305 0.02652
0 0.79625 0.80375 0.02 0.025
0 0.85375 0.9675 0.0225 0.02
0 0.7575 0.93 0.02 0.0175
0 0.6425 0.67375 0.0225 0.02
0 0.63125 0.60875 0.0175 0.0225
0 0.82875 0.83625 0.0175 0.0175
0 0.6525 0.705 0.02 0.015
0 0.57625 0.62625 0.025 0.0175
0 0.38 0.64375 0.025 0.0225
0 0.82375 0.965 0.0175 0.0175
0 0.73375 0.79375 0.015 0.0175
0 0.52 0.685 0.015 0.0175
0 0.66 0.88 0.02 0.0175
0 0.34375 0.515 0.025 0.025
0 0.3725 0.62125 0.0175 0.0175
0 0.28375 0.515 0.0225 0.03
0 0.39375 0.59875 0.0175 0.0175
0 0.6825 0.685 0.0225 0.0225
0 0.88875 0.6225 0.015 0.0175
0 0.83375 0.6125 0.0175 0.0175
0 0.585 0.57125 0.0225 0.0175
0 0.6175 0.57625 0.03 0.025
0 0.82875 0.80625 0.0225 0.0175
0 0.90375 0.67 0.0225 0.0175
0 0.905 0.7 0.02 0.02
0 0.36125 0.5925 0.025 0.0225
0 0.35 0.54875 0.0225 0.0225
0 0.65125 0.63875 0.0225 0.0225
0 0.8125 0.57125 0.0225 0.0225
0 0.72 0.9675 0.02 0.02
0 0.6675 0.6975 0.0225 0.015
