0 0.11125 0.35125 0.025 0.025
0 0.13375 0.3275 0.0225 0.02
0 0.35 0.4175 0.0225 0.0225
0 0.27875 0.27 0.0225 0.02
0 0.18125 0.45125 0.0225 0.025
0 0.30875 0.4575 0.0225 0.02
0 0.14375 0.2375 0.0225 0.0225
0 0.3125 0.355 0.0225 0.0225
0 0.2425 0.13 0.025 0.0225
0 0.3125 0.46125 0.02 0.02
0 0.285 0.115 0.0225 0.02
0 0.27375 0.275 0.0225 0.0225
0 0.34375 0.48625 0.0225 0.02
0 0.28125 0.12 0.0225 0.02
0 0.3275 0.41125 0.02 0.0225
0 0.35125 0.38 0.0175 0.0175
0 0.23125 0.4225 0.0175 0.0175
0 0.25125 0.4325 0.02 0.0225
0 0.3475 0.3425 0.02 0.0175
0 0.26625 0.08875 0.0225 0.0225
0 0.33875 0.45875 0.02 0.02
0 0.1425 0.2 0.02 0.02
0 0.3125 0.2725 0.02 0.02
0 0.235 0.18875 0.0225 0.0225
0 0.2175 0.07875 0.02 0.02
0 0.4025 0.47875 0.025 0.025
0 0.28375 0.30125 0.025 0.0225
0 0.0975 0.30875 0.025 0.025
0 0.21625 0.25875 0.0225 0.0225
0 0.10625 0.2725 0.02 0.02
0 0.12875 0.29125 0.02 0.02
0 0.28625 0.37 0.0225 0.0225
0 0.28625 0.4575 0.02 0.02
0 0.5275 0.45375 0.0225 0.0225
0 0.6875 0.34875 0.0275 0.0275
0 0.7225 0.17375 0.025 0.0225
0 0.58375 0.0275 0.0225 0.02
0 0.705 0.33375 0.0225 0.0225
0 0.0525 0.845 0.0175 0.02
0 0.09375 0.6725 0.02 0.0225
0 0.31125 0.75375 0.0225 0.0175
0 0.37375 0.77125 0.02 0.0225
0 0.33875 0.5125 0.0175 0.0175
0 0.44125 0.5875 0.025 0.0225
0 0.43 0.60875 0.0225 0.025
0 0.4175 0.5875 0.0275 0.0275
0 0.41125 0.56625 0.0225 0.02
0 0.43375 0.56375 0.02 0.0175
0 0.3475 0.54625 0.02 0.0225
0 0.37875 0.54 0.0175 0.03
0 0.38 0.6875 0.0275 0.0225
0 0.38875 0.71375 0.0275 0.025
0 0.1525 0.68625 0.02 0.0175
0 0.46125 0.6175 0.02 0.02
0 0.33125 0.655 0.0225 0.0225
0 0.4675 0.9725 0.0225 0.0225
0 0.4025 0.78875 0.02 0.02
0 0.49 0.605 0.02 0.0225
0 0.42625 0.94875 0.0225 0.0225
0 0.33625 0.72625 0.0225 0.02
0 0.21625 0.84875 0.02 0.02
0 0.19625 0.83125 0.0225 0.0225
0 0.2925 0.78375 0.0175 0.0175
0 0.25375 0.7971 0.02 0.02
0 0.14375 0.84875 0.02 0.02
0 0.3375 0.8425 0.02 0.02
0 0.5625 0.705 0.025 0.02
0 0.66 0.86625 0.025 0.02
0 0.53125 0.94375 0.02 0.02
0 0.59625 0.97625 0.0175 0.02
0 0.62625 0.93 0.0275 0.02
0 0.685 0.955 0.0225 0.025
