0 0.43375 0.48125 0.0225 0.02
0 0.455 0.035 0.0225 0.0225
0 0.39875 0.2475 0.02 0.02
0 0.26875 0.15375 0.0225 0.0225
0 0.79125 0.22625 0.02 0.0175
0 0.76 0.17875 0.0175 0.0175
0 0.76375 0.2025 0.02 0.02
0 0.735 0.17 0.015 0.015
0 0.71375 0.175 0.015 0.0175
0 0.8275 0.28875 0.0225 0.02
0 0.7125 0.205 0.02 0.02
0 0.6525 0.1025 0.0275 0.025
0 0.74375 0.26625 0.02 0.02
0 0.64 0.37043 0.0225 0.0225
0 0.09625 0.62875 0.0175 0.0225
0 0.0825 0.62 0.0175 0.0175
0 0.42528 0.5759 0.02132 0.01855
0 0.3775 0.6325 0.025 0.025
0 0.0575 0.7825 0.02 0.025
0 0.0225 0.8075 0.0175 0.0275
0 0.0875 0.7775 0.0175 0.0225
0 0.03625 0.82 0.02 0.02
0 0.1075 0.86875 0.025 0.0275
0 0.08 0.57 0.0225 0.0225
0 0.145 0.83875 0.0225 0.0225
0 0.09875 0.59625 0.0225 0.02
0 0.145 0.9275 0.0275 0.0275
