0 0.39375 0.21875 0.015 0.0225
0 0.53375 0.36875 0.0225 0.02
0 0.48625 0.425 0.02 0.015
0 0.65625 0.45125 0.0175 0.02
0 0.67375 0.43125 0.025 0.025
0 0.1875 0.3475 0.03 0.0175
0 0.225 0.2825 0.025 0.02
0 0.20875 0.24125 0.02 0.02
0 0.63625 0.09125 0.0225 0.015
0 0.0975 0.43 0.015 0.0175
0 0.34625 0.4325 0.0175 0.0175
0 0.295 0.22625 0.0225 0.015
0 0.49125 0.37625 0.02 0.0275
0 0.3075 0.40125 0.0275 0.0225
0 0.1625 0.42875 0.0175 0.02
0 0.11 0.24125 0.02 0.02
0 0.73625 0.11375 0.0275 0.0275
0 0.09875 0.1725 0.0225 0.025
0 0.97875 0.11875 0.0225 0.0225
0 0.15125 0.40625 0.02 0.02
0 0.46765 0.3811 0.02 0.02
0 0.42625 0.855 0.0225 0.03
0 0.4575 0.84625 0.02 0.02
0 0.65 0.56125 0.0275 0.0275
0 0.355 0.705 0.0225 0.015
0 0.34625 0.77625 0.0225 0.0175
0 0.36 0.74875 0.0175 0.015
0 0.37375 0.7025 0.0175 0.0225
0 0.1225 0.75625 0.02 0.0175
0 0.1 0.81625 0.0175 0.0175
0 0.9025 0.95875 0.02 0.02
0 0.9625 0.86125 0.02 0.0225
0 0.57 0.80625 0.0225 0.0225
0 0.54 0.80375 0.015 0.015
0 0.52125 0.795 0.0175 0.0175
0 0.5025 0.82375 0.0225 0.02
0 0.52625 0.62125 0.03 0.025
0 0.4075 0.925 0.02 0.0225
0 0.4275 0.91125 0.02 0.025
0 0.49 0.93875 0.025 0.0225
0 0.65375 0.8175 0.02 0.0225
0 0.78375 0.92625 0.0175 0.0225
0 0.92375 0.83875 0.025 0.03
0 0.22625 0.72125 0.02 0.0175
0 0.2625 0.70625 0.0225 0.0275
0 0.2275 0.95375 0.02 0.0175
0 0.3425 0.58375 0.0175 0.02
0 0.8225 0.84625 0.025 0.0275
0 0.1325 0.55875 0.02 0.02
0 0.71875 0.565 0.02 0.0225
0 0.3875 0.77625 0.0275 0.02
0 0.9225 0.6775 0.02 0.0175
0 0.77 0.76625 0.025 0.015
0 0.44625 0.8725 0.02 0.025
0 0.215 0.82875 0.0225 0.0275
0 0.71625 0.64 0.015 0.015
