0 0.38125 0.33 0.0275 0.0275
0 0.26625 0.3575 0.025 0.025
0 0.19125 0.3375 0.0225 0.0275
0 0.19125 0.3025 0.0175 0.0225
0 0.315 0.60625 0.0275 0.0225
0 0.4075 0.59375 0.0275 0.0275
0 0.1975 0.225 0.0275 0.02
0 0.055 0.37875 0.025 0.0225
0 0.07625 0.84125 0.0225 0.02
0 0.07 0.865 0.025 0.0225
0 0.25325 0.64177 0.0215 0.02643
0 0.21 0.14375 0.0275 0.0225
0 0.44267 0.25165 0.02215 0.0258
0 0.0375 0.495 0.015 0.015
0 0.28885 0.27942 0.02772 0.02195
0 0.315 0.63125 0.0225 0.02
0 0.94625 0.0875 0.0275 0.025
0 0.565 0.515 0.0225 0.025
0 0.75125 0.68625 0.0175 0.0225
0 0.6225 0.73625 0.025 0.0225
0 0.8725 0.76875 0.0275 0.02
0 0.80125 0.6775 0.0275 0.0175
0 0.69545 0.67092 0.02178 0.0211
0 0.60375 0.47375 0.0175 0.0175
0 0.625 0.475 0.0225 0.02
0 0.5875 0.715 0.0225 0.02
0 0.60625 0.7 0.0225 0.025
0 0.80875 0.40875 0.02 0.0175
0 0.7825 0.31 0.0275 0.02
0 0.75875 0.28375 0.02 0.02
0 0.68125 0.55375 0.02 0.0225
0 0.70625 0.55875 0.02 0.025
0 0.77125 0.97625 0.015 0.02
0 0.66375 0.6 0.02 0.015
0 0.67 0.64 0.02 0.015
0 0.73125 0.635 0.02 0.0175
0 0.90875 0.59875 0.0175 0.025
