0 0.74625 0.04625 0.025 0.02
0 0.94375 0.08875 0.02 0.02
0 0.92625 0.25 0.02 0.0275
0 0.395 0.35625 0.025 0.0225
0 0.35 0.28375 0.03 0.0225
0 0.28625 0.21375 0.0175 0.0225
0 0.165 0.2975 0.0275 0.025
0 0.42 0.3025 0.0175 0.0225
0 0.31625 0.20125 0.0175 0.02
0 0.335 0.23125 0.025 0.02
0 0.27875 0.16 0.02 0.0225
0 0.59775 0.16858 0.0295 0.02035
0 0.70125 0.22875 0.0225 0.0275
0 0.675 0.225 0.0225 0.025
0 0.3575 0.345 0.0175 0.0225
0 0.37375 0.31875 0.0225 0.0225
0 0.20375 0.1725 0.0225 0.0225
0 0.12 0.24875 0.02 0.02
0 0.95875 0.32375 0.0175 0.03
0 0.8275 0.1275 0.0275 0.0275
0 0.57875 0.04625 0.025 0.02
0 0.27 0.2625 0.0175 0.0175
0 0.09125 0.13125 0.02 0.0175
0 0.43875 0.3 0.0125 0.0175
0 0.45875 0.29875 0.02 0.015
0 0.7275 0.3025 0.0175 0.0175
0 0.32125 0.33875 0.025 0.02
0 0.655 0.26875 0.0275 0.02
0 0.97625 0.15 0.025 0.0225
0 0.99125 0.335 0.0175 0.025
0 0.475 0.46625 0.02 0.02
0 0.28125 0.47375 0.0225 0.02
0 0.1475 0.36125 0.0175 0.0175
0 0.37125 0.395 0.02 0.02
0 0.6325 0.16 0.0175 0.0175
0 0.6325 0.0375 0.0175 0.015
0 0.25875 0.19125 0.0175 0.015
0 0.4475 0.435 0.0175 0.02
0 0.32625 0.15 0.0175 0.0225
0 0.16125 0.12625 0.0225 0.0175
0 0.2425 0.13 0.0225 0.02
0 0.27 0.04625 0.02 0.02
0 0.42375 0.11625 0.02 0.0175
0 0.1925 0.08625 0.0225 0.0175
0 0.97 0.045 0.0175 0.0175
0 0.5 0.36875 0.02 0.02
0 0.12 0.24875 0.02 0.02
0 0.9625 0.37138 0.02 0.0175
0 0.32 0.1775 0.02 0.0175
0 0.43875 0.94875 0.025 0.025
0 0.31125 0.86875 0.0175 0.025
0 0.47943 0.64693 0.02365 0.02615
0 0.505 0.6625 0.0175 0.025
0 0.5325 0.69875 0.0175 0.0175
0 0.54625 0.685 0.0175 0.025
0 0.43 0.63 0.02 0.0225
0 0.41375 0.57375 0.0175 0.03
0 0.44125 0.55125 0.0225 0.025
0 0.39875 0.58 0.015 0.02
0 0.41875 0.89625 0.02 0.0225
0 0.4675 0.9325 0.0225 0.0225
0 0.50875 0.73125 0.025 0.025
0 0.47375 0.70875 0.0225 0.02
0 0.45125 0.6275 0.0175 0.0175
0 0.45 0.71625 0.0225 0.02
0 0.2925 0.8725 0.015 0.0225
0 0.42 0.76375 0.0175 0.02
0 0.44875 0.6825 0.0275 0.0175
0 0.51625 0.7675 0.0175 0.0175
0 0.44625 0.755 0.025 0.025
0 0.34375 0.8975 0.0225 0.0225
0 0.35625 0.69875 0.0225 0.02
0 0.34125 0.5825 0.0175 0.02
0 0.47 0.5875 0.02 0.0225
0 0.465 0.54375 0.0225 0.0225
0 0.33625 0.5225 0.0175 0.02
0 0.2225 0.86875 0.02 0.0175
0 0.2025 0.875 0.0175 0.0225
0 0.18875 0.88 0.0175 0.02
0 0.47375 0.775 0.0175 0.0175
0 0.2025 0.9275 0.015 0.0175
0 0.36875 0.91 0.0175 0.02
0 0.3925 0.91375 0.0175 0.0175
0 0.24 0.805 0.02 0.0175
0 0.45625 0.66875 0.0175 0.02
0 0.4925 0.53148 0.0175 0.0175
0 0.46898 0.73285 0.02 0.02
