0 0.67125 0.37875 0.0225 0.0275
0 0.90625 0.36625 0.0225 0.025
0 0.8375 0.45375 0.025 0.02
0 0.89 0.515 0.02 0.02
0 0.8925 0.48 0.0125 0.0175
0 0.88 0.455 0.02 0.02
0 0.9075 0.47375 0.0175 0.0175
0 0.95 0.38125 0.02 0.0175
0 0.95375 0.35625 0.025 0.02
0 0.9125 0.43625 0.0175 0.02
0 0.32625 0.47 0.02 0.0225
0 0.339125 0.43322499999999997 0.01825 0.023975
0 0.41875 0.165 0.0275 0.025
0 0.47625 0.29875 0.0275 0.025
0 0.81125 0.34625 0.0225 0.0175
0 0.19875 0.1925 0.0225 0.0225
0 0.615 0.39 0.02 0.02
0 0.93375 0.51375 0.0175 0.0225
0 0.21875 0.13 0.025 0.025
0 0.565 0.29875 0.025 0.0225
0 0.97125 0.42875 0.0225 0.025
0 0.8725 0.43375 0.02 0.0225
0 0.89125 0.42625 0.0175 0.02
0 0.99 0.44125 0.02 0.025
0 0.29625 0.28875 0.02 0.02
0 0.9725 0.0575 0.0225 0.0225
0 0.55875 0.75625 0.02 0.02
0 0.81625 0.3575 0.02 0.0175
0 0.4925 0.34125 0.02 0.02
0 0.388875 0.19607500000000003 0.020625 0.017124999999999998
0 0.312025 0.28265 0.0206 0.01885
0 0.8634999999999999 0.49015000000000003 0.021625000000000002 0.019575
0 0.5090250000000001 0.20177499999999998 0.01805 0.01605
0 0.5956750000000001 0.023925000000000002 0.01635 0.017475
0 0.557425 0.1344 0.014875000000000001 0.022400000000000003
0 0.310525 0.322125 0.019275 0.01925
0 0.495475 0.35692500000000005 0.017725 0.0165
0 0.6494 0.38795 0.022025000000000003 0.020550000000000002
0 0.4328 0.1764 0.021925 0.01685