0 0.32625 0.71375 0.03 0.025
0 0.38125 0.6625 0.025 0.02
0 0.0325 0.77625 0.0175 0.0175
0 0.14125 0.645 0.03 0.02
0 0.395 0.57875 0.02 0.02
0 0.20125 0.9057 0.025 0.0275
0 0.315 0.5925 0.0225 0.0225
0 0.28125 0.61 0.025 0.0225
0 0.22625 0.70375 0.0225 0.0225
0 0.26375 0.69875 0.02 0.02
0 0.2046 0.41105 0.02075 0.02692
0 0.24528 0.63708 0.01905 0.02115
0 0.2115 0.61685 0.01407 0.0249
0 0.22567 0.63102 0.0174 0.03157
0 0.05412 0.47615 0.0262 0.02455
0 0.07065 0.72457 0.01717 0.02163
0 0.40927 0.91253 0.0215 0.02368
0 0.11615 0.85965 0.02152 0.02042
0 0.07293 0.77453 0.01733 0.01995
0 0.39653 0.44032 0.0204 0.01675
0 0.31347 0.9041 0.01907 0.0216
0 0.0391 0.95862 0.01457 0.01957
0 0.17185 0.58503 0.01755 0.0226
