0 0.08375 0.735 0.0275 0.0225
0 0.24625 0.78875 0.0275 0.0175
0 0.10625 0.7175 0.0275 0.02
0 0.81 0.03 0.025 0.0225
0 0.77125 0.17875 0.0225 0.02
0 0.805 0.16375 0.025 0.0225
0 0.8375 0.0425 0.0225 0.0225
0 0.62625 0.3225 0.0225 0.0225
0 0.705 0.46375 0.0225 0.0225
0 0.76625 0.60375 0.0225 0.0225
0 0.765 0.6825 0.02 0.0225
0 0.81375 0.67125 0.0225 0.025
0 0.82125 0.845 0.02 0.025
0 0.75875 0.97375 0.0225 0.0225
0 0.87875 0.71625 0.0225 0.0175
0 0.73625 0.785 0.02 0.02
0 0.79625 0.7075 0.0175 0.0175
0 0.7225 0.665 0.0225 0.02
0 0.9575 0.6325 0.02 0.02
0 0.915 0.14 0.0275 0.02
0 0.56 0.3 0.025 0.0225
0 0.5975 0.275 0.0225 0.02
0 0.38875 0.64125 0.0225 0.0175
0 0.73875 0.23875 0.0225 0.0225
0 0.7825 0.11625 0.0225 0.0225
0 0.67 0.16625 0.03 0.0275
0 0.95875 0.06125 0.025 0.02
0 0.7475 0.41125 0.02 0.0175
0 0.79 0.49125 0.0225 0.02
0 0.91125 0.2 0.0175 0.0225
0 0.79375 0.2225 0.0225 0.02
0 0.5975 0.275 0.0225 0.02
0 0.825 0.79125 0.025 0.025
0 0.56 0.3 0.025 0.0225
0 0.11375 0.9125 0.0225 0.0225
0 0.66 0.39375 0.0225 0.0225
0 0.76625 0.9325 0.025 0.025
0 0.885 0.75625 0.02 0.02
0 0.8375 0.7475 0.0225 0.0225
0 0.1675 0.6675 0.02 0.02
0 0.76875 0.4775 0.0225 0.0225
0 0.77375 0.53875 0.0225 0.0225
0 0.64625 0.29 0.0175 0.0175
0 0.80625 0.45875 0.025 0.025
0 0.66375 0.33875 0.0175 0.0175
0 0.95875 0.3875 0.025 0.025
0 0.16125 0.6275 0.02 0.0175
0 0.82125 0.7275 0.0225 0.02
0 0.18125 0.81375 0.025 0.0225
0 0.7275 0.98 0.0225 0.0225
0 0.04875 0.97 0.0225 0.02
0 0.94625 0.22375 0.0225 0.02
0 0.8625 0.60625 0.0225 0.02
0 0.30875 0.72 0.0225 0.0225
0 0.76 0.2575 0.025 0.025
0 0.73 0.875 0.02 0.02
0 0.97125 0.96875 0.0225 0.0225
0 0.8125 0.76375 0.0225 0.0225
0 0.76375 0.64625 0.02 0.02
0 0.83 0.56875 0.0275 0.0275
0 0.8609749999999999 0.95625 0.02045 0.021025000000000002
0 0.869725 0.6938500000000001 0.01795 0.022400000000000003
0 0.08927500000000001 0.756625 0.0218 0.017975
0 0.292375 0.667 0.019275 0.021175000000000003
0 0.83905 0.6638249999999999 0.023399999999999997 0.022400000000000003
0 0.79625 0.925425 0.0209 0.018875
0 0.289 0.747375 0.023775 0.0191
0 0.20129999999999998 0.8100499999999999 0.0177 0.0219
0 0.10737500000000001 0.757275 0.014950000000000001 0.02265
0 0.332375 0.670425 0.019725 0.0222
0 0.932475 0.24 0.01695 0.02105
0 0.818425 0.885925 0.0208 0.019875
0 0.96855 0.4322 0.022125 0.021025000000000002