0 0.066125 0.304875 0.019775 0.019725
0 0.065 0.37375 0.02 0.02
0 0.053175 0.532875 0.020775000000000002 0.022174999999999997
0 0.1425 0.51 0.0225 0.0175
0 0.0975 0.51125 0.0225 0.0175
0 0.110175 0.179875 0.02035 0.01975
0 0.165 0.13875 0.02 0.02
0 0.08125 0.113575 0.01915 0.020724999999999997
0 0.033225 0.110525 0.018574999999999998 0.021025000000000002
0 0.143875 0.276925 0.022775 0.021375
0 0.20375 0.8275 0.0175 0.02
0 0.0873 0.3725 0.016975 0.018799999999999997
0 0.051500000000000004 0.339675 0.01865 0.018574999999999998
0 0.14375 0.4525 0.02 0.0225
0 0.39275 0.228875 0.0242 0.019475
0 0.505 0.1675 0.0175 0.0175
0 0.065 0.2225 0.02 0.0175
0 0.175 0.63125 0.0125 0.015
0 0.11625 0.085 0.02 0.0225
0 0.105 0.3025 0.0175 0.02
0 0.08625 0.285 0.02 0.0275
0 0.07 0.145 0.02 0.0175
0 0.065 0.49125 0.0175 0.015
0 0.34125 0.095 0.02 0.02
0 0.31125 0.92625 0.02 0.0175
0 0.81 0.765 0.015 0.0175
0 0.7175 0.77375 0.0125 0.0125
0 0.14625 0.4125 0.02 0.02
0 0.10625 0.97875 0.0175 0.0175
0 0.0225 0.285 0.0225 0.02
0 0.0625 0.46 0.02 0.02
0 0.20875 0.7925 0.02 0.02
0 0.245 0.09375 0.02 0.0175
0 0.855 0.7525 0.02 0.02
0 0.17625 0.4175 0.02 0.02
0 0.091575 0.735425 0.017075 0.0173
0 0.130875 0.75165 0.0207 0.02475
0 0.287175 0.245275 0.0172 0.017325
0 0.389 0.12092499999999999 0.0191 0.0222
0 0.988325 0.706575 0.0177 0.0203
0 0.46854999999999997 0.1452 0.022825 0.020775000000000002
0 0.16192499999999999 0.0095 0.018500000000000003 0.019025
0 0.05752500000000001 0.051425 0.01505 0.017124999999999998
0 0.071575 0.0721 0.013975 0.014724999999999999
0 0.1442 0.25522500000000004 0.016975 0.0158
0 0.18655000000000002 0.35442500000000005 0.0213 0.017775
0 0.09217499999999999 0.531975 0.02005 0.015725
0 0.10404999999999999 0.5494 0.013349999999999999 0.013725000000000001
0 0.1411 0.534375 0.017925 0.016975
0 0.07715 0.57255 0.018574999999999998 0.014750000000000001
0 0.07625 0.611575 0.01855 0.019575
0 0.03945 0.6 0.016399999999999998 0.01965
0 0.0719 0.7744249999999999 0.017025 0.016725
0 0.0341 0.8956000000000001 0.0182 0.016225
0 0.141175 0.8684999999999999 0.018075 0.017375
0 0.097675 0.93595 0.0168 0.020099999999999996
0 0.134625 0.96985 0.019225000000000003 0.018275
0 0.07585 0.41805 0.021375 0.01645
0 0.10012499999999999 0.3522 0.018125 0.018675
0 0.14707499999999998 0.294325 0.021949999999999997 0.02025
0 0.08172499999999999 0.991525 0.020575 0.016975