0 0.08875 0.8975 0.0275 0.0225
0 0.15875 0.745 0.0225 0.0275
0 0.185 0.89375 0.0225 0.02
0 0.22125 0.815 0.0225 0.0225
0 0.20375 0.805 0.0225 0.02
0 0.05 0.86625 0.025 0.0225
0 0.2925 0.965 0.0275 0.02
0 0.2675 0.97625 0.02 0.0225
0 0.32125 0.97875 0.02 0.0225
0 0.04875 0.785 0.0175 0.0225
0 0.1325 0.72 0.0175 0.0225
0 0.3 0.94875 0.0225 0.0175
0 0.29375 0.92375 0.025 0.0175
0 0.19625 0.82625 0.0225 0.0175
0 0.14125 0.915 0.0225 0.0225
0 0.46875 0.80375 0.025 0.0225
0 0.14125 0.915 0.0225 0.0225
0 0.18 0.97375 0.02 0.02
0 0.24375 0.2175 0.02 0.02
0 0.3575 0.4975 0.02 0.02
0 0.24625 0.9675 0.0175 0.0175
0 0.065 0.4925 0.0225 0.0225
0 0.3375 0.73 0.0225 0.0225
0 0.76875 0.49125 0.0275 0.0225
0 0.78625 0.44 0.0225 0.0175
0 0.75625 0.07125 0.0225 0.02
0 0.725 0.26375 0.0275 0.025
0 0.6475 0.28 0.0275 0.0175
0 0.65125 0.94875 0.02 0.0225
