0 0.07125 0.58625 0.0275 0.0175
0 0.0925 0.75 0.0225 0.0175
0 0.12 0.52625 0.02 0.02
0 0.0725 0.44125 0.0175 0.02
0 0.07 0.4625 0.02 0.015
0 0.08125 0.52625 0.0225 0.0125
0 0.13875 0.80375 0.0225 0.02
0 0.4275 0.93 0.0275 0.0175
0 0.91 0.82375 0.02 0.0225
0 0.84375 0.71625 0.02 0.02
0 0.06375 0.64625 0.02 0.0175
0 0.1175 0.91625 0.025 0.02
0 0.08125 0.205 0.025 0.02
0 0.11625 0.79 0.0175 0.0175
0 0.1175 0.8725 0.02 0.0175
0 0.925 0.35125 0.02 0.0225
0 0.01625 0.20875 0.0225 0.0225
0 0.155 0.21375 0.025 0.0225
0 0.0725 0.01375 0.0225 0.0225
0 0.1375 0.665 0.025 0.02
0 0.17875 0.59125 0.0225 0.0275
0 0.175 0.375 0.0225 0.02
0 0.12125 0.38625 0.02 0.025
0 0.0125 0.36125 0.025 0.025
0 0.12375 0.98875 0.0225 0.0225
0 0.825 0.8175 0.0175 0.0175
0 0.10125 0.23875 0.0175 0.0175
0 0.04625 0.2275 0.02 0.0175
0 0.45125 0.96125 0.0175 0.0125
0 0.0275 0.89875 0.02 0.015
0 0.34875 0.98375 0.02 0.015
0 0.0725 0.485 0.0175 0.015
0 0.03375 0.63375 0.025 0.0175
0 0.07125 0.94875 0.025 0.015
0 0.11375 0.2175 0.0225 0.0175
0 0.1125 0.2025 0.025 0.015
0 0.03 0.13 0.0225 0.0175
0 0.04625 0.15375 0.02 0.02
0 0.9175 0.79 0.0225 0.02
0 0.42625 0.64875 0.025 0.0175
0 0.28875 0.4575 0.0275 0.025
0 0.09625 0.3475 0.02 0.025
0 0.495 0.46625 0.025 0.02
0 0.09375 0.40465 0.0225 0.02
0 0.085 0.81625 0.02 0.02
0 0.155 0.39 0.0225 0.02
0 0.18 0.74375 0.0225 0.0225
0 0.02875 0.31 0.0175 0.0175
0 0.16625 0.24625 0.0225 0.02
0 0.0275 0.335 0.0175 0.0175
0 0.14625 0.41125 0.02 0.02
0 0.272025 0.4993 0.01725 0.018225
0 0.2973 0.475875 0.017825 0.02145
0 0.9117000000000001 0.06335 0.019825 0.019525
0 0.733 0.31420000000000003 0.017775 0.0177
0 0.18785 0.20475000000000002 0.01675 0.018425
0 0.07095 0.9636499999999999 0.024175 0.017325
0 0.12315 0.9683750000000001 0.017725 0.015300000000000001