0 0.6675 0.34375 0.0275 0.0275
0 0.66625 0.32125 0.025 0.025
0 0.14375 0.24 0.03 0.025
0 0.21625 0.36 0.0225 0.025
0 0.6 0.36875 0.025 0.025
0 0.11217 0.11472 0.019 0.0205
0 0.74657 0.45118 0.02175 0.02022
0 0.78882 0.4763 0.01873 0.02225
0 0.89058 0.42305 0.02402 0.01933
0 0.8776 0.3818 0.01767 0.02072
0 0.73272 0.48435 0.01725 0.02227
0 0.18698 0.23683 0.02217 0.02365
0 0.14665 0.20485 0.0183 0.01862
0 0.62018 0.23957 0.02428 0.02737
0 0.9331 0.374 0.018 0.02123
0 0.86562 0.39498 0.01712 0.01955
0 0.74423 0.17183 0.02772 0.02223
0 0.78632 0.23 0.0173 0.01715
0 0.78407 0.20283 0.0199 0.01818
