0 0.75 0.53875 0.02 0.0225
0 0.212875 0.5554749999999999 0.02645 0.022525
0 0.9475 0.585 0.02 0.025
0 0.657025 0.634275 0.023325 0.0227
0 0.59685 0.6558750000000001 0.023675 0.02075
0 0.19875 0.66 0.02 0.02
0 0.685 0.675 0.0275 0.0225
0 0.22017499999999998 0.7044 0.02465 0.021275
0 0.60875 0.7325 0.0225 0.025
0 0.6425 0.7575 0.0225 0.025
0 0.84375 0.7725 0.0175 0.0175
0 0.90125 0.77375 0.0225 0.0225
0 0.6 0.81 0.015 0.015
0 0.6425 0.8125 0.02 0.0225
0 0.62375 0.82875 0.0175 0.0175
0 0.69125 0.84375 0.015 0.0175
0 0.87 0.8575 0.02 0.0225
0 0.61125 0.8575 0.025 0.0175
0 0.8645 0.88625 0.023525 0.02
0 0.67625 0.905 0.02 0.0225
0 0.62 0.92875 0.0225 0.0225
0 0.152425 0.34700000000000003 0.023925000000000002 0.021
0 0.37935 0.371675 0.024249999999999997 0.021925
0 0.688125 0.39887500000000004 0.025 0.025375
0 0.32465000000000005 0.413475 0.024300000000000002 0.024425
0 0.34 0.455 0.02 0.0175
0 0.175625 0.5317000000000001 0.020675 0.020925
0 0.1775 0.55625 0.0225 0.015
0 0.53625 0.91625 0.0225 0.0175
0 0.65125 0.90125 0.0175 0.0175
0 0.62 0.78 0.0175 0.0175
0 0.72625 0.675 0.02 0.0225
0 0.98275 0.45642499999999997 0.025849999999999998 0.023424999999999998
0 0.865 0.65 0.025 0.025
0 0.9075 0.67125 0.02 0.0225
0 0.25875 0.67375 0.025 0.0225
0 0.62 0.92875 0.0225 0.0225
0 0.5825 0.79125 0.02 0.02
0 0.5675 0.8775 0.0225 0.02
0 0.20375 0.60125 0.02 0.02
0 0.3325 0.515 0.0225 0.0225
0 0.140825 0.6225 0.025 0.025
0 0.26125 0.34 0.02 0.02
0 0.705 0.65375 0.0225 0.0225
0 0.71 0.53375 0.0225 0.0225
0 0.30625 0.555 0.0225 0.0225
0 0.61 0.89375 0.02 0.0175
0 0.83875 0.74125 0.02 0.02
0 0.89625 0.72875 0.0175 0.0175
0 0.65875 0.3425 0.0225 0.0225
0 0.725 0.8475 0.02 0.02
0 0.29875 0.6625 0.0225 0.0225
0 0.313425 0.380375 0.019725 0.0179
0 0.21285 0.7691 0.022099999999999998 0.018574999999999998
0 0.074875 0.23515 0.0158 0.01675
0 0.12050000000000001 0.21145 0.019575 0.021099999999999997
0 0.308175 0.426725 0.021724999999999998 0.019525
0 0.29475 0.7012 0.01985 0.020274999999999998
0 0.851075 0.7219249999999999 0.0218 0.01705
0 0.9488 0.660625 0.017575 0.020975
0 0.8736 0.60955 0.020425 0.019074999999999998
0 0.23645 0.525725 0.0229 0.019299999999999998
0 0.271525 0.5846 0.02875 0.022775