0 0.3825 0.1625 0.0225 0.025
0 0.1225 0.05125 0.0225 0.02
0 0.4034 0.1675 0.0225 0.0225
0 0.37 0.0425 0.02 0.02
0 0.14 0.12 0.0225 0.0225
0 0.44715 0.19625 0.0225 0.0225
0 0.3125 0.1075 0.02 0.02
0 0.15125 0.1825 0.0175 0.0175
0 0.7375 0.40875 0.02 0.02
0 0.53375 0.255 0.0175 0.015
0 0.94 0.15125 0.025 0.025
0 0.96125 0.3675 0.02 0.02
0 0.53125 0.2775 0.0225 0.0225
0 0.805 0.435 0.025 0.025
0 0.1025 0.87375 0.0225 0.025
0 0.4275 0.95 0.025 0.025
0 0.3325 0.92 0.015 0.015
0 0.61125 0.52625 0.025 0.02
0 0.60375 0.5475 0.025 0.0225
0 0.5875 0.50875 0.0225 0.0175
