0 0.93625 0.09625 0.02 0.02
0 0.97 0.04625 0.0175 0.02
0 0.715 0.12 0.02 0.02
0 0.64 0.445 0.02 0.0175
0 0.61375 0.47625 0.02 0.0175
0 0.56375 0.37125 0.0225 0.0225
0 0.07375 0.62375 0.0225 0.015
0 0.155 0.455 0.02 0.0225
0 0.3925 0.97625 0.0225 0.02
0 0.9325 0.9425 0.0225 0.02
0 0.92625 0.885 0.02 0.0225
0 0.90875 0.95625 0.0225 0.02
0 0.94125 0.9925 0.02 0.015
0 0.7325 0.16875 0.0225 0.0175
0 0.38 0.78875 0.0225 0.0175
0 0.32125 0.52 0.0275 0.025
0 0.55 0.0475 0.0225 0.0175
0 0.9675 0.02625 0.0225 0.0175
0 0.0575 0.715 0.02 0.0175
0 0.4975 0.8425 0.0225 0.02
0 0.78875 0.20125 0.025 0.025
0 0.11375 0.4925 0.025 0.0225
0 0.44375 0.755 0.02 0.02
0 0.73875 0.1325 0.0225 0.0225
0 0.58875 0.4525 0.0225 0.0225
0 0.7925 0.025 0.025 0.0225
0 0.61375 0.4375 0.02 0.02
0 0.19 0.4425 0.0225 0.0225
0 0.43225 0.6442 0.020575 0.023775
0 0.23907499999999998 0.66405 0.024425 0.028725
0 0.3502 0.91675 0.024925000000000003 0.02105
0 0.35972499999999996 0.8116 0.02005 0.027075000000000002
0 0.491225 0.717325 0.021099999999999997 0.021150000000000002
0 0.20947500000000002 0.6999500000000001 0.020625 0.023325
0 0.429275 0.7298250000000001 0.026549999999999997 0.0168
0 0.39232500000000003 0.7722 0.025474999999999998 0.01895
0 0.57 0.525175 0.023225 0.018325
0 0.39094999999999996 0.36515000000000003 0.024925000000000003 0.016774999999999998
0 0.3532 0.33715000000000006 0.026575 0.022775
0 0.43172499999999997 0.291525 0.02165 0.02605
0 0.33825000000000005 0.36215 0.023849999999999996 0.020575
0 0.52355 0.42735 0.021625000000000002 0.022725
0 0.722725 0.2146 0.024325 0.021124999999999998
0 0.5713750000000001 0.485775 0.019475 0.017825