0 0.67625 0.06125 0.0225 0.0225
0 0.3275 0.42625 0.0225 0.0175
0 0.5075 0.14625 0.0225 0.0175
0 0.3407 0.23532499999999998 0.01805 0.01815
0 0.37875 0.53 0.025 0.0225
0 0.64125 0.02125 0.0275 0.025
0 0.24 0.1375 0.025 0.025
0 0.24625 0.5 0.025 0.025
0 0.4075 0.2925 0.025 0.025
0 0.34375 0.28625 0.02 0.02
0 0.37125 0.295 0.02 0.02
0 0.02875 0.9125 0.0225 0.0225
0 0.66125 0.22375 0.0225 0.0225
0 0.27875 0.4825 0.02 0.02
0 0.7425 0.11875 0.02 0.02
0 0.09625 0.82375 0.0225 0.0225
0 0.965 0.49 0.0275 0.0275
0 0.86875 0.29625 0.025 0.0225
0 0.42875 0.2375 0.025 0.0225
0 0.57625 0.33625 0.0225 0.0225
0 0.305 0.83375 0.0225 0.0225
0 0.1375 0.55125 0.0225 0.02