0 0.17 0.57375 0.03 0.0275
0 0.15625 0.59625 0.025 0.02
0 0.20125 0.55125 0.02 0.0225
0 0.2 0.56625 0.0225 0.0175
0 0.06 0.6025 0.03 0.02
0 0.11 0.76625 0.0225 0.0225
0 0.04 0.71375 0.02 0.0275
0 0.0675 0.715 0.0275 0.02
0 0.22125 0.77625 0.02 0.0225
0 0.60875 0.15375 0.025 0.0275
0 0.60875 0.0775 0.0225 0.0225
0 0.625 0.01 0.025 0.0175
0 0.67625 0.3025 0.0325 0.0275
0 0.59125 0.43375 0.0225 0.0225
0 0.57 0.4775 0.025 0.025
0 0.6525 0.0225 0.0275 0.02
0 0.695 0.045 0.0225 0.0175
0 0.75125 0.0625 0.0225 0.025
0 0.70125 0.13875 0.025 0.0225
0 0.73875 0.27125 0.0275 0.025
0 0.84375 0.225 0.025 0.0225
0 0.80875 0.03625 0.025 0.0275
0 0.80625 0.0625 0.025 0.0175
0 0.95625 0.31 0.0275 0.0225
0 0.91625 0.23875 0.025 0.02
0 0.8925 0.24625 0.03 0.0325
0 0.92 0.25375 0.025 0.0225
0 0.7825 0.28 0.025 0.025
0 0.87125 0.40875 0.0225 0.02
0 0.87875 0.4725 0.0225 0.0275
0 0.97875 0.4025 0.0225 0.03
0 0.90375 0.35375 0.0225 0.02
0 0.7475 0.59125 0.0225 0.025
0 0.7025 0.56625 0.02 0.02
0 0.79625 0.83125 0.02 0.0225
0 0.8175 0.83875 0.025 0.0225
0 0.8525 0.95125 0.0175 0.0225
0 0.8675 0.9475 0.025 0.03
0 0.8525 0.975 0.02 0.02
0 0.80875 0.97375 0.025 0.0225
0 0.72375 0.94 0.0275 0.0225
0 0.93875 0.74125 0.02 0.02
0 0.9725 0.745 0.02 0.025
0 0.98375 0.7275 0.0225 0.02
0 0.83 0.58125 0.0225 0.02
0 0.81125 0.5875 0.02 0.0175
0 0.7775 0.5625 0.0225 0.02
0 0.08375 0.51375 0.025 0.0175
0 0.095 0.44125 0.02 0.0225
0 0.0725 0.67375 0.0225 0.0225
0 0.3975 0.885 0.02 0.0325
0 0.40375 0.93 0.0225 0.025
0 0.74125 0.8225 0.0275 0.02
0 0.9 0.9475 0.0225 0.02
0 0.75375 0.34875 0.0275 0.02
0 0.8075 0.355 0.02 0.0225
0 0.8 0.18125 0.025 0.02
0 0.1575 0.64625 0.0225 0.0225
0 0.1275 0.49875 0.0225 0.0225
0 0.43125 0.87375 0.02 0.0225
0 0.41 0.87125 0.02 0.0175
0 0.43 0.9125 0.0175 0.02
0 0.95375 0.965 0.015 0.02
0 0.85125 0.9025 0.0225 0.02
0 0.60125 0.495 0.025 0.02
0 0.96125 0.25375 0.0225 0.0225
0 0.695 0.15875 0.0225 0.02
0 0.745 0.9075 0.02 0.02
0 0.26375 0.74875 0.0225 0.0225
0 0.76875 0.0625 0.0225 0.0225
0 0.7125 0.01 0.0225 0.02