0 0.55875 0.61 0.02 0.0275
0 0.5375 0.595 0.02 0.0225
0 0.50375 0.54875 0.0225 0.0275
0 0.6 0.12125 0.0225 0.03
0 0.65625 0.04 0.0225 0.025
0 0.82375 0.2025 0.03 0.025
0 0.505 0.475 0.025 0.025
0 0.5725 0.04125 0.025 0.0225
0 0.45875 0.52875 0.035 0.0275
0 0.73875 0.445 0.025 0.025
0 0.785 0.0225 0.02 0.015
0 0.585 0.62625 0.0125 0.0225
0 0.5075 0.37 0.0225 0.0175
0 0.52 0.575 0.0175 0.02
0 0.5375 0.5675 0.0175 0.02
0 0.68625 0.13 0.02 0.0225
0 0.67 0.12 0.0225 0.02
0 0.79125 0.25875 0.025 0.025
0 0.64625 0.38875 0.0225 0.02
0 0.87625 0.23875 0.0225 0.0225
0 0.71 0.1 0.0275 0.0275
0 0.801675 0.25625 0.025 0.0225