0 0.4025 0.2 0.0225 0.0275
0 0.86125 0.195 0.025 0.0175
0 0.285 0.28125 0.025 0.0225
0 0.24875 0.27 0.0225 0.025
0 0.18625 0.25875 0.02 0.0225
0 0.1675 0.26875 0.02 0.03
0 0.14 0.39375 0.02 0.0175
0 0.12 0.38875 0.02 0.0225
0 0.36625 0.39875 0.0175 0.0175
0 0.37 0.37875 0.0175 0.015
0 0.34625 0.37 0.0275 0.025
0 0.32625 0.2775 0.0175 0.0225
0 0.305 0.30625 0.02 0.02
0 0.26375 0.06 0.0225 0.0225
0 0.42125 0.395 0.015 0.0125
0 0.39375 0.36 0.025 0.0175
0 0.5025 0.09875 0.025 0.0325
0 0.4775 0.3225 0.0175 0.0175
0 0.0675 0.40125 0.0175 0.0125
0 0.07125 0.41625 0.015 0.015
0 0.02125 0.33125 0.025 0.0175
0 0.1425 0.25 0.0225 0.02
0 0.11625 0.35 0.0225 0.02
0 0.3625 0.27 0.02 0.02
0 0.44 0.24 0.02 0.02
0 0.08 0.05 0.0225 0.02
0 0.42875 0.90375 0.0325 0.0225
0 0.43375 0.88375 0.0325 0.02
0 0.53125 0.86625 0.0225 0.0175
0 0.365 0.8325 0.0225 0.0225
0 0.19625 0.88125 0.0225 0.0225
0 0.15625 0.9225 0.0275 0.0225
0 0.2825 0.905 0.0225 0.0175
0 0.34 0.6675 0.025 0.025
0 0.355 0.70375 0.0225 0.02
0 0.19917 0.5634 0.03 0.025
0 0.16927 0.56125 0.025 0.025
0 0.93625 0.97125 0.0225 0.0275
0 0.40625 0.79375 0.0225 0.0225
0 0.56875 0.975 0.02 0.02
0 0.61125 0.88 0.0225 0.015
0 0.36625 0.755 0.03 0.0225
0 0.41375 0.73 0.025 0.0175
0 0.43 0.5775 0.0225 0.0275
0 0.37 0.72125 0.02 0.02
0 0.135 0.88125 0.0275 0.0275
0 0.32625 0.9075 0.025 0.0175
0 0.355 0.89375 0.0225 0.0225
0 0.31625 0.83375 0.03 0.0325
0 0.34 0.785 0.025 0.03
0 0.2625 0.86125 0.0225 0.02
0 0.08887 0.5733 0.02435 0.02662
0 0.4925 0.605 0.0275 0.0225
0 0.2975 0.5825 0.02 0.0225
0 0.405 0.63875 0.025 0.0275
0 0.9075 0.95625 0.0225 0.02
0 0.305 0.70625 0.02 0.02
0 0.26 0.91375 0.0225 0.0225
0 0.34375 0.86125 0.02 0.02
0 0.1075 0.76625 0.0225 0.02
0 0.97875 0.9075 0.02 0.02
