0 0.215 0.23 0.02 0.0175
0 0.1675 0.25125 0.03 0.0175
0 0.195 0.2475 0.0175 0.015
0 0.17625 0.2675 0.02 0.0175
0 0.08625 0.3575 0.0225 0.025
0 0.2875 0.2425 0.02 0.02
0 0.305 0.25875 0.0225 0.02
0 0.19125 0.4275 0.0225 0.025
0 0.41625 0.365 0.02 0.02
0 0.4925 0.38 0.0225 0.025
0 0.22 0.58 0.0225 0.02
0 0.25875 0.60625 0.0175 0.02
0 0.47 0.7225 0.0225 0.0225
0 0.34375 0.705 0.02 0.0225
0 0.515 0.61125 0.0225 0.02
0 0.5775 0.445 0.025 0.0175
0 0.5525 0.4625 0.0225 0.02
0 0.2225 0.09875 0.0275 0.02
0 0.2875 0.12875 0.0225 0.02
0 0.1325 0.11875 0.02 0.015
0 0.10875 0.195 0.0225 0.02
0 0.40375 0.56375 0.0175 0.0225
0 0.3775 0.545 0.0225 0.0175
0 0.115 0.32625 0.03 0.0275
0 0.57125 0.6075 0.0275 0.0275
0 0.47 0.7225 0.0225 0.0225
0 0.285 0.38625 0.0225 0.0225
0 0.36125 0.60625 0.02 0.02
0 0.0425 0.38 0.025 0.025
0 0.495 0.36 0.02 0.02
0 0.295 0.4375 0.02 0.02
0 0.513125 0.7197499999999999 0.025575 0.029449999999999997
0 0.44165 0.43134999999999996 0.025825 0.031325