0 0.07375 0.02875 0.0225 0.025
0 0.46375 0.42875 0.025 0.025
0 0.71875 0.37875 0.0175 0.0125
0 0.75625 0.2975 0.015 0.015
0 0.70375 0.44125 0.0175 0.0125
0 0.79125 0.395 0.025 0.025
0 0.72625 0.4125 0.02 0.02
0 0.6763 0.46743 0.01868 0.01522
0 0.6076 0.46635 0.017 0.01843
0 0.84655 0.23388 0.01812 0.01597
0 0.7883 0.23142 0.01588 0.01462
0 0.7774 0.23738 0.01553 0.01403
0 0.7238 0.26162 0.01725 0.0143
0 0.70683 0.24855 0.01723 0.01495
0 0.67313 0.07155 0.01947 0.0181
0 0.71485 0.0657 0.01897 0.0207
0 0.6731 0.48528 0.01585 0.01878
0 0.61473 0.48368 0.01873 0.01655
0 0.65065 0.44373 0.01558 0.01603
0 0.0775 0.63375 0.0175 0.02
0 0.20875 0.93125 0.0175 0.02
0 0.26875 0.54 0.02 0.02
0 0.0856 0.60418 0.01585 0.01905
0 0.42493 0.87038 0.0195 0.01933
0 0.48785 0.83822 0.01857 0.0193
0 0.48918 0.8574 0.01765 0.01733
0 0.545 0.97375 0.0175 0.02
0 0.78875 0.73625 0.02 0.0225
0 0.835 0.825 0.02 0.0225
0 0.60625 0.8825 0.02 0.0225
0 0.8025 0.69125 0.02 0.0175
0 0.54625 0.82 0.02 0.025
0 0.59545 0.5248 0.02535 0.0221
0 0.87045 0.74832 0.02592 0.02415
0 0.5825 0.815 0.02 0.02
0 0.6178 0.93617 0.01773 0.01878
0 0.5622 0.83947 0.02022 0.02105
0 0.5991 0.82873 0.01788 0.01997
0 0.58563 0.86157 0.0198 0.01957
0 0.60717 0.85733 0.01955 0.0213
0 0.64985 0.60412 0.01758 0.01897
