0 0.295 0.215 0.025 0.0225
0 0.2475 0.30125 0.02 0.0175
0 0.56125 0.87125 0.0225 0.02
0 0.62875 0.85125 0.0225 0.0175
0 0.53875 0.765 0.0275 0.02
0 0.4725 0.6875 0.0225 0.0175
0 0.48375 0.60875 0.02 0.0175
0 0.45875 0.52375 0.0175 0.015
0 0.50375 0.5325 0.0175 0.02
0 0.6725 0.64125 0.02 0.0225
0 0.82125 0.985 0.0225 0.02
0 0.78625 0.70875 0.0225 0.0225
0 0.6075 0.80625 0.0225 0.02
0 0.6125 0.83375 0.02 0.0175
0 0.27125 0.87375 0.02 0.0175
0 0.25875 0.885 0.0175 0.015
0 0.27375 0.49 0.0225 0.02
0 0.295 0.28625 0.0275 0.025
0 0.965 0.63375 0.0225 0.0225
0 0.21125 0.45 0.025 0.025
0 0.277275 0.379525 0.0275 0.025
0 0.8375 0.92625 0.025 0.0225
0 0.24125 0.4775 0.025 0.0225
0 0.28125 0.24875 0.025 0.025
0 0.59 0.51 0.0225 0.0225
0 0.795 0.9375 0.0225 0.02