0 0.675 0.925 0.03 0.0175
0 0.66875 0.895 0.02 0.02
0 0.69375 0.88625 0.02 0.025
0 0.64125 0.87875 0.025 0.025
0 0.69125 0.945 0.025 0.0175
0 0.15375 0.32875 0.0275 0.025
0 0.2175 0.3175 0.0275 0.02
0 0.2575 0.3025 0.03 0.02
0 0.2925 0.2875 0.0275 0.02
0 0.1075 0.345 0.02 0.015
0 0.05125 0.77375 0.0225 0.03
0 0.06875 0.8 0.0225 0.025
0 0.33125 0.88 0.0225 0.0275
0 0.35125 0.085 0.0275 0.0275
0 0.22625 0.10125 0.025 0.0225
0 0.045 0.06875 0.0275 0.03
0 0.66125 0.66 0.02 0.025
0 0.29375 0.26 0.0225 0.025
0 0.10875 0.77 0.02 0.02
0 0.40715 0.1144 0.02125 0.018075
0 0.4261 0.11407500000000001 0.015325 0.02315
0 0.06 0.285 0.0275 0.025
0 0.40125 0.21875 0.0225 0.0225
0 0.17085 0.149875 0.021724999999999998 0.01725
0 0.17 0.266125 0.0225 0.0225
0 0.03125 0.58 0.0225 0.02
0 0.43262500000000004 0.244875 0.02 0.02
0 0.09125 0.17 0.02 0.02
0 0.860125 0.973475 0.02 0.02
0 0.97125 0.318875 0.025 0.025