0 0.6706749999999999 0.59085 0.021349999999999997 0.0242
0 0.68625 0.5675 0.02 0.025
0 0.432475 0.7318250000000001 0.02245 0.026150000000000003
0 0.5325 0.92125 0.0225 0.0225
0 0.8347 0.8035 0.023849999999999996 0.021974999999999998
0 0.70125 0.775 0.02 0.02
0 0.56 0.69 0.02 0.0225
0 0.66125 0.6975 0.02 0.0225
0 0.73625 0.685 0.015 0.0125
0 0.73335 0.204175 0.023125 0.0208
0 0.7282 0.526975 0.021400000000000002 0.021425
0 0.59375 0.8475 0.02 0.02
0 0.78125 0.68 0.0175 0.025
0 0.7443000000000001 0.923775 0.023399999999999997 0.019775
0 0.6961499999999999 0.9354250000000001 0.01895 0.0191
0 0.80125 0.37 0.0225 0.0175
0 0.77125 0.6475 0.0175 0.0225
0 0.83875 0.715 0.015 0.0225
0 0.53 0.74625 0.0175 0.0175
0 0.4025 0.87625 0.02 0.02
0 0.585 0.8875 0.02 0.0175
0 0.9744750000000001 0.8129000000000001 0.020525 0.01885
0 0.741375 0.5892000000000001 0.020274999999999998 0.020874999999999998
0 0.8518000000000001 0.314625 0.017225 0.017849999999999998
0 0.9632 0.34902500000000003 0.020874999999999998 0.0206
0 0.57375 0.875 0.0175 0.0225
0 0.70545 0.9227500000000001 0.015875 0.0155
0 0.7375 0.905 0.0225 0.0225
0 0.96 0.29875 0.02 0.02
0 0.835 0.34375 0.02 0.02
0 0.785 0.34 0.02 0.02
0 0.73625 0.7125 0.0275 0.025
0 0.8425 0.66625 0.02 0.02
0 0.48875 0.88875 0.02 0.02
0 0.76125 0.64125 0.02 0.02
0 0.71 0.57875 0.0225 0.0225
0 0.9525 0.2 0.02 0.02
0 0.5375 0.93625 0.02 0.02
0 0.7525 0.5 0.0225 0.0225
0 0.73625 0.65875 0.0175 0.0175
0 0.635 0.70875 0.0175 0.0175
0 0.82125 0.6484000000000001 0.02 0.02
0 0.36875 0.9417749999999999 0.01965 0.02105
0 0.387975 0.953675 0.020499999999999997 0.019450000000000002
0 0.44292499999999996 0.9841500000000001 0.019775 0.020099999999999996
0 0.4851 0.9726 0.01485 0.016625
0 0.468775 0.9569249999999999 0.016125 0.015625
0 0.4172 0.9575 0.018349999999999998 0.0168
0 0.89715 0.9506999999999999 0.019275 0.019275
0 0.903975 0.9325249999999999 0.02045 0.02395
0 0.972 0.7672249999999999 0.02255 0.02015
0 0.9656999999999999 0.7948000000000001 0.018875 0.023525
0 0.850125 0.50585 0.0181 0.01885
0 0.8730500000000001 0.48517499999999997 0.024675 0.01855
0 0.83175 0.5616 0.020649999999999998 0.019625
0 0.5689500000000001 0.7857999999999999 0.018225 0.019799999999999998
0 0.8468000000000001 0.2767 0.0168 0.0177
0 0.79755 0.308375 0.016525 0.01675
0 0.7813 0.317675 0.017975 0.015700000000000002
0 0.8245999999999999 0.28995 0.015300000000000001 0.0174
0 0.8092 0.287275 0.01485 0.015600000000000001
0 0.81915 0.347925 0.018825 0.023775
0 0.82685 0.367475 0.017975 0.01685
0 0.8421500000000001 0.41167499999999996 0.01645 0.016200000000000003
0 0.93305 0.39972499999999994 0.02145 0.017325
0 0.985525 0.3925 0.019275 0.018925
0 0.708075 0.5082249999999999 0.01615 0.0218
0 0.732575 0.461075 0.015175000000000001 0.016774999999999998
0 0.7146750000000001 0.458025 0.01505 0.016075
0 0.680225 0.45295 0.022949999999999998 0.018425
0 0.7029000000000001 0.42414999999999997 0.020099999999999996 0.0233
0 0.788875 0.7289249999999999 0.018825 0.014975
0 0.8163750000000001 0.7344750000000001 0.02025 0.013600000000000001
0 0.5407 0.8933249999999999 0.0189 0.017
0 0.793375 0.9264249999999999 0.013525 0.015349999999999999
0 0.81235 0.9342 0.019925 0.018425
0 0.894225 0.98095 0.018825 0.022625000000000003
0 0.4347 0.9425749999999999 0.017625 0.0173
0 0.76905 0.695925 0.022025000000000003 0.01885
0 0.9933 0.304625 0.0134 0.01755
0 0.6706 0.09237500000000001 0.019799999999999998 0.020475
0 0.761675 0.165325 0.017975 0.016375
0 0.75055 0.15215 0.015375000000000002 0.0168
0 0.614375 0.519425 0.01805 0.020975
0 0.644125 0.525825 0.018625 0.01595
0 0.5928 0.867525 0.0144 0.018525
0 0.814625 0.065675 0.01675 0.01705
0 0.834825 0.053 0.02145 0.0167