0 0.79697 0.5558 0.02643 0.02553
0 0.7875 0.57142 0.01965 0.01785
0 0.7866 0.59552 0.02322 0.02142
0 0.7808 0.61205 0.0259 0.01518
0 0.84197 0.62948 0.01965 0.02322
0 0.76427 0.57767 0.01965 0.01785
0 0.7375 0.65177 0.02322 0.01965
0 0.82767 0.68528 0.01785 0.01875
0 0.8259 0.70715 0.02142 0.02142
0 0.66473 0.32142 0.02053 0.01965
0 0.77098 0.2509 0.02053 0.02142
0 0.78795 0.2326 0.02053 0.02232
0 0.7442 0.29688 0.01875 0.01698
0 0.7759 0.31205 0.01785 0.01698
0 0.7924 0.28125 0.02053 0.01785
0 0.82053 0.2808 0.025 0.01875
0 0.79552 0.67278 0.025 0.02053
0 0.6576 0.16073 0.01875 0.01785
0 0.67545 0.15268 0.01698 0.02142
0 0.67142 0.17902 0.01965 0.01875
0 0.69955 0.28437 0.01698 0.01698
