0 0.02345 0.4273 0.02223 0.02717
0 0.03875 0.35125 0.015 0.0175
0 0.04875 0.3475 0.0175 0.025
0 0.06375 0.4275 0.0225 0.025
0 0.07875 0.4375 0.02 0.025
0 0.0975 0.44875 0.02 0.025
0 0.09 0.4075 0.0175 0.0175
0 0.285 0.22125 0.0225 0.025
0 0.295 0.15125 0.0225 0.0225
0 0.3925 0.445 0.025 0.0225
0 0.27875 0.03375 0.025 0.0225
0 0.02125 0.04875 0.02 0.0225
0 0.03625 0.10375 0.02 0.025
0 0.36 0.25 0.02 0.0175
0 0.335 0.1675 0.025 0.02
0 0.3275 0.14625 0.0175 0.015
0 0.1 0.11375 0.02 0.0175
0 0.4175 0.19 0.02 0.02
0 0.62 0.15875 0.0175 0.0225
0 0.6325 0.14375 0.0175 0.02
0 0.63875 0.0525 0.0175 0.02
0 0.82125 0.10375 0.02 0.02
