0 0.3725 0.42875 0.0225 0.0225
0 0.2675 0.32 0.02 0.0175
0 0.215 0.34 0.02 0.0175
0 0.1075 0.4025 0.02 0.02
0 0.8275 0.53625 0.0225 0.02
0 0.53875 0.31375 0.015 0.02
0 0.22625 0.24 0.0225 0.0175
0 0.7325 0.565 0.0175 0.015
0 0.15375 0.29625 0.02 0.0225
0 0.01125 0.7375 0.02 0.02
0 0.3775 0.8525 0.025 0.02
0 0.7625 0.08125 0.025 0.0225
0 0.6825 0.30625 0.02 0.02
0 0.76 0.01375 0.02 0.02
0 0.405 0.327175 0.0175 0.0175
0 0.5325 0.4325 0.02 0.02
0 0.06375 0.32875 0.02 0.02
0 0.72375 0.22625 0.02 0.02
0 0.23625 0.3375 0.0225 0.0225
0 0.875 0.83 0.0225 0.0225
0 0.245 0.4275 0.02 0.02
0 0.93 0.03375 0.02 0.02