0 0.27 0.19875 0.0275 0.02
0 0.05625 0.3225 0.0225 0.0225
0 0.05625 0.28625 0.02 0.025
0 0.03 0.29375 0.025 0.025
0 0.935 0.125 0.0225 0.025
0 0.9775 0.16375 0.015 0.02
0 0.6175 0.225 0.025 0.02
0 0.90875 0.15375 0.0175 0.02
0 0.74375 0.325 0.03 0.0175
0 0.78875 0.25 0.02 0.0175
0 0.89625 0.23375 0.015 0.015
0 0.92375 0.2025 0.02 0.02
0 0.89875 0.195 0.02 0.02
0 0.96875 0.14 0.0225 0.02
0 0.77375 0.3525 0.02 0.02
0 0.53875 0.39125 0.0225 0.0225
0 0.8125 0.0675 0.025 0.025
0 0.115 0.78125 0.02 0.0175
0 0.115 0.865 0.015 0.0175
0 0.22 0.885 0.02 0.02
0 0.13375 0.84375 0.025 0.0225
0 0.14875 0.7925 0.02 0.02
0 0.1325 0.76 0.0175 0.0175
0 0.145 0.73 0.015 0.0175
0 0.3925 0.745 0.025 0.0175
0 0.075 0.76375 0.02 0.0225
0 0.34 0.7275 0.02 0.02
0 0.27375 0.56 0.02 0.0225
0 0.08625 0.805 0.0175 0.0175
0 0.035 0.70875 0.015 0.025
0 0.36875 0.9125 0.0225 0.02
0 0.43125 0.85375 0.025 0.02
0 0.425 0.80125 0.02 0.02
0 0.32875 0.79375 0.02 0.0175
0 0.39625 0.72625 0.0225 0.0225
0 0.08 0.82875 0.0175 0.0175
0 0.70875 0.90625 0.0275 0.0225
0 0.66375 0.87 0.02 0.0175
0 0.5525 0.7875 0.0225 0.0225
0 0.555 0.74 0.0225 0.025
0 0.59375 0.78875 0.015 0.02
0 0.76125 0.8575 0.02 0.02
0 0.85 0.89 0.0175 0.0175
0 0.875 0.8675 0.02 0.0175
0 0.545 0.58875 0.0225 0.025
0 0.6925 0.8725 0.0225 0.015
0 0.73875 0.9375 0.0225 0.0225
0 0.605 0.80125 0.0225 0.02
