0 0.245 0.1425 0.0225 0.0225
0 0.255 0.17 0.0225 0.0225
0 0.22625 0.30375 0.02 0.025
0 0.285 0.30125 0.02 0.0275
0 0.33 0.31375 0.0225 0.02
0 0.30375 0.20625 0.0175 0.02
0 0.3 0.2475 0.02 0.025
0 0.3275 0.27125 0.0175 0.02
0 0.39625 0.36375 0.0175 0.025
0 0.21875 0.44 0.0175 0.0225
0 0.13125 0.37375 0.025 0.0175
0 0.1025 0.27875 0.025 0.0225
0 0.015 0.25875 0.0225 0.0175
0 0.0175 0.275 0.0225 0.015
0 0.34875 0.22875 0.025 0.025
0 0.34875 0.25125 0.0225 0.0275
0 0.47375 0.3475 0.0175 0.0275
0 0.4625 0.33875 0.0175 0.0225
0 0.5525 0.345 0.0175 0.02
0 0.59375 0.1725 0.02 0.0225
0 0.81125 0.25375 0.0225 0.0175
0 0.87375 0.27125 0.02 0.0225
0 0.83875 0.0125 0.0175 0.0175
0 0.94125 0.0875 0.025 0.0225
0 0.93 0.10875 0.0225 0.025
0 0.9175 0.0875 0.0275 0.0275
0 0.91125 0.06625 0.0225 0.02
0 0.93375 0.06375 0.02 0.0175
0 0.8475 0.04625 0.02 0.0225
0 0.87875 0.04 0.0175 0.03
0 0.88 0.1875 0.0275 0.0225
0 0.88875 0.21375 0.0275 0.025
0 0.6525 0.18625 0.02 0.0175
0 0.34375 0.11625 0.0175 0.02
0 0.12 0.5725 0.02 0.0275
0 0.295 0.5125 0.0175 0.0225
0 0.3225 0.5475 0.02 0.02
0 0.415 0.53875 0.0175 0.025
0 0.35125 0.57625 0.0225 0.0225
0 0.3075 0.4725 0.0175 0.025
0 0.21875 0.525 0.0175 0.02
0 0.1675 0.465 0.0175 0.0225
0 0.60125 0.52875 0.02 0.03
0 0.47625 0.52375 0.02 0.02
0 0.49625 0.49875 0.0225 0.03
0 0.39375 0.63125 0.0225 0.025
0 0.35 0.97 0.025 0.0225
0 0.33 0.91125 0.02 0.0225
0 0.0475 0.89375 0.0225 0.025
0 0.83125 0.53375 0.0175 0.02
0 0.815 0.545 0.015 0.0225
0 0.88 0.5575 0.0175 0.0225
0 0.9225 0.59625 0.0225 0.0225
0 0.95125 0.57875 0.015 0.0225
0 0.655 0.50375 0.0175 0.02
0 0.4775 0.86125 0.025 0.025
0 0.5475 0.86 0.03 0.0175
0 0.60375 0.8575 0.0225 0.02
0 0.67375 0.82125 0.02 0.02
0 0.25625 0.63625 0.0225 0.025
0 0.13 0.59875 0.0175 0.0275
0 0.6875 0.63375 0.0225 0.0225
0 0.96125 0.1175 0.02 0.02
0 0.83125 0.155 0.0225 0.0225
0 0.9675 0.4725 0.0225 0.0225
0 0.46875 0.96 0.0225 0.0225
0 0.72 0.505 0.02 0.02
0 0.9025 0.28875 0.02 0.02
0 0.99 0.105 0.02 0.0225
0 0.9575 0.65375 0.0225 0.0225
0 0.47875 0.935 0.0225 0.02
0 0.63 0.86875 0.02 0.02
0 0.0725 0.35125 0.0225 0.02
0 0.92625 0.44875 0.0225 0.0225
0 0.945 0.6275 0.0175 0.0175
0 0.2575 0.2625 0.02 0.02
0 0.04125 0.31875 0.02 0.02
0 0.44875 0.90125 0.02 0.02
0 0.8225 0.635 0.0225 0.02
0 0.0425 0.925 0.02 0.02
0 0.75375 0.69875 0.02 0.02
0 0.83625 0.22625 0.0225 0.02
0 0.36 0.8275 0.02 0.02
0 0.71625 0.34875 0.02 0.02
0 0.81875 0.5 0.02 0.02
0 0.69625 0.33125 0.0225 0.0225
0 0.4125 0.34375 0.0225 0.02
0 0.355 0.52375 0.0175 0.0175
0 0.8325 0.55125 0.02 0.0175
0 0.39625 0.8133750000000001 0.02 0.02
0 0.84875 0.48875 0.02 0.02
0 0.7925 0.28375 0.0175 0.0175
0 0.80875 0.89125 0.025 0.0225
0 0.53 0.555 0.0225 0.0225
0 0.75375 0.29710000000000003 0.02 0.02
0 0.97875 0.5025 0.02 0.02
0 0.64375 0.34875 0.02 0.02
0 0.8375 0.3425 0.02 0.02