0 0.04233 0.06675 0.0233 0.02035
0 0.16198 0.80957 0.0207 0.01963
0 0.135 0.0475 0.0225 0.0225
0 0.2425 0.9125 0.025 0.025
0 0.31625 0.83625 0.0225 0.0225
0 0.05875 0.82125 0.0225 0.02
0 0.05115 0.30757 0.01835 0.01692
0 0.0248 0.31095 0.02103 0.01653
0 0.37175 0.89623 0.0221 0.01745
0 0.4933 0.76938 0.0134 0.01635
0 0.85537 0.3162 0.02018 0.01682
0 0.76875 0.3125 0.0225 0.02
0 0.8991 0.38142 0.02428 0.01785
0 0.82625 0.83375 0.025 0.0275
0 0.7975 0.45125 0.02 0.0225
0 0.7875 0.62625 0.0175 0.02
0 0.8854 0.59723 0.02332 0.01942
0 0.895 0.6725 0.025 0.02
0 0.96125 0.67625 0.0225 0.02
0 0.7525 0.505 0.02 0.02
0 0.89875 0.32875 0.0225 0.0175
0 0.69375 0.5225 0.02 0.02
0 0.9116 0.02375 0.0225 0.0225
0 0.7175 0.68375 0.0225 0.02
0 0.88535 0.13125 0.025 0.0225
0 0.79 0.9725 0.0225 0.02
0 0.93 0.6834 0.0225 0.02
0 0.79625 0.18 0.02 0.02
0 0.90125 0.2475 0.0225 0.0225
0 0.8275 0.62375 0.02 0.02
0 0.9075 0.0625 0.02 0.02
0 0.9775 0.09125 0.02 0.02
0 0.96125 0.64 0.02 0.02
0 0.9525 0.68875 0.0225 0.02
0 0.7225 0.545 0.02 0.02
0 0.7075 0.51 0.02 0.02
0 0.84625 0.7975 0.02 0.02
0 0.8675 0.5575 0.02 0.02
0 0.91125 0.74125 0.02 0.02
0 0.90125 0.42625 0.02 0.02
0 0.9425 0.81875 0.02 0.02
0 0.96002 0.51415 0.02185 0.01937
0 0.76505 0.36553 0.01403 0.01677
0 0.9797 0.67233 0.01915 0.0179
0 0.69922 0.46682 0.01988 0.01755
0 0.876 0.44388 0.01988 0.01992
0 0.68405 0.51255 0.0163 0.0162
0 0.968 0.03667 0.01638 0.02155
0 0.79323 0.4294 0.0168 0.0177
