0 0.45125 0.65625 0.025 0.02
0 0.4525 0.635 0.02 0.015
0 0.38625 0.76875 0.02 0.02
0 0.265 0.815 0.02 0.02
0 0.44752499999999995 0.60065 0.020025 0.015600000000000001
0 0.41735 0.625075 0.018600000000000002 0.018025
0 0.563275 0.9141750000000001 0.0194 0.019424999999999998
0 0.2666 0.70855 0.015325 0.015325
0 0.227025 0.8703749999999999 0.020125 0.019325000000000002
0 0.50415 0.623175 0.016675 0.017375
0 0.47595 0.5965 0.012624999999999999 0.016200000000000003
0 0.475625 0.6213000000000001 0.015525 0.01405
0 0.37205 0.4457 0.0191 0.02