0 0.51375 0.625 0.025 0.0275
0 0.57375 0.355 0.0275 0.0225
0 0.31125 0.81625 0.025 0.025
0 0.355 0.74125 0.0225 0.02
0 0.5125 0.51125 0.0175 0.0225
0 0.49375 0.5075 0.025 0.02
0 0.47625 0.49 0.025 0.025
0 0.5925 0.48625 0.02 0.0225
0 0.18875 0.86625 0.025 0.0225
0 0.23625 0.83125 0.025 0.0225
0 0.28125 0.9275 0.0225 0.02
0 0.58375 0.455 0.025 0.0225
0 0.27 0.91 0.02 0.0225
0 0.28875 0.82 0.0275 0.0275
0 0.05285 0.72625 0.020724999999999997 0.02535
0 0.59625 0.35125 0.02 0.02
0 0.24375 0.71625 0.02 0.02
0 0.66875 0.32375 0.0225 0.02
0 0.04125 0.27125 0.0225 0.0225
0 0.45875 0.4425 0.02 0.02
0 0.37875 0.48 0.0225 0.0225
0 0.22010000000000002 0.904475 0.016975 0.01965
0 0.21517499999999998 0.93035 0.017849999999999998 0.021425
0 0.016075 0.833925 0.017849999999999998 0.01965
0 0.34865 0.76115 0.01875 0.020525
0 0.16785 0.7875 0.01965 0.017849999999999998
0 0.0433 0.24955 0.022324999999999998 0.016975
0 0.14465 0.34509999999999996 0.023225 0.015175000000000001
0 0.36295 0.36295 0.016975 0.01875
0 0.36115 0.378125 0.01875 0.016975
0 0.360275 0.391525 0.016975 0.016975
0 0.7615999999999999 0.341975 0.01965 0.021425
0 0.572775 0.5115999999999999 0.016975 0.017849999999999998
0 0.545525 0.5049 0.01965 0.016975
0 0.572775 0.5584749999999999 0.020525 0.020525
0 0.5446500000000001 0.552225 0.01965 0.016975
0 0.4375 0.585275 0.016075 0.015175000000000001
0 0.5375 0.56965 0.017849999999999998 0.01965
0 0.465175 0.470975 0.021425 0.01875
0 0.37097499999999994 0.504475 0.022324999999999998 0.023225
0 0.570975 0.478125 0.022324999999999998 0.020525
0 0.216525 0.8736499999999999 0.0259 0.020525
0 0.0875 0.983475 0.01965 0.020525
0 0.6834749999999999 0.37545 0.01875 0.015175000000000001
0 0.690625 0.3576 0.01875 0.016975