0 0.98125 0.28875 0.02 0.0175
0 0.72125 0.6525 0.0225 0.0225
0 0.6325 0.31875 0.0225 0.0225
0 0.71375 0.895 0.0225 0.0225
0 0.6575 0.19375 0.0225 0.0225
0 0.6525 0.86375 0.0225 0.02
0 0.77375 0.04 0.02 0.02
0 0.4925 0.29375 0.0225 0.0225
0 0.14875 0.75625 0.025 0.0225
0 0.83 0.4925 0.0225 0.0225
0 0.71125 0.5925 0.0225 0.0225
0 0.855 0.6675 0.02 0.02
0 0.98625 0.11375 0.02 0.02
0 0.5125 0.61125 0.0225 0.0225
0 0.79875 0.08625 0.02 0.02
0 0.555 0.87875 0.02 0.02
0 0.0475 0.2225 0.0225 0.02
0 0.62375 0.2175 0.0225 0.02
0 0.6025 0.15625 0.02 0.02
0 0.765 0.12875 0.0225 0.0225
0 0.7025 0.56 0.02 0.0175
0 0.0225 0.1925 0.02 0.02
0 0.6393 0.703425 0.02 0.0225
0 0.52625 0.55 0.02 0.02
0 0.5825 0.72875 0.0225 0.02
0 0.4725 0.32375 0.02 0.0225
0 0.9125 0.68875 0.02 0.02
0 0.44125 0.93375 0.02 0.02
0 0.84875 0.090125 0.02 0.0175
0 0.74 0.06 0.0225 0.0225
0 0.74875 0.10625 0.02 0.02
0 0.88375 0.6475 0.0225 0.0225
0 0.66375 0.0125 0.02 0.0175
0 0.95375 0.13 0.02 0.02
0 0.595 0.5325 0.02 0.02
0 0.5625 0.33 0.0225 0.0225
0 0.7325 0.62875 0.02 0.02
0 0.9 0.4475 0.025 0.025
0 0.63125 0.53125 0.0225 0.0225
0 0.86375 0.0725 0.02 0.02
0 0.91875 0.165 0.02 0.02
0 0.2525 0.44125 0.025 0.0225
0 0.53125 0.40625 0.02 0.02
0 0.52625 0.81 0.0225 0.0225
0 0.82 0.40625 0.0225 0.02
0 0.6175 0.34125 0.02 0.02
0 0.21375 0.52625 0.0225 0.02
0 0.0425 0.2525 0.0225 0.02
0 0.59125 0.22375 0.02 0.0175
0 0.25125 0.98875 0.02 0.02
0 0.96875 0.325 0.02 0.02
0 0.66375 0.6775 0.02 0.02
0 0.80875 0.285 0.02 0.02
0 0.33 0.955 0.02 0.02
0 0.79375 0.86125 0.02 0.0175
0 0.8375 0.11375 0.02 0.0175
0 0.3725 0.555 0.02 0.02
0 0.33125 0.985 0.02 0.0175
0 0.17375 0.6825 0.0225 0.02
0 0.610525 0.575 0.0225 0.0225
0 0.53625 0.9025 0.0175 0.0175
0 0.69875 0.21 0.02 0.02
0 0.05 0.14625 0.02 0.02
0 0.74875 0.49375 0.02 0.02
0 0.1175 0.8025 0.02 0.02
0 0.74875 0.0775 0.025 0.02
0 0.435 0.5925 0.0175 0.0175