0 0.13375 0.61375 0.03 0.0275
0 0.0675 0.42375 0.0225 0.0275
0 0.115 0.4425 0.0225 0.02
0 0.095 0.30625 0.02 0.0225
0 0.795 0.21625 0.0275 0.0225
0 0.79 0.13875 0.0175 0.0225
0 0.755 0.1325 0.03 0.0275
0 0.7925 0.0525 0.025 0.025
0 0.615 0.05125 0.0275 0.0225
0 0.675 0.19875 0.02 0.0225
0 0.465 0.29375 0.02 0.02
0 0.03625 0.42125 0.015 0.0275
0 0.01375 0.42625 0.025 0.0225
0 0.13 0.54625 0.025 0.0225
0 0.6328499999999999 0.2138 0.0199 0.01925
0 0.58 0.00875 0.0275 0.0175
0 0.59 0.03 0.0175 0.0275
0 0.42125 0.1925 0.0225 0.03
0 0.97625 0.1575 0.035 0.025
0 0.92125 0.11625 0.0225 0.0225
0 0.85 0.06625 0.0225 0.0225
0 0.11375 0.775 0.0225 0.0175
0 0.17 0.79625 0.025 0.02
0 0.17875 0.8525 0.02 0.0225
0 0.55375 0.01125 0.0225 0.0225
0 0.5175 0.0075 0.0275 0.015
0 0.76625 0.28625 0.0225 0.0275
0 0.78125 0.32625 0.02 0.015
0 0.795 0.34 0.0125 0.0175
0 0.82875 0.32125 0.0175 0.0225
0 0.83125 0.215 0.015 0.0175
0 0.8425 0.21375 0.0125 0.0175
0 0.80875 0.36625 0.0175 0.015
0 0.05125 0.44 0.02 0.02