0 0.4425 0.38 0.0225 0.0225
0 0.4625 0.3675 0.02 0.02
0 0.7 0.45375 0.02 0.0175
0 0.82375 0.45375 0.02 0.0225
0 0.84875 0.4575 0.0175 0.015
0 0.68375 0.41 0.02 0.0225
0 0.7775 0.41375 0.0225 0.02
0 0.67 0.46875 0.025 0.03
0 0.86 0.4825 0.02 0.02
0 0.31 0.6325 0.0225 0.0225
0 0.31 0.66625 0.02 0.0175
0 0.38625 0.695 0.025 0.025
0 0.2517 0.77282 0.01907 0.02065
0 0.47 0.72625 0.02 0.02
0 0.78125 0.58125 0.02 0.0225
0 0.70625 0.5925 0.0175 0.0225
0 0.74875 0.65875 0.0275 0.0275
0 0.8214 0.66003 0.02 0.0225
0 0.9275 0.725 0.0225 0.0225
0 0.67375 0.605 0.02 0.015
0 0.54695 0.56298 0.02138 0.02042
0 0.85875 0.6575 0.02 0.0175
0 0.76167 0.63805 0.02665 0.0236
0 0.935 0.5375 0.0175 0.0175
0 0.69715 0.53232 0.02072 0.02035
0 0.64125 0.5725 0.0225 0.015
0 0.835 0.6275 0.025 0.025
0 0.65625 0.6225 0.0175 0.015
0 0.92 0.705 0.015 0.0175
0 0.62375 0.55125 0.02 0.02
0 0.6525 0.525 0.0225 0.0225
0 0.59875 0.62125 0.02 0.02
0 0.91375 0.66625 0.02 0.02
