0 0.29625 0.1125 0.0225 0.0225
0 0.35 0.06 0.0275 0.0275
0 0.35875 0.15875 0.0225 0.02
0 0.3075 0.18625 0.025 0.0225
0 0.31375 0.13875 0.0175 0.02
0 0.33125 0.155 0.0175 0.025
0 0.4425 0.09625 0.015 0.02
0 0.155 0.20875 0.0225 0.0225
0 0.34 0.115 0.02 0.02
0 0.385 0.1825 0.025 0.025
0 0.36 0.02625 0.02 0.02
0 0.6825 0.2125 0.025 0.0225
0 0.93875 0.41 0.015 0.02
0 0.79375 0.17125 0.0225 0.025
0 0.7775 0.205 0.0225 0.0225
0 0.565 0.1575 0.0275 0.025
0 0.815 0.4025 0.0175 0.02
0 0.73 0.20375 0.02 0.0225
0 0.20125 0.885 0.0225 0.0225
0 0.25875 0.53375 0.02 0.02
0 0.03 0.70192 0.0225 0.0225
0 0.8125 0.55875 0.0175 0.02
0 0.85 0.55375 0.0175 0.015
0 0.875 0.5425 0.0175 0.025
0 0.8375 0.57625 0.0225 0.02
0 0.82125 0.5875 0.0175 0.015
0 0.8225 0.7825 0.02 0.02
0 0.83 0.74625 0.0175 0.0225
0 0.94625 0.53125 0.015 0.0175
0 0.885 0.71625 0.02 0.02
