0 0.15 0.12875 0.02 0.025
0 0.10375 0.16625 0.0275 0.0275
0 0.0725 0.18625 0.025 0.03
0 0.165 0.41625 0.0225 0.02
0 0.17625 0.38625 0.0275 0.025
0 0.2175 0.41 0.0275 0.0275
0 0.11935 0.39588 0.02565 0.02487
0 0.08232 0.11483 0.02003 0.01895
0 0.29483 0.92625 0.02393 0.02715
0 0.2866 0.74517 0.025 0.02608
0 0.3149 0.71115 0.02232 0.02232
0 0.34625 0.82178 0.02643 0.02215
0 0.3875 0.83375 0.0225 0.02
0 0.49643 0.93847 0.02215 0.02232
0 0.46858 0.93072 0.02215 0.02142
0 0.5325 0.825 0.025 0.0225
0 0.12205 0.75233 0.02125 0.02357
0 0.065 0.81125 0.025 0.025
0 0.5625 0.86625 0.0225 0.0225
0 0.43125 0.87375 0.025 0.0225
0 0.35965 0.7925 0.025 0.025
0 0.04285 0.8009 0.01965 0.01785
