0 0.13625 0.47875 0.025 0.0225
0 0.06875 0.45125 0.0275 0.0275
0 0.26375 0.4075 0.0225 0.0225
0 0.06375 0.3925 0.0225 0.0225
0 0.445 0.53875 0.025 0.025
0 0.85625 0.20375 0.0225 0.02
0 0.83625 0.3 0.0175 0.0175
0 0.8275 0.26625 0.025 0.0225
0 0.66125 0.66125 0.02 0.02
0 0.76875 0.78875 0.0175 0.015
0 0.7925 0.08125 0.02 0.02
0 0.53 0.5975 0.025 0.0225
0 0.635 0.7275 0.0225 0.0225
0 0.98 0.52875 0.0175 0.0175
0 0.9 0.12875 0.0225 0.02
0 0.6 0.9325 0.0225 0.0225
0 0.62625 0.69625 0.0225 0.02
0 0.67955 0.64285 0.0225 0.02875
0 0.80825 0.77482 0.02317 0.02053
