0 0.31 0.04125 0.0275 0.0225
0 0.34 0.065 0.02 0.0225
0 0.35375 0.05375 0.0175 0.0175
0 0.35375 0.02875 0.0225 0.0225
0 0.335 0.01 0.0225 0.015
0 0.405 0.01 0.0225 0.015
0 0.4 0.0775 0.0225 0.02
0 0.37625 0.1125 0.0175 0.02
0 0.43 0.1 0.02 0.0175
0 0.46875 0.11 0.03 0.025
0 0.47125 0.0225 0.0175 0.02
0 0.45875 0.1525 0.0225 0.02
0 0.48625 0.145 0.02 0.0175
0 0.5125 0.15375 0.0225 0.02
0 0.48625 0.06125 0.0175 0.0175
0 0.51 0.07 0.02 0.02
0 0.575 0.14875 0.0225 0.0225
0 0.5575 0.12625 0.025 0.0275
0 0.57 0.0925 0.0225 0.0175
0 0.69625 0.04875 0.02 0.0225
0 0.7375 0.07375 0.0175 0.0175
0 0.6875 0.32625 0.0225 0.0225
0 0.62875 0.35625 0.0275 0.025
0 0.67375 0.35125 0.02 0.02
0 0.69 0.4325 0.02 0.0175
0 0.52875 0.22 0.0225 0.0175
0 0.47 0.24375 0.0175 0.0175
0 0.1075 0.22 0.02 0.02
0 0.16125 0.2275 0.0225 0.0225
0 0.15125 0.2425 0.0225 0.0225
0 0.01375 0.3875 0.0225 0.0225
0 0.02125 0.37125 0.02 0.02
0 0.0325 0.35 0.025 0.025
0 0.26 0.39375 0.02 0.0175
0 0.27625 0.38 0.03 0.0225
0 0.27625 0.43625 0.02 0.02
0 0.0325 0.62375 0.02 0.0225
0 0.02375 0.6425 0.02 0.0175
0 0.09 0.7125 0.0275 0.0225
0 0.0725 0.73625 0.0175 0.02
0 0.2075 0.68375 0.02 0.02
0 0.23125 0.63875 0.0225 0.0175
0 0.27125 0.6825 0.025 0.0225
0 0.3325 0.74375 0.025 0.025
0 0.16875 0.8025 0.0225 0.0225
0 0.37625 0.82375 0.0225 0.0175
0 0.43 0.875 0.02 0.025
0 0.72375 0.9625 0.025 0.02
0 0.66125 0.52625 0.02 0.0225
0 0.66 0.54625 0.02 0.02
0 0.5675 0.775 0.02 0.0225
0 0.61375 0.79125 0.0225 0.02
0 0.655 0.78875 0.02 0.0225
0 0.715 0.86875 0.025 0.0225
0 0.54 0.17875 0.025 0.0225
0 0.4225 0.20375 0.025 0.025
0 0.6028 0.305 0.0225 0.0225
0 0.547475 0.417525 0.02 0.02
0 0.1475 0.67375 0.025 0.025
0 0.025 0.83125 0.025 0.025
0 0.58 0.3425 0.025 0.0225
0 0.475 0.9225 0.025 0.0225
0 0.35 0.96375 0.0225 0.02
0 0.74875 0.86125 0.0225 0.0225
0 0.24125 0.84375 0.02 0.02
0 0.29625 0.915 0.02 0.02
0 0.1475 0.705 0.02 0.02
0 0.21125 0.71375 0.02 0.02
0 0.02 0.43625 0.0275 0.025
0 0.715 0.92625 0.02 0.02
0 0.13875 0.77 0.0275 0.0275
0 0.075 0.86625 0.02 0.02
0 0.23125 0.8125 0.02 0.02
0 0.88 0.0825 0.0225 0.0225
0 0.7975 0.78375 0.0225 0.0225
0 0.63375 0.32 0.0225 0.0225
0 0.1 0.8525 0.02 0.02
0 0.2325 0.66875 0.02 0.02
0 0.51125 0.255 0.0225 0.0225
0 0.55 0.54 0.025 0.025
0 0.58375 0.4425 0.02 0.02
0 0.65625 0.8925 0.0225 0.02
0 0.77125 0.26625 0.0225 0.0225
0 0.63 0.2375 0.0225 0.0225
0 0.03 0.7575 0.0275 0.0275
0 0.64625 0.48625 0.02 0.02
0 0.3025 0.87125 0.02 0.02
0 0.4 0.7572 0.02 0.02
0 0.7425 0.9425 0.02 0.02
0 0.045 0.79375 0.0225 0.02
0 0.3025 0.41875 0.02 0.02
0 0.0375 0.3775 0.0225 0.02
0 0.5775 0.205 0.0225 0.0225
0 0.0875 0.46875 0.02 0.0175
0 0.69875 0.36125 0.0225 0.02
0 0.6925 0.90875 0.0225 0.02
0 0.29 0.16125 0.02 0.02
0 0.5225 0.76875 0.02 0.02
0 0.5775 0.97625 0.0175 0.0175
0 0.14125 0.72875 0.02 0.02
0 0.71875 0.36375 0.0225 0.0225