0 0.18837 0.38493 0.02175 0.02487
0 0.07625 0.41125 0.0225 0.0175
0 0.8925 0.305 0.02 0.0225
0 0.71625 0.2725 0.02 0.02
0 0.7425 0.355 0.0225 0.02
0 0.9625 0.2025 0.0225 0.02
0 0.58 0.24875 0.025 0.025
0 0.3525 0.2525 0.02 0.0175
0 0.765 0.3125 0.02 0.02
0 0.10625 0.46125 0.02 0.02
0 0.77875 0.2575 0.02 0.02
0 0.52 0.33625 0.0225 0.0225
0 0.2675 0.735 0.0175 0.0175
0 0.28 0.70625 0.02 0.02
0 0.05 0.61125 0.0275 0.02
0 0.25875 0.65125 0.02 0.0225
0 0.095 0.57125 0.02 0.02
0 0.7475 0.655 0.0225 0.02
0 0.0725 0.59375 0.02 0.02
0 0.30625 0.74125 0.02 0.0175
0 0.02625 0.63375 0.02 0.02
0 0.21375 0.67375 0.02 0.02
0 0.03375 0.7025 0.0175 0.0175
0 0.77625 0.7625 0.025 0.025
0 0.345 0.78125 0.0175 0.0175
0 0.35625 0.7875 0.02 0.02
