0 0.28125 0.595 0.0175 0.02
0 0.24875 0.64875 0.0225 0.0225
0 0.2325 0.39 0.0275 0.035
0 0.3425 0.40375 0.0225 0.0275
0 0.41125 0.34125 0.0225 0.02
0 0.1625 0.70375 0.025 0.02
0 0.16125 0.85 0.02 0.0225
0 0.275 0.49625 0.0225 0.02
0 0.3725 0.27 0.025 0.025
0 0.38625 0.21125 0.02 0.015
0 0.37125 0.18125 0.0225 0.0175
0 0.43125 0.11125 0.0225 0.0225
0 0.2175 0.3325 0.025 0.025
0 0.295 0.4025 0.025 0.0225
0 0.395 0.24125 0.0175 0.0225
0 0.41375 0.11625 0.0225 0.0275
0 0.42 0.07875 0.02 0.0225
0 0.3975 0.08125 0.02 0.02
0 0.18 0.6625 0.0175 0.025
0 0.23875 0.59875 0.0175 0.0175
0 0.245 0.55875 0.0225 0.0275
0 0.3925 0.1225 0.02 0.02
0 0.39375 0.265 0.0175 0.02
0 0.41125 0.24 0.02 0.0175
0 0.33875 0.595 0.0225 0.0225
0 0.21375 0.65125 0.015 0.0175
0 0.4575 0.3375 0.0175 0.0175
0 0.455 0.1275 0.0225 0.0175
0 0.48625 0.71375 0.0225 0.0275
0 0.33672 0.5945 0.0225 0.0225
0 0.16375 0.53125 0.0225 0.02
0 0.29375 0.36375 0.0225 0.0225
0 0.30875 0.3825 0.0225 0.0225
0 0.1125 0.97375 0.02 0.0175
0 0.11125 0.59875 0.025 0.0225
0 0.2875 0.66125 0.0175 0.0175
0 0.5575 0.7775 0.025 0.02
0 0.86375 0.95125 0.02 0.0175
0 0.82875 0.03625 0.0225 0.0175
0 0.9425 0.85125 0.02 0.0125
