0 0.8825 0.1625 0.0225 0.025
0 0.6225 0.05125 0.0225 0.02
0 0.49125 0.1825 0.0275 0.02
0 0.02375 0.41625 0.0225 0.0225
0 0.9034 0.1675 0.0225 0.0225
0 0.87 0.0425 0.02 0.02
0 0.64 0.12 0.0225 0.0225
0 0.94715 0.19625 0.0225 0.0225
0 0.19 0.2825 0.0225 0.02
0 0.04625 0.4375 0.0225 0.0225
0 0.8125 0.1075 0.02 0.02
0 0.16875 0.13125 0.0175 0.0175
0 0.65125 0.1825 0.0175 0.0175
0 0.4275 0.665 0.025 0.0175
0 0.0875 0.7475 0.02 0.02
0 0.36625 0.755 0.025 0.015
0 0.33375 0.83125 0.025 0.0225
0 0.35625 0.785 0.0175 0.0175
0 0.6025 0.87375 0.0225 0.025
0 0.9275 0.95 0.025 0.025
0 0.09875 0.80625 0.0225 0.03
0 0.40625 0.8925 0.025 0.025
0 0.8325 0.92 0.015 0.015
0 0.04625 0.88875 0.0175 0.015
0 0.3925 0.805 0.02 0.02
0 0.06 0.79125 0.02 0.02
