0 0.46375 0.37125 0.02 0.02
0 0.66185 0.29497 0.0222 0.02385
0 0.66263 0.26638 0.02255 0.02278
0 0.76585 0.19722 0.02 0.02
0 0.72815 0.4077 0.02595 0.01897
0 0.27427 0.05707 0.02 0.0195
0 0.73013 0.44675 0.02278 0.0167
0 0.82435 0.428 0.01657 0.0167
0 0.6656 0.37585 0.0205 0.02132
0 0.76043 0.33822 0.0137 0.01215
0 0.7709 0.34097 0.0189 0.02123
0 0.26125 0.74875 0.025 0.02
0 0.05875 0.65 0.015 0.0175
0 0.37 0.78625 0.02 0.02
0 0.635 0.5425 0.03 0.02
0 0.68375 0.53125 0.0225 0.0225
0 0.37 0.78625 0.02 0.02
