0 0.17375 0.7275 0.025 0.02
0 0.26375 0.8775 0.03 0.0225
0 0.3325 0.7875 0.0175 0.0175
0 0.37 0.76375 0.025 0.03
0 0.285 0.79 0.02 0.0225
0 0.27125 0.8125 0.0175 0.02
0 0.20875 0.94375 0.0225 0.0175
0 0.21375 0.91875 0.025 0.0125
0 0.43875 0.88375 0.03 0.0275
0 0.41 0.91625 0.02 0.025
0 0.17625 0.8825 0.0225 0.0225
0 0.33875 0.80875 0.0225 0.0225
0 0.20625 0.7075 0.02 0.02
0 0.26125 0.85375 0.025 0.0225
0 0.23 0.85125 0.02 0.0175
0 0.19375 0.88625 0.02 0.02
0 0.24625 0.7475 0.02 0.02
0 0.255 0.90375 0.02 0.02
0 0.39353 0.94217 0.02065 0.0239
0 0.35528 0.9682 0.02342 0.02342
0 0.1807 0.9546 0.0189 0.03087
0 0.22565 0.63062 0.02643 0.03227
