0 0.4925 0.135 0.0275 0.0275
0 0.5425 0.105 0.0225 0.0175
0 0.41625 0.145 0.02 0.0175
0 0.42625 0.1675 0.02 0.02
0 0.515 0.03625 0.0225 0.0225
0 0.47875 0.0925 0.02 0.02
0 0.4575 0.17 0.0225 0.0225
0 0.18625 0.27 0.025 0.0225
0 0.62625 0.0275 0.0225 0.02
0 0.655 0.06 0.0275 0.02
0 0.47625 0.65 0.025 0.0225
0 0.2625 0.505 0.0225 0.0225
0 0.7025 0.48375 0.0225 0.02
0 0.7325 0.49625 0.0225 0.0175
0 0.755 0.50875 0.0175 0.0175
0 0.68 0.81875 0.0225 0.02
0 0.76125 0.7225 0.0175 0.0225
0 0.785 0.7675 0.0175 0.0225
0 0.895 0.13625 0.02 0.0275
0 0.11875 0.27 0.025 0.025
0 0.755 0.29625 0.02 0.02
0 0.70125 0.76375 0.0225 0.0225
0 0.78625 0.2825 0.02 0.02
0 0.72875 0.62 0.02 0.02
0 0.71625 0.7975 0.0225 0.0225
0 0.65 0.45 0.0225 0.0225
0 0.855 0.7475 0.0225 0.0225
0 0.7775 0.7325 0.0225 0.0225
0 0.26625 0.075 0.0275 0.025
0 0.8275 0.275 0.0225 0.02
0 0.81375 0.76 0.0225 0.0225
0 0.83375 0.76375 0.0225 0.02
0 0.74 0.7975 0.0225 0.02
0 0.17625 0.19 0.025 0.0225
0 0.85 0.18375 0.02 0.02
0 0.835 0.68 0.0225 0.0225
0 0.2325 0.14875 0.0225 0.02
0 0.6623 0.61075 0.027875 0.028925
0 0.20925000000000002 0.264475 0.028025 0.023875
0 0.19622499999999998 0.1285 0.024900000000000002 0.02275