0 0.51125 0.8625 0.0225 0.0175
0 0.53215 0.875625 0.018225 0.015175000000000001
0 0.61 0.96 0.0225 0.0225
0 0.72125 0.97875 0.02 0.0175
0 0.93125 0.89875 0.025 0.02
0 0.1816 0.6883 0.023925000000000002 0.027325
0 0.7277750000000001 0.817775 0.023025000000000004 0.023025000000000004
0 0.5210750000000001 0.88125 0.016075 0.016075
0 0.9111499999999999 0.8692 0.020525 0.01875
0 0.55045 0.809825 0.015175000000000001 0.01965
0 0.073225 0.6696500000000001 0.021425 0.021425
0 0.083925 0.6923999999999999 0.01965 0.0241
0 0.5897249999999999 0.93125 0.016975 0.021425
0 0.022324999999999998 0.9259000000000001 0.01965 0.021425
0 0.133475 0.758925 0.016975 0.017849999999999998
0 0.13705 0.740625 0.016975 0.020525
0 0.929025 0.92545 0.022324999999999998 0.022324999999999998