0 0.0675 0.18625 0.02 0.015
0 0.07 0.20375 0.02 0.015
0 0.06375 0.2275 0.02 0.02
0 0.185 0.3425 0.0175 0.0225
0 0.17375 0.38875 0.02 0.0225
0 0.065 0.18625 0.02 0.02
0 0.3625 0.05875 0.0225 0.02
0 0.4575 0.385 0.025 0.025
0 0.15125 0.285 0.02 0.02
0 0.3375 0.1725 0.02 0.02
0 0.42453 0.37255 0.0187 0.02368
0 0.83375 0.05875 0.02 0.0175
0 0.945 0.155 0.02 0.02
0 0.89575 0.03665 0.01742 0.01795
0 0.54955 0.48505 0.01873 0.02542
0 0.4175 0.55 0.025 0.025
0 0.09 0.86875 0.02 0.02
0 0.4323 0.5076 0.01635 0.01518
0 0.4584 0.5067 0.02035 0.0134
0 0.69125 0.61375 0.025 0.0225
0 0.66267 0.5857 0.02033 0.0214
0 0.7075 0.6725 0.0225 0.0175
0 0.7075 0.9025 0.0275 0.02
0 0.77875 0.8525 0.0225 0.0225
0 0.77 0.8225 0.0175 0.02
0 0.76125 0.77125 0.0225 0.02
0 0.80875 0.76125 0.02 0.0175
0 0.64538 0.76405 0.02587 0.02365
0 0.72375 0.62 0.025 0.02
0 0.7643 0.54082 0.02148 0.02305
0 0.80375 0.81625 0.0275 0.0225
0 0.91125 0.96375 0.025 0.0225
0 0.81125 0.91375 0.0175 0.015
0 0.67875 0.69 0.02 0.0225
0 0.64 0.66625 0.0175 0.02
0 0.73 0.64 0.025 0.0225
0 0.796 0.74058 0.01798 0.01865
0 0.65707 0.5547 0.02668 0.0256
0 0.8975 0.6375 0.0225 0.0225
0 0.5375 0.60125 0.0225 0.02
0 0.84625 0.69625 0.02 0.02
0 0.8525 0.64125 0.02 0.02
0 0.52035 0.64775 0.0157 0.01873
0 0.52045 0.57733 0.01588 0.01712
0 0.56575 0.5477 0.0154 0.01685
0 0.78082 0.69507 0.02235 0.02053
0 0.79788 0.6655 0.0154 0.0167
0 0.8054 0.6519 0.01438 0.0163
0 0.54803 0.6265 0.01745 0.01727
0 0.5867 0.6057 0.01448 0.01675
0 0.58597 0.58223 0.0148 0.01448
0 0.62752 0.67508 0.01758 0.01802
0 0.7279 0.74285 0.0183 0.01965
0 0.75157 0.72795 0.01565 0.01663
0 0.72925 0.79723 0.01742 0.02123
0 0.86977 0.64338 0.01937 0.01503
0 0.71395 0.72953 0.01895 0.01798
0 0.9052 0.71933 0.0211 0.01545
0 0.75198 0.7977 0.02103 0.0153
