0 0.75 0.20625 0.0225 0.0175
0 0.19375 0.4425 0.0225 0.0225
0 0.23875 0.48375 0.0225 0.02
0 0.9125 0.30375 0.025 0.0175
0 0.16875 0.2025 0.025 0.02
0 0.9675 0.13 0.0225 0.0175
0 0.79705 0.35125 0.02 0.02
0 0.75625 0.14125 0.02 0.02
0 0.19 0.19625 0.0225 0.0225
0 0.3925 0.5725 0.0225 0.0275
0 0.23625 0.63375 0.02 0.025
0 0.1475 0.64375 0.0275 0.0175
0 0.63125 0.6475 0.015 0.02
0 0.49 0.665 0.02 0.0225
0 0.31 0.675 0.02 0.02
0 0.45125 0.6775 0.0175 0.02
0 0.715 0.68375 0.015 0.02
0 0.485 0.69625 0.0175 0.0225
0 0.5425 0.71 0.0175 0.0275
0 0.52125 0.71375 0.0175 0.02
0 0.965 0.7425 0.015 0.025
0 0.27125 0.7675 0.02 0.025
0 0.74 0.7775 0.0175 0.0225
0 0.62625 0.79875 0.0225 0.02
0 0.7525 0.80875 0.0175 0.025
0 0.83625 0.81 0.015 0.0225
0 0.4425 0.8625 0.025 0.0275
0 0.48 0.925 0.0275 0.025
0 0.57125 0.93625 0.02 0.015
0 0.87625 0.93625 0.0225 0.0225
0 0.83875 0.58625 0.03 0.0275
0 0.72 0.97125 0.015 0.0175
0 0.775 0.795 0.0125 0.0175
0 0.43625 0.70375 0.0175 0.0175
0 0.94125 0.73625 0.025 0.0225
0 0.2175 0.58 0.0175 0.02
0 0.02625 0.93375 0.02 0.0225
0 0.28875 0.97625 0.0225 0.02
0 0.66375 0.78375 0.025 0.025
0 0.7025 0.76875 0.02 0.02
0 0.34125 0.615 0.02 0.02
0 0.08 0.66375 0.0225 0.02
0 0.30125 0.74125 0.0225 0.0225
0 0.44 0.735 0.0175 0.0175
0 0.76125 0.69125 0.0225 0.0225
0 0.85375 0.62875 0.0225 0.0225
0 0.115 0.81 0.0225 0.0225
0 0.9675 0.69625 0.0175 0.0175
