0 0.9575 0.885 0.02 0.015
0 0.94625 0.8475 0.0225 0.02
0 0.96375 0.9075 0.0175 0.02
0 0.79125 0.865 0.025 0.02
0 0.795 0.83875 0.015 0.02
0 0.9175 0.985 0.0225 0.0225
0 0.97 0.99375 0.03 0.0125
0 0.2925 0.5075 0.0225 0.0275
0 0.25 0.5125 0.0275 0.025
0 0.66 0.5025 0.02 0.0225
0 0.1425 0.5525 0.02 0.02
0 0.19375 0.535 0.0175 0.0175
0 0.695 0.38875 0.0225 0.02
0 0.65125 0.55 0.0225 0.02
0 0.052474999999999994 0.5832 0.015674999999999998 0.016399999999999998
0 0.08137499999999999 0.584775 0.0181 0.015975
0 0.093975 0.50505 0.018275 0.0226