0 0.8125 0.61375 0.0275 0.03
0 0.925 0.39 0.02 0.0225
0 0.95125 0.36875 0.025 0.0225
0 0.8775 0.08875 0.0175 0.0225
0 0.88375 0.62 0.0225 0.02
0 0.83125 0.36125 0.0275 0.02
0 0.9425 0.285 0.0225 0.02
0 0.79375 0.6425 0.02 0.025
0 0.0625 0.26625 0.02 0.02
0 0.81625 0.25625 0.0225 0.02
0 0.98375 0.3075 0.025 0.025
0 0.87875 0.02375 0.02 0.02
0 0.87 0.0425 0.015 0.0175
0 0.98375 0.37875 0.02 0.02
0 0.93625 0.4225 0.02 0.0175
0 0.78625 0.40125 0.02 0.0225
0 0.79875 0.38 0.0175 0.025
0 0.76875 0.37125 0.025 0.0275
0 0.82875 0.2975 0.0175 0.0225
0 0.88125 0.30625 0.02 0.0225
0 0.86875 0.2825 0.0175 0.02
0 0.03875 0.29625 0.0225 0.02
0 0.1525 0.205 0.0225 0.0225
0 0.06625 0.65125 0.025 0.025
0 0.70125 0.5625 0.0175 0.0175
0 0.90625 0.46 0.02 0.02
0 0.68375 0.34625 0.02 0.02
0 0.9225 0.25625 0.025 0.025
0 0.895 0.2025 0.0225 0.0225
0 0.07875 0.37875 0.0225 0.0225
0 0.16125 0.7025 0.02 0.02
0 0.90125 0.05 0.02 0.02
0 0.805 0.70875 0.02 0.02