0 0.19125 0.11375 0.025 0.0225
0 0.162675 0.0857 0.020325000000000003 0.021400000000000002
0 0.2075 0.1725 0.0225 0.0175
0 0.2075 0.4025 0.0275 0.02
0 0.3275 0.56375 0.02 0.02
0 0.31125 0.58375 0.0175 0.0175
0 0.33875 0.5775 0.0175 0.02
0 0.9671 0.287275 0.019325000000000002 0.0241
0 0.33 0.6125 0.0175 0.0175
0 0.27875 0.3525 0.0225 0.0225
0 0.27 0.3225 0.0175 0.02
0 0.26125 0.27125 0.0225 0.02
0 0.30875 0.26125 0.02 0.0175
0 0.915 0.105 0.0175 0.02
0 0.90375 0.1525 0.0125 0.015
0 0.145375 0.26405 0.025875 0.02365
0 0.22375 0.12 0.025 0.02
0 0.40375 0.7325 0.0225 0.0225
0 0.2643 0.04082499999999999 0.021475 0.02305
0 0.59625 0.0725 0.02 0.0225
0 0.8475 0.18875 0.0225 0.0225
0 0.30375 0.31625 0.0275 0.0225
0 0.435 0.615 0.02 0.02
0 0.392825 0.47950000000000004 0.025 0.0245
0 0.41125 0.46375 0.025 0.0225
0 0.31125 0.41375 0.0175 0.015
0 0.17875 0.19 0.02 0.0225
0 0.14 0.16625 0.0175 0.02
0 0.23 0.14 0.025 0.0225
0 0.92 0.12625 0.02 0.02
0 0.87625 0.1525 0.0175 0.0225
0 0.29600000000000004 0.240575 0.017975 0.01865
0 0.157075 0.0547 0.026675 0.0256
0 0.3975 0.1375 0.0225 0.0225
0 0.0375 0.10125 0.0225 0.02
0 0.52 0.1175 0.0225 0.0225
0 0.57625 0.0825 0.0225 0.0225
0 0.755825 0.831675 0.0225 0.0225
0 0.9025 0.2475 0.0225 0.0225
0 0.34625 0.19625 0.02 0.02
0 0.3525 0.14125 0.02 0.02
0 0.8325 0.1025 0.0225 0.0225
0 0.02035 0.14775 0.015700000000000002 0.018725000000000002
0 0.02045 0.077325 0.015875 0.017124999999999998
0 0.06575 0.04769999999999999 0.0154 0.01685
0 0.280825 0.195075 0.02235 0.020525
0 0.297875 0.1655 0.0154 0.0167
0 0.3054 0.1519 0.014375 0.0163
0 0.537125 0.07919999999999999 0.015300000000000001 0.015525
0 0.54015 0.09880000000000001 0.019675 0.01845
0 0.604375 0.04605000000000001 0.017675 0.0189
0 0.6437999999999999 0.024550000000000002 0.01795 0.01675
0 0.6694 0.028075000000000003 0.015575 0.015075
0 0.62895 0.0641 0.015025 0.013925
0 0.522425 0.148025 0.0127 0.017475
0 0.6321 0.13185 0.019575 0.0155
0 0.7737999999999999 0.027425 0.0137 0.01735
0 0.048025000000000005 0.1265 0.01745 0.017275
0 0.0867 0.1057 0.014475 0.01675
0 0.085975 0.082225 0.0148 0.014475
0 0.31765 0.5022249999999999 0.01565 0.018725000000000002
0 0.328675 0.484375 0.01805 0.01695
0 0.127525 0.175075 0.017575 0.018025
0 0.2279 0.24285 0.0183 0.01965
0 0.251575 0.22795 0.01565 0.016625
0 0.22925 0.297225 0.017425 0.021225
0 0.36977499999999996 0.143375 0.019375 0.015025
0 0.991975 0.265225 0.016075 0.01975
0 0.631675 0.50855 0.018725000000000002 0.0189
0 0.35085 0.615225 0.021525 0.01955
0 0.9576250000000001 0.1447 0.015224999999999999 0.016200000000000003
0 0.517625 0.137025 0.0174 0.013325
0 0.21395 0.229525 0.01895 0.017975
0 0.4052 0.21932500000000002 0.021099999999999997 0.015449999999999998
0 0.251975 0.2977 0.021025000000000002 0.015300000000000001
0 0.3123 0.605625 0.021025000000000002 0.021974999999999998
0 0.33735 0.666275 0.01755 0.0165
0 0.2486 0.5991 0.01685 0.019625
0 0.934375 0.61835 0.0152 0.01705
0 0.8277 0.7762 0.014325000000000001 0.018500000000000003