0 0.475 0.27875 0.03 0.0275
0 0.5225 0.48875 0.0225 0.03
0 0.55 0.48625 0.03 0.0225
0 0.265 0.81375 0.025 0.025
0 0.24375 0.84375 0.025 0.025
0 0.81625 0.7625 0.02 0.025
0 0.52375 0.8825 0.025 0.0225
0 0.96375 0.355 0.02 0.0225
0 0.66125 0.275 0.02 0.02
0 0.62125 0.05 0.03 0.0275
0 0.11875 0.1525 0.02 0.0225
0 0.64375 0.62125 0.0325 0.0225
0 0.67125 0.5 0.025 0.0225
0 0.87375 0.455 0.02 0.02
0 0.7475 0.91625 0.0175 0.0175
0 0.92625 0.48125 0.0275 0.0275
0 0.9425 0.27125 0.0175 0.0225
0 0.5525 0.10125 0.0225 0.0225
0 0.30875 0.92875 0.015 0.0175
0 0.12875 0.925 0.0225 0.015
0 0.12125 0.96125 0.0225 0.02
0 0.83625 0.665 0.0225 0.0225
0 0.97375 0.5825 0.0325 0.0325
0 0.6825 0.19875 0.0175 0.02
0 0.2525 0.9475 0.02 0.015
0 0.19 0.3925 0.02 0.02
0 0.61625 0.01125 0.0225 0.0175
0 0.05375 0.03 0.0175 0.025