0 0.16625 0.07 0.025 0.03
0 0.26375 0.03 0.02 0.025
0 0.285 0.03875 0.015 0.015
0 0.3 0.04875 0.0225 0.0225
0 0.4475 0.06625 0.0225 0.0275
0 0.31125 0.03 0.02 0.015
0 0.09875 0.06625 0.02 0.0225
0 0.38625 0.275 0.0225 0.02
0 0.37125 0.4775 0.025 0.025
0 0.33875 0.48625 0.0225 0.0225
0 0.15125 0.2758 0.0225 0.0225
0 0.33 0.2725 0.02 0.0175
0 0.865 0.20625 0.0275 0.025
0 0.57625 0.08375 0.02 0.02
0 0.82125 0.07625 0.02 0.02
0 0.85125 0.06375 0.025 0.02
0 0.7075 0.155 0.02 0.02
0 0.67125 0.18 0.0175 0.0175
0 0.55875 0.2875 0.02 0.02
0 0.5307 0.23603 0.0261 0.01953
0 0.935 0.36375 0.0225 0.0225
0 0.715 0.3725 0.0225 0.02
0 0.5475 0.06375 0.02 0.0175
0 0.85875 0.12375 0.0175 0.0175
0 0.75625 0.23625 0.0225 0.0175
0 0.955 0.17875 0.02 0.02
0 0.975 0.165 0.0175 0.015
0 0.07625 0.9525 0.0175 0.02
0 0.29125 0.63125 0.0225 0.0225
0 0.2075 0.8 0.02 0.02
0 0.22657 0.835 0.0175 0.0175
0 0.485 0.62875 0.02 0.02
0 0.08657 0.81625 0.02 0.02
0 0.75375 0.66125 0.025 0.025
0 0.825 0.5975 0.0275 0.0175
0 0.91875 0.965 0.015 0.0175
0 0.94875 0.9375 0.02 0.02
0 0.55125 0.56375 0.0225 0.0225
