0 0.03375 0.86875 0.0225 0.02
0 0.15625 0.95125 0.0175 0.02
0 0.17375 0.93125 0.025 0.025
0 0.13625 0.59125 0.0225 0.015
0 0.055 0.4575 0.02 0.0225
0 0.23625 0.61375 0.0275 0.0275
0 0.47875 0.61875 0.0225 0.0225
0 0.03125 0.02875 0.02 0.02
0 0.34875 0.34625 0.0225 0.0225
0 0.085 0.43125 0.02 0.02
0 0.6275 0.70375 0.02 0.0225
0 0.62875 0.405 0.0225 0.0175
0 0.69875 0.4025 0.025 0.0325
0 0.72625 0.4225 0.015 0.0225
0 0.57375 0.6 0.0175 0.0225
0 0.51375 0.7425 0.02 0.0325
0 0.68 0.16375 0.0225 0.0275
0 0.6775 0.7375 0.02 0.025
0 0.69125 0.23875 0.0175 0.0225
0 0.79375 0.2475 0.02 0.025
