0 0.60625 0.56125 0.0275 0.0225
0 0.5975 0.50625 0.0225 0.0275
0 0.30875 0.285 0.0225 0.0225
0 0.27875 0.25 0.02 0.0225
0 0.2525 0.24125 0.0275 0.025
0 0.3525 0.14875 0.0225 0.0225
0 0.16875 0.6025 0.02 0.02
0 0.16375 0.555 0.0225 0.02
0 0.145 0.93875 0.0275 0.02
0 0.13875 0.9125 0.02 0.02
0 0.12 0.89125 0.0175 0.02
0 0.1875 0.8575 0.02 0.02
0 0.7825 0.74375 0.025 0.0175
0 0.86625 0.71 0.025 0.015
0 0.88625 0.72 0.015 0.015
0 0.505 0.41875 0.02 0.02
0 0.5125 0.44375 0.02 0.0225
0 0.64375 0.5025 0.0175 0.0175
0 0.9575 0.84875 0.02 0.0175
0 0.8175 0.9225 0.02 0.0225
0 0.245 0.54 0.0175 0.02
0 0.2475 0.57 0.02 0.0175
0 0.785 0.35125 0.02 0.02
0 0.815 0.595 0.02 0.0175
0 0.2725 0.13375 0.0175 0.0175
0 0.31875 0.0975 0.02 0.02
0 0.3025 0.11 0.02 0.0175
0 0.37875 0.3225 0.02 0.0175
0 0.17 0.75375 0.02 0.0225
0 0.5325 0.56875 0.0225 0.015
0 0.21 0.94375 0.0225 0.0225
0 0.875 0.39375 0.0225 0.02
0 0.87125 0.41875 0.02 0.0175
0 0.5275 0.1225 0.025 0.0175
0 0.79375 0.81375 0.02 0.0175
0 0.7825 0.83 0.02 0.0175
0 0.42375 0.40625 0.0225 0.015
0 0.17625 0.95375 0.02 0.0225
0 0.7275 0.72625 0.0175 0.02
0 0.76625 0.8025 0.0225 0.0175
0 0.59625 0.64375 0.01 0.015
0 0.57875 0.645 0.0125 0.0175
0 0.34125 0.08125 0.0175 0.0175
0 0.45 0.3875 0.0225 0.0175
0 0.8475 0.31 0.0175 0.0225
0 0.8225 0.28875 0.02 0.02
0 0.0175 0.655 0.0225 0.0275
0 0.3875 0.57875 0.0175 0.02
0 0.755 0.58625 0.02 0.02
0 0.225 0.15625 0.0175 0.02
0 0.23 0.13 0.015 0.0175
0 0.49 0.15125 0.0175 0.0225
0 0.50875 0.15375 0.015 0.0175
0 0.0675 0.93625 0.025 0.02
0 0.135 0.9675 0.02 0.02
0 0.17375 0.98625 0.0225 0.0175
0 0.6025 0.18125 0.0175 0.02
0 0.98375 0.7925 0.0225 0.0225
0 0.44125 0.32375 0.015 0.015
0 0.4775 0.285 0.0225 0.0175
0 0.84625 0.02625 0.0175 0.0175
0 0.85 0.66125 0.0225 0.025
0 0.98125 0.93625 0.0225 0.0175
0 0.9625 0.975 0.02 0.0175
0 0.1675 0.88375 0.0225 0.0125
0 0.20625 0.62375 0.0175 0.025
0 0.2825 0.215 0.02 0.0175
0 0.64875 0.42 0.02 0.0175
0 0.56875 0.56625 0.0225 0.0175
0 0.5674750000000001 0.5816250000000001 0.01745 0.015725
0 0.3575 0.09625 0.025 0.0175
0 0.15 0.37 0.0225 0.0225
0 0.11125 0.94875 0.0275 0.025
0 0.11875 0.96625 0.02 0.0175