0 0.675 0.425 0.03 0.0175
0 0.66875 0.395 0.02 0.02
0 0.69375 0.38625 0.02 0.025
0 0.64125 0.37875 0.025 0.025
0 0.69125 0.445 0.025 0.0175
0 0.05125 0.27375 0.0225 0.03
0 0.06875 0.3 0.0225 0.025
0 0.33125 0.38 0.0225 0.0275
0 0.66125 0.16 0.02 0.025
0 0.10875 0.27 0.02 0.02
0 0.03125 0.08 0.0225 0.02
0 0.86013 0.47347 0.02 0.02
0 0.475 0.77875 0.03 0.0275
0 0.96375 0.855 0.02 0.0225
0 0.66125 0.775 0.02 0.02
0 0.62125 0.55 0.03 0.0275
0 0.11875 0.6525 0.02 0.0225
0 0.87375 0.955 0.02 0.02
0 0.9425 0.77125 0.0175 0.0225
0 0.5525 0.60125 0.0225 0.0225
0 0.6825 0.69875 0.0175 0.02
0 0.19 0.8925 0.02 0.02
0 0.61625 0.51125 0.0225 0.0175
0 0.05375 0.53 0.0175 0.025
