0 0.10625 0.06125 0.0275 0.0225
0 0.2825 0.24375 0.025 0.0175
0 0.36625 0.21 0.025 0.015
0 0.38625 0.22 0.015 0.015
0 0.4575 0.34875 0.02 0.0175
0 0.3175 0.4225 0.02 0.0225
0 0.315 0.095 0.02 0.0175
0 0.0325 0.06875 0.0225 0.015
0 0.29375 0.31375 0.02 0.0175
0 0.2825 0.33 0.02 0.0175
0 0.2275 0.22625 0.0175 0.02
0 0.26625 0.3025 0.0225 0.0175
0 0.09625 0.14375 0.01 0.015
0 0.07875 0.145 0.0125 0.0175
0 0.255 0.08625 0.02 0.02
0 0.48375 0.2925 0.0225 0.0225
0 0.35 0.16125 0.0225 0.025
0 0.48125 0.43625 0.0225 0.0175
0 0.4625 0.475 0.02 0.0175
0 0.06875 0.06625 0.0225 0.0175
0 0.06748 0.08163 0.01745 0.01572
0 0.5625 0.2825 0.025 0.035
0 0.57 0.33 0.025 0.0325
0 0.27125 0.8075 0.015 0.02
0 0.94375 0.66375 0.02 0.02
0 0.85875 0.64 0.0225 0.02
0 0.7475 0.655 0.0275 0.02
