0 0.16 0.28875 0.03 0.0225
0 0.4 0.29375 0.0275 0.02
0 0.51625 0.38125 0.0225 0.025
0 0.235 0.40625 0.03 0.0225
0 0.35875 0.4325 0.025 0.0225
0 0.1725 0.43625 0.0275 0.02
0 0.6575 0.44625 0.025 0.02
0 0.17875 0.45125 0.0175 0.0175
0 0.33375 0.4675 0.02 0.02
0 0.06625 0.40375 0.0225 0.0175
0 0.4625 0.49125 0.02 0.0175
0 0.46625 0.475 0.0175 0.0175
0 0.1975 0.38125 0.025 0.02
0 0.60875 0.33875 0.0225 0.0225
0 0.21125 0.4475 0.02 0.02
0 0.3625 0.39875 0.0225 0.02
0 0.375 0.03375 0.02 0.02
0 0.66375 0.34 0.02 0.02
0 0.33625 0.4025 0.02 0.02
0 0.685 0.37875 0.0225 0.0225
0 0.7075 0.33125 0.02 0.02
0 0.25125 0.3775 0.0225 0.0225
0 0.44375 0.4325 0.0275 0.03
0 0.52625 0.2325 0.02 0.02
0 0.67625 0.5425 0.025 0.025
0 0.715 0.57375 0.03 0.0225
0 0.26625 0.685 0.0275 0.025
0 0.37875 0.69 0.03 0.0275
0 0.44125 0.89875 0.02 0.02
0 0.71125 0.96125 0.025 0.02
0 0.52625 0.61875 0.015 0.0175
0 0.80375 0.9525 0.02 0.02
0 0.91125 0.745 0.0275 0.0225
0 0.8275 0.6775 0.0225 0.0225
0 0.84 0.8325 0.0225 0.0225
0 0.27625 0.65375 0.025 0.0225
0 0.7725 0.84 0.02 0.02
0 0.5225 0.81 0.0225 0.0225
0 0.7225 0.8 0.0225 0.0225
0 0.40375 0.79 0.0225 0.0225
0 0.6925 0.63625 0.025 0.025
0 0.535 0.845 0.025 0.025
0 0.3925 0.875 0.0275 0.0275
0 0.495 0.7925 0.025 0.0225
0 0.2775 0.635 0.0225 0.0225
0 0.80875 0.7275 0.0225 0.0225
0 0.17125 0.67625 0.0225 0.0225
0 0.1825 0.55875 0.02 0.02
0 0.80125 0.66375 0.02 0.02
0 0.9275 0.88125 0.02 0.02
0 0.50625 0.6975 0.0225 0.0225
0 0.61 0.66875 0.0225 0.02
