0 0.3675 0.22125 0.0175 0.02
0 0.3675 0.2575 0.0175 0.015
0 0.575 0.3875 0.0175 0.0175
0 0.38 0.27875 0.02 0.025
0 0.6825 0.4225 0.0175 0.02
0 0.72625 0.43375 0.0175 0.02
0 0.26875 0.4375 0.0225 0.0175
0 0.3525 0.49 0.0225 0.02
0 0.24625 0.435 0.015 0.0175
0 0.23125 0.4375 0.02 0.015
0 0.31875 0.4075 0.0225 0.02
0 0.04875 0.04875 0.0275 0.02
0 0.53625 0.39375 0.015 0.02
0 0.13625 0.35875 0.0225 0.0225
0 0.18375 0.4175 0.02 0.02
0 0.045 0.20125 0.0225 0.0225
0 0.18375 0.3625 0.0225 0.0225
0 0.29125 0.4725 0.0175 0.0175
0 0.95625 0.17125 0.02 0.02
0 0.4825 0.18375 0.02 0.02
0 0.2125 0.38875 0.02 0.02
0 0.1025 0.1425 0.02 0.02
0 0.775 0.4675 0.02 0.02
0 0.16625 0.365 0.02 0.0225
0 0.10375 0.31 0.02 0.02
0 0.24875 0.4675 0.02 0.0175
0 0.21125 0.36125 0.0275 0.02
0 0.315 0.4225 0.0175 0.0175
0 0.21275 0.47875 0.02 0.02
0 0.8975 0.065 0.02 0.02
0 0.2475 0.30875 0.02 0.02
0 0.42125 0.44525 0.0175 0.0175
0 0.17875 0.335 0.02 0.02
0 0.61375 0.45375 0.02 0.02
0 0.07875 0.25625 0.0225 0.02
0 0.5225 0.3475 0.02 0.02
0 0.31 0.54125 0.0275 0.0225
0 0.34 0.565 0.02 0.0225
0 0.35375 0.55375 0.0175 0.0175
0 0.35375 0.52875 0.0225 0.0225
0 0.335 0.51 0.0225 0.015
0 0.405 0.51 0.0225 0.015
0 0.4 0.5775 0.0225 0.02
0 0.37625 0.6125 0.0175 0.02
0 0.43 0.6 0.02 0.0175
0 0.46875 0.61 0.03 0.025
0 0.47125 0.5225 0.0175 0.02
0 0.45875 0.6525 0.0225 0.02
0 0.48625 0.645 0.02 0.0175
0 0.5125 0.65375 0.0225 0.02
0 0.48625 0.56125 0.0175 0.0175
0 0.51 0.57 0.02 0.02
0 0.575 0.64875 0.0225 0.0225
0 0.5575 0.62625 0.025 0.0275
0 0.57 0.5925 0.0225 0.0175
0 0.69625 0.54875 0.02 0.0225
0 0.7375 0.57375 0.0175 0.0175
0 0.6875 0.82625 0.0225 0.0225
0 0.62875 0.85625 0.0275 0.025
0 0.67375 0.85125 0.02 0.02
0 0.69 0.9325 0.02 0.0175
0 0.52875 0.72 0.0225 0.0175
0 0.47 0.74375 0.0175 0.0175
0 0.1075 0.72 0.02 0.02
0 0.16125 0.7275 0.0225 0.0225
0 0.15125 0.7425 0.0225 0.0225
0 0.02125 0.87125 0.02 0.02
0 0.0325 0.85 0.025 0.025
0 0.26 0.89375 0.02 0.0175
0 0.27625 0.88 0.03 0.0225
0 0.27625 0.93625 0.02 0.02
0 0.54 0.67875 0.025 0.0225
0 0.4225 0.70375 0.025 0.025
0 0.6028 0.805 0.0225 0.0225
0 0.54748 0.91752 0.02 0.02
0 0.58 0.8425 0.025 0.0225
0 0.88 0.5825 0.0225 0.0225
0 0.63375 0.82 0.0225 0.0225
0 0.51125 0.755 0.0225 0.0225
0 0.58375 0.9425 0.02 0.02
0 0.77125 0.76625 0.0225 0.0225
0 0.63 0.7375 0.0225 0.0225
0 0.3025 0.91875 0.02 0.02
0 0.0375 0.8775 0.0225 0.02
0 0.5775 0.705 0.0225 0.0225
0 0.0875 0.96875 0.02 0.0175
0 0.69875 0.86125 0.0225 0.02
0 0.29 0.66125 0.02 0.02
0 0.71875 0.86375 0.0225 0.0225
