0 0.71375 0.03375 0.02 0.02
0 0.9 0.0825 0.02 0.0175
0 0.8075 0.1625 0.0325 0.025
0 0.88 0.13625 0.0275 0.0225
0 0.93125 0.0825 0.02 0.015
0 0.89625 0.22125 0.0225 0.0225
0 0.28875 0.47875 0.0225 0.025
0 0.1175 0.45875 0.0325 0.0225
0 0.735 0.11375 0.025 0.025
0 0.81375 0.2125 0.0225 0.02
0 0.285 0.36125 0.02 0.02
0 0.79125 0.24 0.0225 0.0225
0 0.65 0.31 0.0225 0.0225
0 0.71125 0.06875 0.0275 0.0275
0 0.765 0.32 0.0225 0.02
0 0.89375 0.28875 0.0225 0.0225
0 0.18 0.32625 0.02 0.02
0 0.0625 0.185 0.0225 0.0225
0 0.1175 0.05625 0.02 0.02
0 0.5175 0.65375 0.0175 0.0225
0 0.8775 0.64125 0.02 0.02
0 0.89625 0.635 0.0225 0.02
0 0.54875 0.58 0.0225 0.0225
