0 0.1575 0.38 0.03 0.025
0 0.2425 0.4275 0.03 0.0225
0 0.2425 0.45875 0.03 0.02
0 0.09 0.25375 0.0225 0.0225
0 0.07875 0.19 0.0325 0.025
0 0.185 0.5175 0.03 0.025
0 0.0875 0.51625 0.0225 0.0275
0 0.19625 0.40375 0.03 0.0325
0 0.5525 0.21375 0.03 0.025
0 0.935 0.20125 0.025 0.02
0 0.95875 0.18875 0.02 0.02
0 0.76125 0.1275 0.02 0.03
0 0.93375 0.2725 0.025 0.03
0 0.43625 0.35 0.03 0.0275
0 0.42 0.3375 0.0225 0.0225
0 0.06125 0.2775 0.0275 0.02
0 0.01875 0.27625 0.02 0.02
0 0.0475 0.25125 0.0175 0.0175
0 0.79125 0.13875 0.02 0.02
0 0.7675 0.0525 0.0175 0.0175
0 0.73 0.05 0.0175 0.015
0 0.05125 0.545 0.025 0.0225
0 0.06125 0.31375 0.015 0.0175
0 0.16125 0.3575 0.02 0.0225
0 0.66 0.30875 0.0175 0.0275
0 0.1925 0.5828 0.0225 0.0225
0 0.0475 0.37375 0.02 0.02
0 0.11375 0.46875 0.0225 0.0225
0 0.11875 0.4275 0.0225 0.0225