0 0.8225 0.39875 0.02 0.02
0 0.82125 0.45 0.0225 0.0225
0 0.71 0.46 0.0225 0.0225
0 0.73875 0.54375 0.0225 0.02
0 0.735 0.5075 0.02 0.02
0 0.73875 0.47125 0.0225 0.02
0 0.9175 0.5625 0.025 0.02
0 0.50625 0.55875 0.0275 0.02
0 0.535 0.68625 0.02 0.025
0 0.715 0.66125 0.03 0.025
0 0.69 0.71625 0.0225 0.0225
0 0.6475 0.8125 0.025 0.0275
0 0.60625 0.80125 0.02 0.0175
0 0.66375 0.77625 0.0175 0.0225
0 0.69875 0.82 0.02 0.015
0 0.76625 0.93625 0.025 0.02
0 0.68 0.9675 0.025 0.02
0 0.73875 0.9725 0.0275 0.025
0 0.8575 0.655 0.0225 0.0225
0 0.92 0.66 0.0225 0.0225
0 0.93125 0.78125 0.025 0.025
0 0.95375 0.7075 0.0225 0.02
0 0.5875 0.715 0.0225 0.0225
0 0.725 0.715 0.025 0.025
0 0.93875 0.32625 0.025 0.025
0 0.7225 0.94375 0.025 0.025
0 0.6875 0.77875 0.0275 0.0275
0 0.96375 0.765 0.02 0.02
0 0.91625 0.6075 0.0225 0.0225
0 0.7175 0.38875 0.0225 0.02
0 0.73125 0.3175 0.0225 0.0225
0 0.59125 0.3275 0.0275 0.025
0 0.52625 0.8125 0.02 0.0175
0 0.96625 0.7325 0.02 0.02
0 0.70875 0.40712499999999996 0.02 0.0175
0 0.475 0.705 0.0225 0.0225
0 0.60625 0.68625 0.0225 0.0225
0 0.86625 0.20125 0.0225 0.0225
0 0.89 0.61875 0.02 0.02
0 0.96 0.82375 0.025 0.025
0 0.812975 0.63625 0.02 0.02
0 0.752875 0.4125 0.0225 0.0225
0 0.45875 0.78 0.025 0.0225
0 0.93375 0.15125 0.0225 0.02