0 0.39375 0.4675 0.02 0.0225
0 0.4 0.48313 0.02142 0.02018
0 0.3525 0.47125 0.02 0.0225
0 0.30215 0.36285 0.02178 0.02572
0 0.3675 0.225 0.02 0.02
0 0.91 0.11625 0.025 0.0225
0 0.94375 0.10875 0.0225 0.0225
0 0.47625 0.2575 0.02 0.0225
0 0.35125 0.425 0.0225 0.0225
0 0.32125 0.4 0.02 0.0225
0 0.4675 0.44875 0.02 0.015
0 0.45125 0.27 0.025 0.0225
0 0.37875 0.36875 0.0225 0.025
0 0.7725 0.3525 0.0225 0.0225
0 0.7775 0.4 0.0225 0.0225
0 0.4674 0.46518 0.01875 0.01785
0 0.28482 0.07635 0.01785 0.02232
0 0.2075 0.51625 0.025 0.025
0 0.29 0.55375 0.0225 0.025
0 0.97 0.88 0.025 0.02
0 0.99 0.8875 0.02 0.0225
0 0.98875 0.9075 0.0225 0.02
0 0.50885 0.50955 0.02625 0.0191
0 0.5083 0.5316 0.02303 0.02322
0 0.6925 0.72125 0.0225 0.02
0 0.71448 0.80375 0.02142 0.0225
0 0.4775 0.55 0.0225 0.02
0 0.70875 0.67625 0.0175 0.0175
0 0.26027 0.51028 0.01875 0.01698
0 0.95177 0.8509 0.01965 0.01785
0 0.99062 0.93528 0.01518 0.02232
