0 0.45890000000000003 0.40015 0.0276 0.024
0 0.38622500000000004 0.42045 0.0235 0.02015
0 0.36375 0.461575 0.0225 0.02185
0 0.39585000000000004 0.5474 0.025775000000000003 0.025225
0 0.4875 0.495 0.025 0.0175
0 0.46875 0.745 0.0275 0.025
0 0.48 0.71125 0.0275 0.0175
0 0.29125 0.7075 0.025 0.0225
0 0.4525 0.65625 0.0225 0.0225
0 0.4525 0.9275 0.0175 0.02
0 0.51875 0.8675 0.025 0.02
0 0.65125 0.8675 0.025 0.0225
0 0.62625 0.915 0.025 0.02
0 0.685 0.84625 0.0225 0.025
0 0.3243 0.4363 0.0225 0.0175
0 0.35375 0.41625 0.025 0.0175
0 0.4475 0.3025 0.02 0.0225
0 0.46125 0.325 0.025 0.02
0 0.607425 0.371025 0.024225 0.0232
0 0.785 0.275 0.025 0.02
0 0.6025 0.6075 0.025 0.0225
0 0.41 0.5725 0.025 0.0175
0 0.6775 0.81125 0.0225 0.02
0 0.71 0.9025 0.03 0.0275
0 0.675 0.925 0.02 0.02
0 0.891175 0.8737 0.025699999999999997 0.0199
0 0.53125 0.7525 0.0225 0.015
0 0.55 0.7575 0.02 0.02
0 0.52 0.5575 0.03 0.025
0 0.57375 0.59875 0.0225 0.02
0 0.6575 0.64 0.025 0.0225
0 0.68875 0.65 0.0225 0.0175
0 0.75 0.94375 0.0225 0.0175
0 0.61 0.9475 0.0175 0.0175
0 0.43125 0.74875 0.0225 0.02
0 0.62875 0.34 0.02 0.025
0 0.86125 0.3725 0.0225 0.0225
0 0.82875 0.795 0.0225 0.02
0 0.51375 0.9725 0.025 0.025
0 0.63125 0.99 0.025 0.02
0 0.26 0.2025 0.025 0.025
0 0.7325 0.2425 0.02 0.0275
0 0.6675 0.90375 0.0225 0.025
0 0.25 0.2875 0.025 0.025
0 0.4925 0.92 0.0225 0.0175
0 0.6925 0.9325 0.02 0.0275
0 0.72 0.95875 0.0225 0.0175
0 0.3825 0.59625 0.02 0.02
0 0.7125 0.8825 0.0225 0.0175
0 0.33 0.3675 0.0225 0.02
0 0.71625 0.85375 0.025 0.025
0 0.30375 0.245 0.0225 0.0225
0 0.61875 0.8325 0.0225 0.0225
0 0.535 0.62 0.0225 0.0225
0 0.6725 0.75375 0.0225 0.0225
0 0.86125 0.3725 0.0225 0.0225
0 0.745 0.885 0.02 0.02
0 0.35125 0.795 0.02 0.02
0 0.33 0.3675 0.0225 0.02
0 0.9375 0.70625 0.0225 0.02
0 0.69875 0.61875 0.0175 0.0175
0 0.71625 0.9325 0.0225 0.0225
0 0.44625 0.76625 0.0225 0.0225
0 0.86875 0.74375 0.0225 0.0225
0 0.08927500000000001 0.11262499999999999 0.017825 0.023450000000000002
0 0.860525 0.8441 0.021025000000000002 0.0183
0 0.8897499999999999 0.635325 0.02235 0.0242
0 0.8984749999999999 0.6728749999999999 0.021949999999999997 0.01895
0 0.6754000000000001 0.96025 0.018625 0.020499999999999997
0 0.48255000000000003 0.977675 0.0187 0.0196
0 0.482375 0.8929 0.023700000000000002 0.017925
0 0.515225 0.8955249999999999 0.024925000000000003 0.019625
0 0.330775 0.762475 0.018725000000000002 0.019575
0 0.4132 0.630475 0.01925 0.016325
0 0.62735 0.6028 0.025675 0.021675
0 0.52325 0.59865 0.017925 0.020525
0 0.297725 0.157525 0.018675 0.020375
0 0.10535 0.11289999999999999 0.0161 0.02045
0 0.251 0.22002500000000003 0.023424999999999998 0.01885
0 0.34854999999999997 0.3614 0.01895 0.01565
0 0.42585 0.5326 0.021349999999999997 0.017
0 0.562 0.614575 0.01865 0.01905
0 0.59945 0.644325 0.016725 0.020775000000000002
0 0.616075 0.9298000000000001 0.017875000000000002 0.01855
0 0.705725 0.99285 0.018600000000000002 0.014275