0 0.1275 0.58375 0.025 0.0275
0 0.065 0.63625 0.0225 0.02
0 0.22125 0.645 0.025 0.0275
0 0.305 0.6525 0.025 0.0275
0 0.31375 0.715 0.025 0.0225
0 0.02125 0.685 0.02 0.02
0 0.16125 0.69375 0.025 0.0225
0 0.4 0.6525 0.02 0.02
0 0.17625 0.59875 0.02 0.02
0 0.445 0.61625 0.02 0.02
0 0.14625 0.79125 0.0175 0.0175
0 0.89875 0.21875 0.03 0.0275
0 0.92625 0.22125 0.025 0.025
0 0.85 0.23625 0.0275 0.0275
0 0.66125 0.2725 0.025 0.02
0 0.95 0.2075 0.02 0.0175
0 0.76375 0.8875 0.0225 0.02
0 0.745 0.80625 0.025 0.025
0 0.73125 0.87875 0.02 0.02
0 0.61125 0.77875 0.02 0.02
0 0.69625 0.78875 0.0225 0.0225
0 0.92 0.1875 0.02 0.0175
0 0.63675 0.7575 0.02 0.02
0 0.95625 0.85125 0.0225 0.0225
0 0.96375 0.2675 0.0225 0.02
0 0.68375 0.28375 0.0225 0.0225
0 0.52375 0.66375 0.02 0.02
0 0.7325 0.20625 0.02 0.0175
0 0.71875 0.7925 0.0225 0.0225
