0 0.45625 0.24125 0.0175 0.02
0 0.44875 0.0375 0.0175 0.02
0 0.27375 0.39 0.0175 0.015
0 0.45 0.32125 0.0175 0.0225
0 0.15625 0.30625 0.02 0.025
0 0.765 0.2875 0.025 0.015
0 0.78625 0.33 0.0225 0.02
0 0.87875 0.44375 0.0225 0.0225
0 0.665 0.305 0.025 0.0175
0 0.6525 0.2725 0.025 0.0225
0 0.625 0.245 0.02 0.015
0 0.57375 0.23625 0.0175 0.0175
0 0.57125 0.28 0.02 0.02
0 0.605 0.265 0.0225 0.015
0 0.55875 0.095 0.02 0.0175
0 0.7725 0.305 0.02 0.0175
0 0.53 0.1325 0.02 0.0175
0 0.51625 0.0875 0.025 0.0225
0 0.5575 0.42125 0.0225 0.0225
0 0.5275 0.33 0.0175 0.025
0 0.8675 0.4175 0.0175 0.0175
0 0.92125 0.42 0.015 0.0175
0 0.73875 0.225 0.02 0.0175
0 0.7675 0.27375 0.0225 0.02
0 0.7125 0.13 0.0175 0.0175
0 0.74125 0.12625 0.025 0.02
0 0.6876 0.15787 0.02118 0.01968
0 0.67875 0.175 0.02 0.0175
0 0.77875 0.225 0.015 0.015
0 0.5875 0.17375 0.0175 0.015
0 0.62875 0.11375 0.02 0.0175
0 0.565 0.12875 0.02 0.02
0 0.5875 0.30625 0.0175 0.0175
0 0.5575 0.4425 0.0225 0.0275
0 0.75625 0.4225 0.025 0.02
0 0.76625 0.41125 0.02 0.015
0 0.79625 0.45 0.0225 0.025
0 0.60125 0.29625 0.02 0.0225
0 0.63 0.08 0.0125 0.015
0 0.6875 0.12 0.02 0.02
0 0.86375 0.09 0.0225 0.025
0 0.84 0.06125 0.0275 0.025
0 0.60495 0.22895 0.01992 0.01792
0 0.8925 0.4675 0.0325 0.0225
0 0.69625 0.42125 0.0225 0.0225
0 0.66625 0.43 0.025 0.025
0 0.51375 0.025 0.0175 0.015
0 0.78375 0.49 0.02 0.02
0 0.07 0.80625 0.025 0.0225
0 0.13375 0.97 0.02 0.0225
0 0.88 0.64375 0.025 0.0225
0 0.84375 0.515 0.025 0.025
0 0.8725 0.62125 0.0175 0.0175
0 0.78375 0.515 0.0225 0.03
0 0.89375 0.59875 0.0175 0.0175
0 0.86125 0.5925 0.025 0.0225
0 0.85 0.54875 0.0225 0.0225
