0 0.26375 0.13875 0.0275 0.0275
0 0.28875 0.135 0.0175 0.02
0 0.30875 0.14625 0.015 0.0175
0 0.105 0.2675 0.0275 0.0225
0 0.1475 0.26 0.02 0.0175
0 0.34875 0.42 0.0225 0.0225
0 0.06125 0.09125 0.02 0.02
0 0.18625 0.13875 0.025 0.0275
0 0.3925 0.11875 0.02 0.0175
0 0.4325 0.15875 0.02 0.02
0 0.51625 0.1525 0.0225 0.025
0 0.36 0.28 0.0175 0.0225
0 0.24625 0.17875 0.0225 0.0225
0 0.31125 0.185 0.015 0.0175
0 0.32375 0.1725 0.02 0.015
0 0.0875 0.1075 0.0175 0.0175
0 0.19375 0.2775 0.025 0.0225
0 0.17875 0.25875 0.025 0.025
0 0.155 0.24 0.025 0.02
0 0.29625 0.2325 0.0275 0.0175
0 0.3725 0.2525 0.015 0.02
0 0.21625 0.2625 0.0175 0.02
0 0.22375 0.22 0.02 0.02
0 0.05625 0.15875 0.02 0.015
0 0.22125 0.17125 0.0225 0.0225
0 0.20375 0.1575 0.0275 0.02
0 0.475 0.0975 0.02 0.0175
0 0.52875 0.0875 0.0175 0.02
0 0.15 0.11375 0.02 0.02
0 0.50625 0.05 0.0225 0.015
0 0.24875 0.27125 0.02 0.02
0 0.07875 0.055 0.0175 0.02
0 0.07875 0.23375 0.0175 0.0175
0 0.07375 0.2575 0.02 0.0175
0 0.2875 0.17 0.0225 0.02
0 0.45375 0.13625 0.0175 0.0175
0 0.5575 0.0675 0.02 0.0225
0 0.32875 0.2925 0.015 0.02
0 0.2975 0.26875 0.02 0.015
0 0.40125 0.455 0.02 0.0175
0 0.5 0.12125 0.0175 0.0175
0 0.65375 0.40625 0.0225 0.0225
0 0.03125 0.21375 0.02 0.0225
0 0.565 0.08625 0.02 0.025
0 0.505 0.02875 0.0175 0.0225
0 0.14375 0.0475 0.0225 0.0175
0 0.2775 0.0975 0.0175 0.025
0 0.6175 0.48875 0.0225 0.0225
0 0.73625 0.3275 0.0225 0.0175
0 0.6225 0.33375 0.02 0.0175
0 0.36625 0.2025 0.025 0.025
0 0.02875 0.23375 0.0175 0.02
0 0.4575 0.9 0.02 0.02
0 0.5525 0.9225 0.0175 0.0175
0 0.45875 0.70125 0.0175 0.02
0 0.825 0.9625 0.0225 0.02
0 0.7775 0.95 0.0175 0.0225
0 0.86375 0.86125 0.0225 0.025
0 0.50625 0.98125 0.02 0.0175
0 0.48125 0.93375 0.0175 0.0225
0 0.44125 0.83125 0.02 0.02
0 0.52125 0.865 0.02 0.02
0 0.6992 0.5697 0.0225 0.025
0 0.4325 0.93625 0.0175 0.0225
0 0.53875 0.9075 0.02 0.0175
0 0.7125 0.64125 0.02 0.02
0 0.6375 0.7875 0.02 0.02
0 0.52 0.6475 0.0225 0.0225
0 0.59875 0.96 0.02 0.02
0 0.545 0.85875 0.0175 0.02
