0 0.67875 0.54375 0.0225 0.025
0 0.645 0.50375 0.02 0.02
0 0.62625 0.4975 0.0175 0.0225
0 0.84 0.5525 0.025 0.0225
0 0.87125 0.59 0.0275 0.0225
0 0.7875 0.49375 0.0175 0.0225
0 0.875 0.53875 0.02 0.0175
0 0.76625 0.42625 0.0175 0.0175
0 0.655 0.42625 0.015 0.015
0 0.62625 0.405 0.02 0.02
0 0.51625 0.4225 0.0175 0.0225
0 0.335 0.22 0.0275 0.0225
0 0.48875 0.3125 0.02 0.02
0 0.80875 0.18375 0.0225 0.0225
0 0.816225 0.258475 0.017575 0.021974999999999998
0 0.615 0.46375 0.025 0.0225
0 0.4575 0.41125 0.025 0.02
0 0.44 0.24375 0.0225 0.015
0 0.57125 0.7675 0.0175 0.0175
0 0.53375 0.42125 0.0175 0.0225
0 0.45625 0.335 0.025 0.02
0 0.73625 0.52875 0.015 0.02
0 0.97625 0.06125 0.0275 0.025
0 0.96875 0.0275 0.0275 0.0275
0 0.8125 0.015 0.02 0.02
0 0.85 0.01125 0.0225 0.02
0 0.71 0.045 0.0225 0.025
0 0.83 0.195 0.02 0.02
0 0.0275 0.75625 0.0175 0.0175
0 0.05875 0.5325 0.0225 0.0225
0 0.01125 0.33875 0.02 0.0125
0 0.1425 0.3725 0.0175 0.0125
0 0.56 0.33875 0.02 0.02
0 0.49875 0.035 0.02 0.02
0 0.39125 0.18375 0.02 0.02
0 0.57125 0.065 0.025 0.025
0 0.47875 0.04375 0.02 0.0175
0 0.955 0.61 0.0225 0.0225