0 0.18625 0.50875 0.0225 0.0175
0 0.1925 0.55125 0.0225 0.02
0 0.12125 0.745 0.0225 0.0175
0 0.1525 0.75625 0.03 0.02
0 0.08625 0.845 0.02 0.0275
0 0.12875 0.815 0.0275 0.0275
0 0.05125 0.8375 0.02 0.0275
0 0.295 0.9175 0.025 0.025
0 0.2725 0.97375 0.025 0.025
0 0.325 0.915 0.0175 0.0175
0 0.5225 0.90875 0.0175 0.0175
0 0.9575 0.9375 0.025 0.0225
0 0.78375 0.74375 0.0225 0.025
0 0.815 0.75875 0.025 0.02
0 0.92 0.65625 0.015 0.0175
0 0.93125 0.655 0.02 0.02
0 0.95375 0.6075 0.0175 0.0225
0 0.915 0.71625 0.0175 0.025
0 0.69 0.48375 0.0225 0.0175
0 0.71875 0.48875 0.03 0.025
0 0.71125 0.5575 0.0225 0.0225
0 0.69125 0.60375 0.025 0.015
0 0.6875 0.66 0.0175 0.0175
0 0.73625 0.685 0.0175 0.02
0 0.86625 0.65375 0.0175 0.02
0 0.77 0.5175 0.0175 0.0225
0 0.82375 0.48375 0.0175 0.02
0 0.76625 0.4425 0.015 0.015
0 0.78625 0.42375 0.0225 0.0175
0 0.7925 0.44125 0.02 0.0125
0 0.84 0.46875 0.02 0.0225
0 0.9325 0.4625 0.02 0.02
0 0.96875 0.43 0.0225 0.0175
0 0.95 0.385 0.02 0.0175
0 0.74125 0.335 0.025 0.0275
0 0.62625 0.3475 0.02 0.0175