0 0.87 0.94875 0.0275 0.0225
0 0.83 0.86 0.0225 0.0175
0 0.8375 0.84 0.025 0.02
0 0.88 0.83375 0.0375 0.025
0 0.855 0.87 0.03 0.0225
0 0.8 0.92875 0.0275 0.0275
0 0.83875 0.93875 0.025 0.025
0 0.8275 0.89125 0.035 0.0275
0 0.85125 0.91375 0.0325 0.025
0 0.78625 0.32875 0.0275 0.025
0 0.91625 0.32875 0.025 0.0225
0 0.82875 0.65625 0.0225 0.025
0 0.8525 0.66625 0.0225 0.0225
0 0.85375 0.70875 0.0225 0.02
0 0.905 0.37 0.0225 0.0225
0 0.83875 0.93625 0.025 0.0275
0 0.89875 0.9204000000000001 0.025 0.0225
0 0.85375 0.7875 0.02 0.02
0 0.80875 0.24875 0.0225 0.0225
0 0.76625 0.45 0.0225 0.02
0 0.805 0.6775 0.0225 0.0225