0 0.43625 0.7575 0.03 0.0275
0 0.335 0.33 0.0175 0.0225
0 0.245 0.825 0.0175 0.0175
0 0.2125 0.535 0.025 0.0225
0 0.2125 0.865 0.0175 0.02
0 0.29125 0.03125 0.02 0.02
0 0.43375 0.59 0.03 0.0275
0 0.44125 0.5475 0.0275 0.0275
0 0.24625 0.54875 0.0225 0.025
0 0.37125 0.8675 0.0225 0.0225
0 0.33875 0.8625 0.0225 0.0225
0 0.29125 0.88875 0.0225 0.025
0 0.26875 0.3425 0.0225 0.0225
0 0.2425 0.07832499999999999 0.025 0.025
0 0.2625 0.18125 0.0275 0.0275
0 0.45875 0.22625 0.0225 0.0225
0 0.265 0.29125 0.025 0.025
0 0.20125 0.68125 0.025 0.025
0 0.35625 0.305 0.0225 0.0225
0 0.19875 0.01375 0.025 0.0275