0 0.72125 0.1525 0.0225 0.0225
0 0.71375 0.395 0.0225 0.0225
0 0.6525 0.36375 0.0225 0.02
0 0.14875 0.25625 0.025 0.0225
0 0.71125 0.0925 0.0225 0.0225
0 0.855 0.1675 0.02 0.02
0 0.5125 0.11125 0.0225 0.0225
0 0.555 0.37875 0.02 0.02
0 0.7025 0.06 0.02 0.0175
0 0.6393 0.20342 0.02 0.0225
0 0.52625 0.05 0.02 0.02
0 0.5825 0.22875 0.0225 0.02
0 0.9125 0.18875 0.02 0.02
0 0.44125 0.43375 0.02 0.02
0 0.88375 0.1475 0.0225 0.0225
0 0.595 0.0325 0.02 0.02
0 0.7325 0.12875 0.02 0.02
0 0.63125 0.03125 0.0225 0.0225
0 0.52625 0.31 0.0225 0.0225
0 0.21375 0.02625 0.0225 0.02
0 0.25125 0.48875 0.02 0.02
0 0.66375 0.1775 0.02 0.02
0 0.33 0.455 0.02 0.02
0 0.79375 0.36125 0.02 0.0175
0 0.3725 0.055 0.02 0.02
0 0.33125 0.485 0.02 0.0175
0 0.17375 0.1825 0.0225 0.02
0 0.61052 0.075 0.0225 0.0225
0 0.53625 0.4025 0.0175 0.0175
0 0.1175 0.3025 0.02 0.02
0 0.435 0.0925 0.0175 0.0175
0 0.975 0.67875 0.0225 0.02
0 0.97763 0.81328 0.02272 0.01992
0 0.78625 0.76125 0.02 0.0175
0 0.79875 0.85375 0.0225 0.0175
0 0.99125 0.75125 0.0175 0.0175
0 0.92625 0.73875 0.02 0.0175
0 0.935 0.62 0.0225 0.0175
0 0.67625 0.83 0.02 0.02
0 0.09 0.58625 0.0225 0.02
0 0.66 0.72875 0.0275 0.0225
0 0.73 0.81625 0.02 0.02
0 0.8675 0.92 0.02 0.0225
0 0.69 0.78625 0.02 0.02
0 0.80125 0.91 0.02 0.0175
0 0.485 0.97125 0.0225 0.0175
0 0.71625 0.63375 0.025 0.025
0 0.7075 0.89 0.025 0.025
0 0.70875 0.73375 0.0225 0.0225
0 0.66 0.88625 0.0225 0.0225
0 0.88875 0.54 0.0225 0.02
0 0.97625 0.58375 0.02 0.02
0 0.60125 0.6975 0.0225 0.0225
0 0.735 0.75125 0.0225 0.0225
0 0.95625 0.555 0.0225 0.0225
0 0.82875 0.81125 0.02 0.02
0 0.505 0.835 0.02 0.02
0 0.73 0.96 0.0225 0.0225
0 0.935 0.6675 0.02 0.02
0 0.76125 0.79 0.0225 0.0225
0 0.575 0.82375 0.02 0.02
0 0.65375 0.69625 0.02 0.02
0 0.88375 0.8675 0.02 0.02
0 0.8575 0.80375 0.02 0.02
0 0.64875 0.7525 0.02 0.02
0 0.61425 0.755 0.02 0.02
0 0.88875 0.815 0.02 0.02
0 0.055 0.755 0.0225 0.02
0 0.72625 0.8525 0.0225 0.02
0 0.61338 0.56865 0.02712 0.0212
0 0.79595 0.57495 0.01645 0.0192
0 0.7518 0.55305 0.01845 0.0139
0 0.67745 0.70343 0.01582 0.0265
0 0.71427 0.93143 0.0271 0.02038
0 0.73388 0.9188 0.02375 0.02038
0 0.7455 0.57062 0.01777 0.0185
0 0.95195 0.7306 0.027 0.01978
0 0.6097 0.77813 0.02098 0.0245
0 0.08727 0.83197 0.02625 0.02703
