0 0.74625 0.15 0.0175 0.0175
0 0.635 0.93625 0.02 0.02
0 0.6525 0.76375 0.0225 0.0225
0 0.50625 0.715 0.02 0.0175
0 0.58875 0.71875 0.0225 0.02
0 0.6375 0.67125 0.0225 0.0175
0 0.60875 0.65375 0.015 0.02
0 0.58 0.84125 0.02 0.02
0 0.62 0.87625 0.0175 0.0225
0 0.5575 0.91625 0.0175 0.015
0 0.49125 0.66875 0.02 0.02
0 0.67125 0.5325 0.02 0.02
0 0.47 0.787 0.02 0.02
0 0.0995 0.9565 0.02 0.02
0 0.1032 0.64825 0.0285 0.02675
0 0.50785 0.68983 0.0285 0.025
0 0.58632 0.69128 0.02618 0.0186
0 0.57675 0.7032 0.03022 0.01802
0 0.47618 0.72878 0.0221 0.02382
0 0.5311 0.7154 0.02618 0.01802
0 0.52297 0.73083 0.02618 0.01978
0 0.58605 0.96105 0.03022 0.03022
0 0.57935 0.90815 0.0285 0.03022
0 0.5997 0.76162 0.03083 0.0221
