0 0.5125 0.1625 0.0275 0.0225
0 0.47625 0.20875 0.0275 0.0275
0 0.53375 0.2725 0.03 0.03
0 0.37 0.21625 0.0225 0.02
0 0.52375 0.395 0.02 0.025
0 0.53875 0.06125 0.025 0.015
0 0.54125 0.10875 0.0325 0.0275
0 0.5375 0.08125 0.02 0.02
0 0.50625 0.22625 0.0225 0.02
0 0.90625 0.31125 0.0175 0.0175
0 0.4675 0.265 0.02 0.02
0 0.5075 0.26875 0.0225 0.0225
0 0.06125 0.37125 0.025 0.025
0 0.30875 0.34375 0.02 0.02
0 0.98 0.3475 0.02 0.02
0 0.70125 0.23 0.02 0.02
0 0.56125 0.35375 0.025 0.025
0 0.445 0.3725 0.02 0.02
0 0.39875 0.13125 0.025 0.0225
0 0.625 0.1575 0.0175 0.0175
0 0.50125 0.24 0.0225 0.0225
0 0.325 0.11625 0.025 0.025
0 0.63875 0.1775 0.0175 0.0175
0 0.89375 0.89 0.02 0.0225
0 0.78375 0.9025 0.0175 0.02
0 0.275 0.81375 0.02 0.0175
0 0.605 0.935 0.0175 0.0175
0 0.725 0.8725 0.0275 0.0225
0 0.705 0.84875 0.025 0.02
0 0.63125 0.89375 0.0225 0.0175
0 0.50625 0.56625 0.02 0.02
0 0.495 0.55 0.02 0.0175
0 0.62375 0.93 0.02 0.02
0 0.465 0.54 0.02 0.02
0 0.26 0.535 0.02 0.0175
0 0.50625 0.56625 0.02 0.02
