0 0.5875 0.39625 0.0275 0.03
0 0.54125 0.32 0.0275 0.0275
0 0.445 0.3275 0.0275 0.025
0 0.4525 0.30875 0.02 0.025
0 0.4375 0.285 0.02 0.02
0 0.42375 0.265 0.0225 0.025
0 0.5025 0.29875 0.02 0.02
0 0.5175 0.29 0.025 0.02
0 0.48125 0.23625 0.0275 0.0275
0 0.35 0.18875 0.0275 0.025
0 0.33875 0.1725 0.0175 0.0175
0 0.38625 0.16875 0.0225 0.0225
0 0.395 0.1325 0.02 0.02
0 0.47 0.1975 0.0225 0.0225
0 0.43 0.185 0.02 0.015
0 0.37375 0.23125 0.0225 0.0225
0 0.27 0.2025 0.0225 0.02
0 0.31 0.22875 0.0225 0.0175
0 0.315 0.165 0.0225 0.02
0 0.34625 0.125 0.0275 0.0225
0 0.3825 0.0875 0.02 0.02
0 0.35 0.1075 0.02 0.02
0 0.35125 0.0925 0.025 0.02
0 0.30875 0.06625 0.03 0.025
0 0.20875 0.07875 0.02 0.0225
0 0.3075 0.1 0.025 0.0225
0 0.53875 0.39 0.0225 0.0225
0 0.26375 0.445 0.0225 0.0225
0 0.4 0.85125 0.0225 0.02
0 0.15 0.67 0.0225 0.025
0 0.1625 0.68375 0.0225 0.0225
0 0.1825 0.69125 0.0225 0.025
0 0.2025 0.78375 0.0225 0.0225
0 0.28125 0.785 0.025 0.0175
0 0.3575 0.73 0.025 0.0175
0 0.365 0.7125 0.0275 0.0225
0 0.38125 0.85125 0.02 0.0175
0 0.69625 0.975 0.0275 0.0225
0 0.67875 0.90125 0.02 0.025
0 0.46 0.905 0.02 0.02
0 0.36875 0.7425 0.02 0.0175
0 0.3275 0.68625 0.02 0.02
0 0.26125 0.7375 0.025 0.0325
0 0.275 0.7 0.02 0.0275
0 0.19625 0.7225 0.0225 0.0225
0 0.34875 0.77 0.025 0.0225
0 0.3725 0.765 0.025 0.02
0 0.29375 0.82375 0.025 0.0225
0 0.4275 0.8075 0.025 0.025
0 0.325 0.96125 0.025 0.0275
0 0.41375 0.875 0.02 0.0275
0 0.425 0.8825 0.015 0.0225
0 0.8775 0.68375 0.0275 0.02
0 0.4525 0.645 0.025 0.0225
0 0.42375 0.9175 0.02 0.02
0 0.7175 0.96 0.0225 0.0225
