0 0.37 0.09375 0.02 0.0225
0 0.215 0.265 0.02 0.0175
0 0.24375 0.22125 0.0175 0.02
0 0.265 0.30625 0.02 0.02
0 0.26625 0.2875 0.0175 0.0175
0 0.775 0.23 0.0175 0.015
0 0.69375 0.3825 0.02 0.0225
0 0.83625 0.44875 0.025 0.025
0 0.63 0.42875 0.03 0.02
0 0.97 0.14125 0.02 0.0225
0 0.57625 0.4475 0.025 0.0225
0 0.7325 0.16125 0.0325 0.02
0 0.5175 0.43 0.02 0.02
0 0.50875 0.47875 0.0175 0.0225
0 0.7475 0.47125 0.0225 0.0225
0 0.73125 0.4025 0.0225 0.0225
0 0.95125 0.32125 0.02 0.02
0 0.97875 0.3075 0.02 0.02
0 0.1175 0.9575 0.025 0.0175
0 0.05 0.8775 0.0175 0.0225
0 0.37125 0.94625 0.015 0.02
0 0.4875 0.9425 0.0225 0.02
0 0.45625 0.95 0.0175 0.02
0 0.1675 0.8225 0.02 0.0175
0 0.18815 0.53313 0.01843 0.01972
0 0.3557 0.94365 0.01403 0.01972
0 0.85375 0.5475 0.025 0.025
0 0.79625 0.63125 0.025 0.025
0 0.60125 0.7625 0.02 0.02
