0 0.25 0.20625 0.0225 0.0175
0 0.4125 0.30375 0.025 0.0175
0 0.4675 0.13 0.0225 0.0175
0 0.29705 0.35125 0.02 0.02
0 0.25625 0.14125 0.02 0.02
0 0.77875 0.14375 0.0175 0.015
0 0.7875 0.26625 0.0225 0.0225
0 0.74875 0.305 0.02 0.0175
0 0.59375 0.36125 0.0175 0.0175
0 0.89625 0.38 0.0225 0.0175
0 0.90375 0.415 0.0225 0.0225
0 0.84125 0.07 0.0225 0.0225
0 0.87 0.2925 0.02 0.0175
0 0.7169 0.35345 0.02 0.02
0 0.84875 0.1125 0.0175 0.0175
0 0.9275 0.3675 0.02 0.02
0 0.7525 0.25875 0.0225 0.0225
0 0.75125 0.235 0.02 0.02
0 0.7825 0.1725 0.02 0.0175
0 0.7325 0.17 0.02 0.0175
0 0.13125 0.6475 0.015 0.02
0 0.215 0.68375 0.015 0.02
0 0.0425 0.71 0.0175 0.0275
0 0.02125 0.71375 0.0175 0.02
0 0.465 0.7425 0.015 0.025
0 0.24 0.7775 0.0175 0.0225
0 0.12625 0.79875 0.0225 0.02
0 0.2525 0.80875 0.0175 0.025
0 0.33625 0.81 0.015 0.0225
0 0.07125 0.93625 0.02 0.015
0 0.37625 0.93625 0.0225 0.0225
0 0.33875 0.58625 0.03 0.0275
0 0.22 0.97125 0.015 0.0175
0 0.275 0.795 0.0125 0.0175
0 0.44125 0.73625 0.025 0.0225
0 0.16375 0.78375 0.025 0.025
0 0.2025 0.76875 0.02 0.02
0 0.26125 0.69125 0.0225 0.0225
0 0.35375 0.62875 0.0225 0.0225
0 0.4675 0.69625 0.0175 0.0175
0 0.915 0.62125 0.0175 0.02
0 0.8725 0.64375 0.0225 0.02
0 0.9 0.6575 0.0225 0.0225
0 0.58125 0.68375 0.0175 0.0225
0 0.71875 0.70875 0.0225 0.02
0 0.72625 0.84875 0.0275 0.0275
0 0.71875 0.53375 0.0225 0.02
0 0.53875 0.66125 0.02 0.02
0 0.9175 0.81125 0.0225 0.0225
0 0.62 0.73875 0.02 0.02
0 0.97125 0.62 0.0225 0.0225
0 0.61875 0.6775 0.02 0.02
0 0.6145 0.76 0.02 0.02
