0 0.49625 0.42125 0.0225 0.0225
0 0.62652 0.46168 0.02445 0.02278
0 0.9335 0.326 0.01682 0.0203
0 0.64625 0.1575 0.02 0.0175
0 0.56875 0.0475 0.0275 0.0225
0 0.5899 0.2233 0.02375 0.0216
0 0.09125 0.15 0.0225 0.0225
0 0.11875 0.02 0.025 0.0175
0 0.46778 0.4225 0.0225 0.0225
0 0.9775 0.39875 0.02 0.02
0 0.11625 0.06375 0.0225 0.0225
0 0.035 0.22625 0.02 0.02
0 0.83375 0.24875 0.02 0.02
0 0.89625 0.37125 0.0175 0.0175
0 0.53 0.465 0.02 0.0175
0 0.06425 0.11687 0.02135 0.01945
0 0.05702 0.08505 0.01762 0.02013
0 0.06792 0.0551 0.018 0.02092
0 0.54947 0.11193 0.01862 0.02208
0 0.78808 0.25475 0.01903 0.022
0 0.7296 0.2025 0.01632 0.02285
0 0.6325 0.88375 0.025 0.0225
0 0.64132 0.78137 0.02245 0.017
0 0.57875 0.78875 0.0175 0.0175
0 0.61 0.7725 0.0175 0.02
0 0.51625 0.6675 0.02 0.02
0 0.8175 0.63625 0.0175 0.0175
0 0.36875 0.6575 0.025 0.0225
0 0.43625 0.65625 0.015 0.015
0 0.45 0.6675 0.0175 0.0175
0 0.6925 0.82625 0.025 0.0175
0 0.84875 0.97125 0.015 0.0175
0 0.87375 0.70625 0.02 0.02
0 0.78375 0.96375 0.02 0.015
0 0.06 0.60375 0.0225 0.02
0 0.81375 0.9775 0.02 0.02
0 0.5325 0.8675 0.02 0.02
0 0.455 0.65 0.02 0.025
0 0.05 0.65625 0.02 0.025
0 0.72625 0.8925 0.0225 0.0175
0 0.77375 0.53 0.0225 0.0225
0 0.59375 0.89375 0.02 0.02
0 0.7225 0.84375 0.02 0.02
0 0.9525 0.84625 0.02 0.02
0 0.72625 0.91875 0.02 0.02
0 0.32625 0.60375 0.02 0.0175
0 0.81875 0.61375 0.025 0.025
0 0.77927 0.60412 0.0175 0.01717
0 0.5135 0.68707 0.01588 0.01692
0 0.538 0.65423 0.01887 0.02453
0 0.8808 0.80173 0.01698 0.0195
0 0.90382 0.80795 0.01655 0.01947
0 0.93063 0.79945 0.0148 0.01857
0 0.45572 0.6031 0.01682 0.0187
