0 0.715 0.24 0.0225 0.0225
0 0.7 0.33125 0.02 0.0275
0 0.83875 0.2325 0.0225 0.02
0 0.79 0.55125 0.0375 0.03
0 0.16375 0.955 0.02 0.02
0 0.49125 0.96 0.02 0.02
0 0.92625 0.15125 0.025 0.0225
0 0.39625 0.33 0.025 0.0225
0 0.35875 0.335 0.025 0.02
0 0.5825 0.1525 0.02 0.02
0 0.86375 0.1775 0.015 0.02
0 0.86375 0.535 0.02 0.0175
0 0.75375 0.41875 0.0175 0.0225
0 0.35 0.96625 0.0225 0.015
0 0.16625 0.9275 0.03 0.0275
0 0.39625 0.33 0.025 0.0225
0 0.76125 0.335 0.025 0.025
0 0.69125 0.14125 0.02 0.02
0 0.28875 0.87375 0.02 0.02
0 0.86625 0.41 0.0225 0.0225
0 0.94875 0.125 0.025 0.025
0 0.12875 0.54195 0.025 0.025