0 0.69625 0.2725 0.02 0.0225
0 0.75125 0.24875 0.0225 0.02
0 0.775 0.36125 0.0225 0.0225
0 0.71 0.3375 0.025 0.025
0 0.28125 0.08125 0.02 0.0225
0 0.20625 0.0925 0.0175 0.0225
0 0.24875 0.15875 0.0275 0.0275
0 0.3214 0.160025 0.02 0.0225
0 0.4275 0.225 0.0225 0.0225
0 0.19375 0.93625 0.0225 0.0225
0 0.17375 0.95375 0.0225 0.02
0 0.14625 0.90625 0.015 0.015
0 0.29375 0.94625 0.0175 0.0175
0 0.26 0.9325 0.0225 0.02
0 0.20125 0.79625 0.0225 0.0175
0 0.21 0.92625 0.0125 0.015
0 0.48524999999999996 0.9419249999999999 0.017 0.021324999999999997
0 0.9175 0.825 0.02 0.015
0 0.86 0.78875 0.025 0.0175
0 0.88905 0.773875 0.0206 0.021825
0 0.66625 0.74 0.02 0.015
0 0.72875 0.67375 0.02 0.0175
0 0.641375 0.16037500000000002 0.02725 0.01825
0 0.61 0.19 0.0225 0.0175
0 0.775 0.17875 0.0175 0.015
0 0.17375 0.105 0.02 0.015
0 0.046950000000000006 0.062975 0.021375 0.020425
0 0.5675 0.24875 0.015 0.02
0 0.55125 0.225 0.0175 0.0175
0 0.55125 0.1725 0.015 0.015
0 0.835 0.3725 0.0175 0.02
0 0.764725 0.275225 0.024474999999999997 0.02045
0 0.7425 0.145 0.02 0.0175
0 0.88875 0.425 0.015 0.0225
0 0.8658 0.409025 0.0159 0.020550000000000002
0 0.96 0.3475 0.0175 0.0175
0 0.96625 0.43625 0.015 0.02
0 0.94625 0.4225 0.015 0.025
0 0.97165 0.0702 0.025775000000000003 0.0229
0 0.38 0.94 0.0225 0.0225
0 0.34 0.96375 0.02 0.0175
0 0.7403 0.625325 0.021925 0.01685
0 0.755 0.64625 0.02 0.015
0 0.030325 0.87015 0.021875 0.0253
0 0.35875 0.1575 0.02 0.0175
0 0.261675 0.13805 0.02665 0.0236
0 0.7425 0.3325 0.02 0.0175
0 0.7675 0.33375 0.0225 0.02
0 0.435 0.0375 0.0175 0.0175
0 0.19715 0.032325 0.020724999999999997 0.02035
0 0.495 0.17875 0.015 0.0175
0 0.93875 0.465 0.02 0.0175
0 0.93625 0.485 0.015 0.0175
0 0.88875 0.39875 0.0225 0.0175
0 0.85375 0.38375 0.0175 0.02
0 0.14125 0.0725 0.0225 0.015
0 0.43 0.8625 0.0225 0.02
0 0.67125 0.66875 0.0175 0.015
0 0.335 0.1275 0.025 0.025
0 0.8725 0.3225 0.0225 0.02
0 0.9225 0.345 0.02 0.02
0 0.8425 0.4125 0.0175 0.0225
0 0.69 0.18125 0.02 0.02
0 0.15625 0.1225 0.0175 0.015
0 0.7475 0.89125 0.0175 0.02
0 0.745 0.7425 0.02 0.0225
0 0.81375 0.6075 0.0275 0.02
0 0.82125 0.22625 0.0225 0.0275
0 0.42 0.205 0.015 0.0175
0 0.37625 0.87 0.0125 0.02
0 0.5075 0.19 0.0125 0.015
0 0.30215 0.985 0.02 0.0175
0 0.11 0.98375 0.0225 0.02
0 0.12375 0.05125 0.02 0.02
0 0.1525 0.025 0.0225 0.0225
0 0.09875 0.12125 0.02 0.02
0 0.80375 0.21 0.02 0.02
0 0.41375 0.16625 0.02 0.02
0 0.16125 0.8375 0.02 0.0175
0 0.0975 0.9775 0.02 0.02
0 0.179875 0.9228749999999999 0.024249999999999997 0.02025
0 0.18005 0.986975 0.023925000000000002 0.023925000000000002
0 0.21807500000000002 0.9899 0.021275 0.020225
0 0.20504999999999998 0.9672750000000001 0.0218 0.019675
0 0.568575 0.22922499999999998 0.020950000000000003 0.01655