0 0.50875 0.9425 0.03 0.0325
0 0.945 0.65875 0.025 0.02
0 0.64625 0.85125 0.0225 0.025
0 0.5575 0.92375 0.025 0.0225
0 0.49 0.88375 0.0225 0.015
0 0.10875 0.2025 0.025 0.02
0 0.88875 0.23875 0.0225 0.0225
0 0.88375 0.27 0.03 0.0225
0 0.7975 0.2775 0.02 0.015
0 0.825 0.27875 0.025 0.02
0 0.1025 0.18 0.025 0.02
0 0.02625 0.1325 0.0175 0.02
0 0.03 0.2675 0.025 0.0225
0 0.1275 0.15125 0.0275 0.0225
0 0.10875 0.29375 0.025 0.02
0 0.72 0.94375 0.0175 0.0225
0 0.72875 0.0325 0.02 0.02
0 0.15 0.05125 0.0225 0.0175
0 0.22625 0.01125 0.02 0.02
0 0.05875 0.32 0.0225 0.0225
0 0.5225 0.71375 0.0225 0.02