0 0.53875 0.07375 0.02 0.015
0 0.37375 0.21125 0.0175 0.0175
0 0.34125 0.21755 0.025 0.02007
0 0.38875 0.08625 0.025 0.0225
0 0.10875 0.1625 0.0175 0.015
0 0.03125 0.42625 0.0175 0.0225
0 0.3975 0.22125 0.025 0.0225
0 0.09125 0.17625 0.02 0.02
0 0.26375 0.41625 0.0225 0.0225
0 0.0575 0.1 0.02 0.02
0 0.06 0.39 0.0225 0.02
0 0.1275 0.18375 0.02 0.02
0 0.8275 0.06625 0.02 0.0175
0 0.04727 0.41642 0.01792 0.02033
0 0.02967 0.38677 0.0165 0.01997
0 0.02345 0.03507 0.01653 0.02015
0 0.12585 0.11457 0.0178 0.01667
0 0.21738 0.2801 0.02227 0.01915
0 0.23738 0.23243 0.0176 0.022
0 0.48515 0.10915 0.01137 0.01472
0 0.49757 0.06012 0.01657 0.01667
0 0.41245 0.1219 0.01242 0.0206
0 0.2816 0.36947 0.015 0.01572
0 0.25405 0.45882 0.01702 0.01407
0 0.26785 0.4503 0.01605 0.01847
0 0.07367 0.12565 0.0152 0.01918
0 0.41625 0.1516 0.0182 0.01567
0 0.11873 0.13 0.016 0.01538
0 0.0751 0.14858 0.01627 0.01677
0 0.91127 0.05038 0.0172 0.0168
0 0.95835 0.10388 0.00065 0.00057
0 0.805 0.85625 0.0225 0.0225
0 0.4925 0.6075 0.02 0.02
0 0.0775 0.73875 0.0225 0.0175
0 0.70875 0.825 0.03 0.0225
0 0.73125 0.69625 0.0225 0.02
0 0.76125 0.75 0.02 0.02
0 0.91375 0.91 0.02 0.02
0 0.86 0.695 0.0275 0.0275
0 0.92698 0.96795 0.01897 0.01843
0 0.14105 0.51897 0.02187 0.02208
0 0.0944 0.715 0.01915 0.0193
0 0.73115 0.81315 0.01765 0.01735
0 0.72177 0.7718 0.01855 0.02038
0 0.74588 0.82678 0.0136 0.01607
0 0.84912 0.9379 0.01968 0.02045
