0 0.3825 0.04875 0.02 0.02
0 0.695 0.13375 0.0225 0.0175
0 0.73125 0.29875 0.0225 0.0225
0 0.335 0.4125 0.025 0.025
0 0.40193 0.38025 0.02027 0.02045
0 0.255 0.055 0.02 0.0225
0 0.5325 0.10375 0.025 0.0225
0 0.56125 0.09375 0.0225 0.02
0 0.49875 0.1925 0.0175 0.02
0 0.3241 0.16067 0.02178 0.01935
0 0.54385 0.2411 0.01978 0.01717
0 0.56225 0.32933 0.02197 0.01885
0 0.61625 0.32625 0.02 0.0175
0 0.69875 0.435 0.025 0.0225
0 0.30125 0.28375 0.02 0.0175
0 0.27322 0.03168 0.02142 0.02085
0 0.0314 0.24885 0.02885 0.0323
0 0.385 0.11 0.0175 0.0225
0 0.10707 0.31135 0.02453 0.02467
0 0.96875 0.02375 0.025 0.0225
0 0.71 0.255 0.0225 0.0225
0 0.56375 0.13875 0.0225 0.0225
0 0.1675 0.12375 0.0225 0.0225
0 0.61055 0.2013 0.01933 0.0187
0 0.1289 0.2873 0.01495 0.01925
0 0.14295 0.29007 0.01232 0.01805
0 0.13165 0.26815 0.02045 0.01485
0 0.36133 0.2464 0.02268 0.0196
0 0.43143 0.39028 0.02178 0.0216
0 0.44337 0.30125 0.0207 0.02035
0 0.47065 0.29127 0.01808 0.01825
0 0.488 0.30135 0.0222 0.02057
0 0.49178 0.25275 0.01928 0.01798
0 0.4162 0.23115 0.0199 0.01588
0 0.41362 0.18745 0.0201 0.02132
0 0.4489 0.18957 0.01923 0.02022
0 0.49095 0.35278 0.02295 0.0216
0 0.66245 0.42888 0.01957 0.01847
0 0.8912 0.48752 0.02525 0.01792
0 0.41708 0.38533 0.01808 0.0204
0 0.43818 0.32375 0.01833 0.02215
0 0.60693 0.31022 0.01742 0.01865
0 0.77875 0.14533 0.01823 0.0228
0 0.38803 0.2566 0.02038 0.01893
0 0.28907 0.1339 0.01562 0.02138
0 0.32015 0.1343 0.02065 0.02038
0 0.2923 0.22838 0.01498 0.01925
0 0.3192 0.36612 0.017 0.01975
0 0.29485 0.34873 0.02005 0.0189
0 0.9713 0.13662 0.01937 0.02325
0 0.61585 0.57308 0.0242 0.0226
0 0.5423 0.57652 0.02962 0.02558
0 0.56995 0.6139 0.0249 0.02527
0 0.7375 0.575 0.02 0.0225
0 0.70125 0.64625 0.0225 0.0225
0 0.76125 0.65 0.0275 0.025
0 0.71125 0.67625 0.02 0.02
0 0.7601 0.70535 0.0252 0.02178
0 0.71 0.70375 0.025 0.02
0 0.9375 0.80875 0.0225 0.025
0 0.70098 0.963 0.02575 0.0224
0 0.84323 0.8494 0.01833 0.02065
0 0.6575 0.5625 0.02 0.02
0 0.91375 0.91625 0.0225 0.0225
0 0.68125 0.81625 0.02 0.02
0 0.76935 0.868 0.0237 0.01727
0 0.59653 0.666 0.02517 0.01773
0 0.669 0.7454 0.01837 0.0158
0 0.65205 0.84327 0.01837 0.01868
0 0.7953 0.93057 0.01915 0.01827
0 0.78817 0.9048 0.01742 0.01673
0 0.76963 0.8829 0.02145 0.01812
0 0.7301 0.6659 0.01837 0.01643
0 0.62218 0.62838 0.0158 0.01745
0 0.62953 0.64015 0.01593 0.0197
0 0.6837 0.53085 0.01562 0.02243
0 0.74652 0.73073 0.0252 0.0168
0 0.86282 0.86447 0.01897 0.01392
0 0.99018 0.87517 0.01965 0.0218
