0 0.10875 0.025 0.0225 0.02
0 0.07375 0.54125 0.0175 0.0175
0 0.0625 0.595 0.0175 0.02
0 0.6075 0.815 0.0225 0.0225
0 0.1275 0.79 0.02 0.0175
0 0.37875 0.755 0.02 0.0225
0 0.3225 0.76 0.02 0.0225
0 0.4075 0.79375 0.02 0.02
0 0.235 0.19125 0.0225 0.0175
0 0.54625 0.8075 0.025 0.025
0 0.17625 0.645 0.025 0.0225
0 0.35625 0.73375 0.0225 0.0225
0 0.23625 0.76875 0.0175 0.0175
0 0.44875 0.8475 0.0225 0.02
0 0.07875 0.5675 0.02 0.0175
0 0.05 0.105 0.0225 0.0225
0 0.09625 0.78875 0.02 0.02
0 0.0675 0.1025 0.0225 0.0225
0 0.05375 0.04375 0.025 0.025
0 0.3775 0.7275 0.02 0.02
0 0.3386 0.809875 0.023125 0.027374999999999997
0 0.1082 0.634475 0.029025 0.02825
0 0.19365 0.785425 0.027275 0.027975
0 0.0964 0.536175 0.026525 0.023250000000000003
0 0.03105 0.07685 0.0253 0.023525