0 0.1075 0.375 0.025 0.025
0 0.0775 0.37125 0.0225 0.02
0 0.13 0.46 0.02 0.0275
0 0.14875 0.46375 0.02 0.025
0 0.16125 0.40625 0.0175 0.0225
0 0.04875 0.405 0.0225 0.0225
0 0.02875 0.17375 0.0225 0.0175
0 0.065 0.15625 0.0275 0.0175
0 0.15875 0.2975 0.03 0.0225
0 0.0325 0.0725 0.0225 0.015
0 0.36 0.305 0.0225 0.0225
0 0.52 0.36 0.0225 0.0225
0 0.6875 0.23 0.0175 0.0225
0 0.68625 0.27875 0.02 0.0225
0 0.75375 0.38875 0.0175 0.025
0 0.755 0.17 0.02 0.0275
0 0.71 0.2725 0.02 0.0175
0 0.10875 0.65375 0.025 0.0275
0 0.10875 0.5775 0.0225 0.0225
0 0.125 0.51 0.025 0.0175
0 0.17625 0.8025 0.0325 0.0275
0 0.09125 0.93375 0.0225 0.0225
0 0.1525 0.5225 0.0275 0.02
0 0.195 0.545 0.0225 0.0175
0 0.25125 0.5625 0.0225 0.025
0 0.20125 0.63875 0.025 0.0225
0 0.23875 0.77125 0.0275 0.025
0 0.34375 0.725 0.025 0.0225
0 0.30875 0.53625 0.025 0.0275
0 0.30625 0.5625 0.025 0.0175
0 0.45625 0.81 0.0275 0.0225
0 0.41625 0.73875 0.025 0.02
0 0.3925 0.74625 0.03 0.0325
0 0.42 0.75375 0.025 0.0225
0 0.2825 0.78 0.025 0.025
0 0.37125 0.90875 0.0225 0.02
0 0.47875 0.9025 0.0225 0.03
0 0.40375 0.85375 0.0225 0.02
0 0.25375 0.84875 0.0275 0.02
0 0.3075 0.855 0.02 0.0225
0 0.3 0.68125 0.025 0.02
0 0.46125 0.75375 0.0225 0.0225
0 0.195 0.65875 0.0225 0.02
0 0.26875 0.5625 0.0225 0.0225
0 0.2125 0.51 0.0225 0.02
0 0.54625 0.89625 0.0325 0.0275
0 0.6 0.61375 0.02 0.02
0 0.74262 0.5875 0.02 0.02
0 0.66375 0.5225 0.02 0.02
