0 0.3075 0.58625 0.0225 0.015
0 0.41 0.42625 0.0225 0.0225
0 0.88625 0.3725 0.02 0.02
0 0.07875 0.79 0.02 0.02
0 0.98 0.7771750000000001 0.0225 0.02
0 0.99285 0.93265 0.014275 0.02245
0 0.9107999999999999 0.8101 0.01805 0.02375
0 0.9588500000000001 0.804375 0.019475 0.017675
0 0.973225 0.8314499999999999 0.019675 0.01825
0 0.991075 0.965475 0.017849999999999998 0.016675
0 0.5572 0.523775 0.01795 0.020775000000000002
0 0.95635 0.88035 0.014475 0.014275
0 0.9799 0.94935 0.018725000000000002 0.014775