0 0.34975 0.6269250000000001 0.0253 0.022375
0 0.115 0.79375 0.02 0.0175
0 0.28952500000000003 0.60565 0.02405 0.020925
0 0.1925 0.71375 0.02 0.02
0 0.209175 0.6 0.02 0.02
0 0.32582500000000003 0.59125 0.025 0.025
0 0.3925 0.74375 0.025 0.0225
0 0.06125 0.795 0.02 0.02
0 0.075725 0.7488750000000001 0.019299999999999998 0.0174
0 0.050975 0.7300749999999999 0.016225 0.02265
0 0.095925 0.7109749999999999 0.016875 0.0184
0 0.1213 0.649825 0.015825 0.017475
0 0.1346 0.6435 0.012924999999999999 0.017375
0 0.1449 0.6909000000000001 0.014825 0.021099999999999997
0 0.14675000000000002 0.716125 0.018500000000000003 0.02155
0 0.303125 0.80745 0.020550000000000002 0.020274999999999998
0 0.13935 0.9309499999999999 0.017975 0.017275