0 0.83875 0.525 0.0225 0.015
0 0.88 0.5625 0.02 0.02
0 0.6475 0.755 0.0175 0.0175
0 0.915 0.8825 0.0125 0.0125
0 0.78875 0.7725 0.02 0.0175
0 0.5025 0.13625 0.0175 0.0175
0 0.57625 0.4525 0.0175 0.02
0 0.8375 0.915 0.015 0.0125
0 0.97375 0.95125 0.0175 0.02
0 0.79125 0.13125 0.0225 0.0225
0 0.745 0.615 0.0225 0.0225
0 0.7075 0.3 0.02 0.02
0 0.726575 0.335 0.0175 0.0175
0 0.985 0.12875 0.02 0.02
0 0.586575 0.31625 0.02 0.02
0 0.55875 0.53375 0.0175 0.0175
0 0.65375 0.68875 0.0175 0.0175
0 0.79375 0.80125 0.0175 0.0175
0 0.85 0.82875 0.0175 0.0175