0 0.8125 0.11375 0.0275 0.03
0 0.88375 0.12 0.0225 0.02
0 0.79375 0.1425 0.02 0.025
0 0.06625 0.15125 0.025 0.025
0 0.70125 0.0625 0.0175 0.0175
0 0.16125 0.2025 0.02 0.02
0 0.805 0.20875 0.02 0.02
0 0.7225 0.86875 0.0225 0.02
0 0.61 0.94375 0.0225 0.02
0 0.6125 0.8925 0.0225 0.0175
0 0.7025 0.97625 0.0175 0.0175
0 0.8 0.89625 0.0175 0.0175
0 0.67125 0.92875 0.0225 0.0225
0 0.62875 0.74875 0.0175 0.0225
0 0.76125 0.94 0.025 0.0225
0 0.60375 0.8425 0.0225 0.02
0 0.665 0.9725 0.02 0.02
0 0.68 0.695 0.0275 0.025
0 0.75125 0.6675 0.02 0.02
