0 0.1875 0.34625 0.03 0.0275
0 0.16 0.31625 0.03 0.0225
0 0.1575 0.29125 0.0275 0.02
0 0.3675 0.34875 0.035 0.0225
0 0.4425 0.3075 0.03 0.025
0 0.24375 0.27 0.025 0.0225
0 0.17375 0.18875 0.025 0.025
0 0.16875 0.0975 0.025 0.0225
0 0.16 0.27125 0.025 0.02
0 0.44875 0.415 0.02 0.02
0 0.455 0.3875 0.02 0.02
0 0.4125 0.36375 0.02 0.0175
0 0.47375 0.265 0.02 0.02
0 0.55125 0.27375 0.0225 0.03
0 0.56875 0.3 0.0225 0.025
0 0.83125 0.38 0.0225 0.0275
0 0.60875 0.27 0.02 0.02
0 0.53125 0.08 0.0225 0.02
0 0.4275 0.86875 0.03 0.0175
0 0.3475 0.6075 0.02 0.0275
0 0.30375 0.855 0.0225 0.0225
0 0.41375 0.57125 0.0175 0.0225
0 0.61875 0.6525 0.02 0.0225
0 0.69 0.8925 0.02 0.02
0 0.55375 0.53 0.0175 0.025
