0 0.2075 0.05625 0.025 0.025
0 0.22375 0.1275 0.02 0.02
0 0.2975 0.11125 0.025 0.02
0 0.30625 0.1375 0.02 0.02
0 0.41125 0.17125 0.0225 0.025
0 0.52 0.2075 0.0225 0.02
0 0.15375 0.0425 0.0275 0.0225
0 0.13625 0.07 0.025 0.0175
0 0.14375 0.10875 0.0225 0.015
0 0.2 0.24625 0.02 0.02
0 0.4225 0.335 0.0175 0.02
0 0.44125 0.3575 0.0225 0.03
0 0.49125 0.45625 0.0225 0.02
0 0.89 0.02625 0.0225 0.0225
0 0.50625 0.37625 0.0225 0.0175
0 0.2975 0.36125 0.025 0.0225
0 0.26125 0.28875 0.025 0.025
0 0.3375 0.15625 0.0225 0.02
0 0.41 0.25625 0.0225 0.0175
0 0.45 0.265 0.02 0.0225
0 0.61875 0.0675 0.02 0.02
0 0.34625 0.1 0.025 0.0225
0 0.255 0.4725 0.025 0.0225
0 0.3225 0.97625 0.03 0.02
0 0.20875 0.73375 0.025 0.0225
0 0.4175 0.9175 0.0275 0.035
0 0.4425 0.8975 0.02 0.0225
0 0.2225 0.58125 0.02 0.02
0 0.0425 0.57625 0.0225 0.0225
0 0.685 0.8875 0.025 0.025
0 0.62125 0.93 0.025 0.025
0 0.51 0.75125 0.02 0.0225
0 0.51125 0.715 0.025 0.025
0 0.24375 0.6125 0.0225 0.0225
0 0.31625 0.5175 0.0225 0.0225
0 0.36125 0.5125 0.0225 0.0225
