0 0.16 0.54375 0.03 0.0225
0 0.35 0.7075 0.025 0.0225
0 0.36 0.6625 0.0225 0.03
0 0.2075 0.52625 0.02 0.025
0 0.4125 0.745 0.025 0.025
0 0.33 0.80875 0.0225 0.025
0 0.3475 0.79 0.02 0.0225
0 0.45 0.8375 0.03 0.0275
0 0.22875 0.595 0.02 0.025
0 0.32875 0.6075 0.0225 0.0225
0 0.4125 0.60375 0.0175 0.0225
0 0.4875 0.63875 0.0175 0.015
0 0.23375 0.96125 0.02 0.02
0 0.7525 0.795 0.0275 0.0225
0 0.6575 0.75 0.02 0.02
0 0.59125 0.81875 0.0175 0.015
0 0.96875 0.855 0.0225 0.02
0 0.76875 0.815 0.0175 0.0175
0 0.67375 0.77875 0.0225 0.0175
0 0.67125 0.80125 0.015 0.0175
0 0.61875 0.26875 0.0175 0.0175
0 0.8925 0.93 0.0225 0.0225
0 0.6925 0.76 0.02 0.02
