0 0.38625 0.0825 0.02 0.0175
0 0.22375 0.15375 0.02 0.0225
0 0.3025 0.29625 0.025 0.0225
0 0.42 0.3275 0.0275 0.02
0 0.41625 0.195 0.0225 0.02
0 0.42375 0.05375 0.025 0.0225
0 0.25625 0.45 0.0225 0.02
0 0.405 0.22875 0.025 0.0175
0 0.35625 0.2675 0.0175 0.0175
0 0.38125 0.04625 0.0225 0.02
0 0.36875 0.14845 0.02 0.02
0 0.355 0.24375 0.02 0.02
0 0.4775 0.12875 0.02 0.02
0 0.3675 0.47875 0.0225 0.02
0 0.38125 0.45347 0.0225 0.0225
0 0.3645 0.2919 0.01653 0.01597
0 0.39403 0.24915 0.0184 0.01777
0 0.48255 0.21653 0.02223 0.01878
0 0.38795 0.26863 0.0152 0.01585
0 0.29175 0.47555 0.0192 0.01895
0 0.45735 0.14552 0.01827 0.01965
0 0.59125 0.15 0.0225 0.0225
0 0.61875 0.02 0.025 0.0175
0 0.52045 0.155 0.02482 0.02322
0 0.96778 0.4225 0.0225 0.0225
0 0.61625 0.06375 0.0225 0.0225
0 0.535 0.22625 0.02 0.02
0 0.56425 0.11687 0.02135 0.01945
0 0.55702 0.08505 0.01762 0.02013
0 0.56792 0.0551 0.018 0.02092
0 0.50937 0.04988 0.01875 0.02348
0 0.39375 0.6575 0.0275 0.0225
0 0.344 0.5938 0.02135 0.02057
0 0.3775 0.89625 0.025 0.025
0 0.19375 0.78375 0.02 0.0175
0 0.12885 0.80995 0.02587 0.0224
0 0.3318 0.90085 0.02493 0.0247
0 0.36 0.8775 0.025 0.0275
0 0.175 0.58125 0.02 0.0225
0 0.25625 0.59 0.0225 0.0225
0 0.3225 0.67 0.025 0.0225
0 0.42 0.53625 0.02 0.0175
0 0.42625 0.56625 0.015 0.0175
0 0.465 0.65625 0.0175 0.0125
0 0.11 0.52875 0.015 0.015
0 0.0775 0.56 0.015 0.015
0 0.34375 0.8275 0.0175 0.0175
0 0.4 0.90875 0.025 0.02
0 0.17375 0.8375 0.015 0.015
0 0.2825 0.94875 0.0225 0.02
0 0.47625 0.635 0.02 0.02
0 0.0625 0.7325 0.0225 0.0225
0 0.16875 0.555 0.02 0.02
0 0.34625 0.93375 0.0225 0.0225
0 0.335 0.8175 0.02 0.02
0 0.10525 0.795 0.0225 0.02
0 0.0475 0.6225 0.02 0.02
0 0.27125 0.9775 0.02 0.02
0 0.48787 0.5067 0.02038 0.0134
0 0.0662 0.63382 0.0283 0.01808
0 0.2052 0.8064 0.01755 0.01818
0 0.86875 0.6575 0.025 0.0225
0 0.93625 0.65625 0.015 0.015
0 0.95 0.6675 0.0175 0.0175
0 0.56 0.60375 0.0225 0.02
0 0.955 0.65 0.02 0.025
0 0.55 0.65625 0.02 0.025
0 0.52033 0.5975 0.0225 0.0225
0 0.82625 0.60375 0.02 0.0175
0 0.95572 0.6031 0.01682 0.0187
