0 0.2325 0.71375 0.025 0.0225
0 0.295 0.70375 0.0175 0.02
0 0.39625 0.79375 0.015 0.0175
0 0.3775 0.7975 0.0175 0.0175
0 0.04125 0.945 0.0225 0.0175
0 0.39375 0.39 0.02 0.0225
0 0.14 0.9625 0.0175 0.0175
0 0.4375 0.8475 0.0175 0.02
0 0.28125 0.935 0.0225 0.02
0 0.215 0.88875 0.025 0.015
0 0.28375 0.4025 0.0175 0.02
0 0.33 0.80875 0.0175 0.02
0 0.30625 0.76125 0.0175 0.02
0 0.22125 0.85625 0.0225 0.015
0 0.105 0.435 0.0175 0.0175
0 0.225 0.3725 0.0275 0.0225
0 0.205 0.34875 0.025 0.02
0 0.13125 0.39375 0.0225 0.0175
0 0.31 0.53625 0.0175 0.0225
0 0.48625 0.84125 0.025 0.0225
0 0.44625 0.8025 0.0175 0.02
0 0.02625 0.98625 0.0225 0.0225
0 0.2025 0.72625 0.02 0.0225
0 0.11875 0.64625 0.0175 0.0225
0 0.3125 0.79125 0.0175 0.02
0 0.365 0.8225 0.015 0.0225
0 0.40625 0.895 0.02 0.02
0 0.37375 0.85375 0.015 0.02
0 0.12375 0.43 0.02 0.02
0 0.2675 0.6997 0.02 0.0175
0 0.475 0.96125 0.02 0.02
0 0.24625 0.79875 0.0225 0.0225
0 0.21375 0.54875 0.02 0.02
0 0.16125 0.6325 0.0225 0.0225
0 0.395 0.77 0.02 0.02
0 0.1275 0.72375 0.02 0.02
0 0.15875 0.505 0.0225 0.0225
0 0.96875 0.86375 0.025 0.025
0 0.6525 0.8525 0.0275 0.0225
0 0.61 0.85625 0.0225 0.0225
0 0.5725 0.8675 0.0225 0.0175
0 0.80625 0.8425 0.0225 0.025
0 0.6075 0.44625 0.0175 0.0175
0 0.6325 0.48375 0.015 0.0225
0 0.8625 0.81625 0.0225 0.0225
0 0.97875 0.12375 0.02 0.0175
0 0.835 0.4275 0.0225 0.02
0 0.65 0.4725 0.0175 0.015
0 0.6125 0.93375 0.02 0.0225
0 0.5725 0.89 0.015 0.015
0 0.54875 0.825 0.0175 0.0225
0 0.88375 0.75125 0.025 0.02
0 0.6875 0.83125 0.0175 0.0225
0 0.70125 0.45875 0.015 0.02
0 0.7125 0.175 0.0225 0.0225
0 0.68875 0.86 0.0225 0.02
0 0.51688 0.84 0.0275 0.0275
