0 0.1675 0.34375 0.0275 0.0275
0 0.16625 0.32125 0.025 0.025
0 0.1 0.36875 0.025 0.025
0 0.24657 0.45118 0.02175 0.02022
0 0.28882 0.4763 0.01873 0.02225
0 0.39058 0.42305 0.02402 0.01933
0 0.3776 0.3818 0.01767 0.02072
0 0.23272 0.48435 0.01725 0.02227
0 0.12018 0.23957 0.02428 0.02737
0 0.4331 0.374 0.018 0.02123
0 0.36562 0.39498 0.01712 0.01955
0 0.24423 0.17183 0.02772 0.02223
0 0.28632 0.23 0.0173 0.01715
0 0.28407 0.20283 0.0199 0.01818
0 0.81545 0.40295 0.02482 0.0241
0 0.79375 0.2826 0.02643 0.02232
0 0.64 0.04875 0.0275 0.02
0 0.57 0.27 0.0225 0.0225
0 0.7425 0.24625 0.0225 0.0225
0 0.80802 0.31607 0.01965 0.02322
0 0.76965 0.46562 0.02322 0.02053
0 0.5933 0.01965 0.01698 0.01785
0 0.77277 0.43927 0.01698 0.01965
