0 0.63 0.1575 0.02 0.02
0 0.41 0.18625 0.02 0.02
0 0.2475 0.425 0.02 0.0175
0 0.0875 0.37 0.02 0.0175
0 0.0725 0.33875 0.0175 0.0175
0 0.14125 0.395 0.0225 0.0225
0 0.5575 0.25625 0.0225 0.0225
0 0.5555 0.30103 0.02965 0.0304
0 0.205 0.81125 0.02 0.015
0 0.80875 0.6975 0.02 0.02
0 0.6975 0.885 0.0225 0.0225
0 0.7025 0.85375 0.0225 0.0225
0 0.29078 0.92 0.0225 0.0225
0 0.22125 0.6975 0.025 0.0225
0 0.7325 0.925 0.0225 0.02
0 0.35125 0.67125 0.02 0.0175
0 0.25 0.92375 0.0225 0.02
0 0.79 0.96125 0.0225 0.0225
0 0.21125 0.79125 0.02 0.02
0 0.32875 0.58125 0.02 0.02
0 0.3575 0.9575 0.02 0.02
0 0.40875 0.525 0.0275 0.0275
0 0.41 0.5675 0.025 0.025
0 0.815 0.9225 0.0225 0.02
0 0.41 0.695 0.0225 0.02
0 0.2375 0.85125 0.0225 0.0225
0 0.3909 0.95105 0.02645 0.0233
0 0.17133 0.7967 0.02937 0.02478
0 0.32585 0.94057 0.023 0.03515
0 0.39155 0.90427 0.02902 0.02138
