0 0.235 0.41375 0.025 0.0225
0 0.3225 0.38375 0.025 0.02
0 0.48 0.50875 0.025 0.0225
0 0.69 0.47625 0.025 0.02
0 0.7225 0.4675 0.025 0.025
0 0.2421 0.49155 0.029175 0.024375
0 0.17375 0.62625 0.02 0.0175
0 0.27375 0.555 0.02 0.02
0 0.23875 0.56125 0.02 0.015
0 0.28625 0.5225 0.0225 0.0175
0 0.3075 0.5475 0.02 0.015
0 0.195 0.87 0.0225 0.0225
0 0.065 0.8775 0.0275 0.0175
0 0.26625 0.21375 0.02 0.0175
0 0.06875 0.24125 0.02 0.0175
0 0.25625 0.08125 0.02 0.0175
0 0.1025 0.47625 0.0175 0.0225
0 0.1325 0.38625 0.025 0.0225
0 0.25 0.35625 0.0225 0.0175
0 0.07 0.08125 0.02 0.02
0 0.17375 0.14125 0.02 0.02
0 0.04625 0.35875 0.02 0.0225
0 0.2175 0.04 0.02 0.015
0 0.80875 0.76 0.0175 0.02
0 0.135 0.22625 0.0225 0.02
0 0.69125 0.76 0.0225 0.0225
0 0.81625 0.64875 0.0225 0.03
0 0.36625 0.9325 0.0225 0.02
0 0.02375 0.48375 0.025 0.0275
0 0.09125 0.24625 0.03 0.025
0 0.27625 0.03 0.03 0.025
0 0.3625 0.59125 0.025 0.0225
0 0.01125 0.0225 0.0225 0.0225
0 0.40625 0.335 0.0225 0.0175
0 0.1325 0.35625 0.0175 0.02
0 0.00875 0.4575 0.0175 0.0225
0 0.01375 0.4075 0.02 0.02
0 0.53375 0.59125 0.0175 0.02
0 0.005 0.43375 0.01 0.025
0 0.67375 0.38125 0.0175 0.02
0 0.27 0.18375 0.0175 0.015
0 0.69125 0.76 0.0225 0.0225
0 0.42875 0.345 0.02 0.02
0 0.17 0.27375 0.0175 0.0175
0 0.9025 0.75125 0.0225 0.0225
0 0.815 0.83125 0.0225 0.02
0 0.3225 0.33125 0.02 0.02
0 0.21375 0.47625 0.0225 0.0225
0 0.88 0.955 0.0225 0.02
0 0.06 0.495 0.0225 0.0225
0 0.50875 0.4 0.0225 0.02