0 0.19875 0.7825 0.03 0.02
0 0.5125 0.88625 0.02 0.0175
0 0.62 0.81875 0.0225 0.025
0 0.49875 0.855 0.02 0.02
0 0.53 0.85375 0.02 0.02
0 0.295 0.8725 0.02 0.0225
0 0.305 0.76875 0.025 0.02
0 0.31125 0.81 0.015 0.02
0 0.32375 0.8275 0.0175 0.0175
0 0.52125 0.93875 0.02 0.025
0 0.74 0.8975 0.0175 0.02
0 0.24625 0.91125 0.03 0.0175
0 0.83875 0.9675 0.0175 0.0125
0 0.945 0.8575 0.0175 0.02
0 0.78 0.88375 0.0175 0.02
0 0.57 0.905 0.0225 0.015
0 0.1925 0.83 0.025 0.0175
0 0.57375 0.85625 0.0175 0.015
0 0.30125 0.33 0.0175 0.0175
0 0.26875 0.40125 0.0175 0.025
0 0.55875 0.26 0.015 0.02
0 0.885 0.13625 0.0175 0.015
0 0.26625 0.93125 0.02 0.0175
0 0.175 0.75125 0.0175 0.025
0 0.70875 0.74875 0.0225 0.0225
0 0.5725 0.765 0.0175 0.02
0 0.65755 0.464875 0.020099999999999996 0.02475
0 0.3775 0.205 0.0225 0.02
0 0.4625 0.27 0.015 0.015
0 0.96375 0.68125 0.02 0.0225
0 0.92625 0.6925 0.0225 0.025
0 0.82375 0.9075 0.0125 0.015
0 0.52125 0.4075 0.015 0.02
0 0.47875 0.50375 0.0175 0.0175
0 0.6125 0.5275 0.015 0.0225
0 0.48625 0.61625 0.0175 0.02
0 0.84875 0.5575 0.0175 0.0175
0 0.08875 0.8725 0.0225 0.0175
0 0.2175 0.95625 0.025 0.0175
0 0.375 0.9875 0.0225 0.0175
0 0.33875 0.8275 0.015 0.0225
0 0.2325 0.72375 0.0125 0.02
0 0.24875 0.7225 0.02 0.02
0 0.975 0.975 0.02 0.02
0 0.91 0.8875 0.015 0.02
0 0.915 0.73875 0.02 0.02