0 0.81625 0.10375 0.02 0.015
0 0.77375 0.0725 0.02 0.025
0 0.8875 0.26125 0.0225 0.0225
0 0.625 0.04875 0.0275 0.02
0 0.8075 0.24875 0.0175 0.0225
0 0.11375 0.4675 0.025 0.0225
0 0.5775 0.47625 0.0175 0.02
0 0.895 0.06125 0.0225 0.0225
0 0.11125 0.21625 0.025 0.02
0 0.17 0.11125 0.025 0.0225
0 0.69125 0.07 0.02 0.02
0 0.68625 0.255 0.02 0.02
0 0.84625 0.22125 0.0225 0.0225
0 0.06375 0.86125 0.0175 0.02
0 0.14 0.8325 0.025 0.0175
0 0.795 0.54875 0.0175 0.025
0 0.1325 0.8125 0.02 0.02
0 0.05125 0.80875 0.0225 0.02
0 0.17375 0.79375 0.02 0.0175
0 0.20375 0.7775 0.025 0.0275
