0 0.20375 0.75 0.025 0.02
0 0.26125 0.6925 0.02 0.02
0 0.21 0.8075 0.0175 0.02
0 0.2825 0.91875 0.0175 0.0175
0 0.13125 0.78875 0.025 0.02
0 0.09615 0.8238 0.019074999999999998 0.020950000000000003
0 0.71375 0.64125 0.0225 0.025
0 0.64515 0.7257750000000001 0.020274999999999998 0.02155
0 0.48625 0.68375 0.02 0.02
0 0.5375 0.7575 0.0225 0.02
0 0.83875 0.75625 0.0225 0.02
0 0.855 0.905 0.0325 0.03
0 0.84905 0.8055249999999999 0.022975 0.0225
0 0.725 0.77375 0.02 0.02
0 0.6925 0.74125 0.0175 0.02
0 0.6 0.39875 0.0175 0.0275
0 0.685 0.96125 0.0275 0.02
0 0.73375 0.92875 0.0225 0.02
0 0.695 0.91625 0.0225 0.015
0 0.35125 0.95625 0.0225 0.015
0 0.46375 0.84375 0.025 0.025
0 0.4825 0.815 0.015 0.015
0 0.7325 0.83375 0.02 0.0175
0 0.745 0.8175 0.0175 0.015
0 0.685 0.685 0.0225 0.02
0 0.6575 0.4225 0.025 0.02
0 0.066175 0.534575 0.025375 0.023575
0 0.63375 0.58875 0.0175 0.0175
0 0.51125 0.70875 0.0175 0.02
0 0.5675 0.57625 0.0175 0.0225
0 0.45875 0.76375 0.015 0.02
0 0.865 0.82625 0.025 0.025
0 0.8575 0.845 0.0225 0.02
0 0.89625 0.96125 0.025 0.0275
0 0.9818250000000001 0.115425 0.023849999999999996 0.023375
0 0.17335 0.4911 0.023275 0.026575
0 0.62 0.435 0.025 0.025
0 0.23752500000000001 0.5505749999999999 0.02255 0.018625
0 0.28125 0.68125 0.0225 0.025
0 0.8225 0.99125 0.0175 0.0175
0 0.8125 0.9725 0.0175 0.0225
0 0.48375 0.47625 0.02 0.02
0 0.44375 0.36 0.02 0.0225
0 0.56625 0.50125 0.02 0.02
0 0.87125 0.935 0.0225 0.0175
0 0.7025 0.945 0.0225 0.0175
0 0.79 0.8125 0.025 0.015
0 0.88375 0.585 0.0225 0.0225
0 0.30125 0.835 0.0225 0.0225
0 0.6825 0.625 0.025 0.025
0 0.32875 0.45125 0.0225 0.0225
0 0.84 0.59375 0.0225 0.0225
0 0.7 0.6 0.0225 0.0225
0 0.75 0.8775 0.02 0.02
0 0.68 0.78125 0.0225 0.02
0 0.82625 0.5325 0.02 0.02
0 0.20375 0.5575 0.02 0.02
0 0.45 0.81 0.02 0.02
0 0.57 0.61 0.0175 0.0175
0 0.7075 0.43125 0.0225 0.0225
0 0.850175 0.987975 0.02 0.018825
0 0.2889 0.750475 0.01885 0.018799999999999997
0 0.31255 0.788625 0.017975 0.014775
0 0.9833 0.981975 0.0148 0.01575
0 0.9706999999999999 0.981475 0.012825 0.020075
0 0.717725 0.9172499999999999 0.021675 0.018425
0 0.75105 0.8584499999999999 0.02355 0.0151
0 0.58295 0.5934 0.0216 0.022125
0 0.97575 0.7864249999999999 0.014025000000000001 0.015725
0 0.97655 0.8079999999999999 0.020125 0.0179
0 0.779125 0.59555 0.014950000000000001 0.01605
0 0.775725 0.5771000000000001 0.017525 0.018500000000000003
0 0.28385 0.782675 0.015925 0.015349999999999999
0 0.599825 0.565825 0.0175 0.020925
0 0.8066249999999999 0.570675 0.0168 0.01635
0 0.83525 0.965775 0.017 0.0155
0 0.793675 0.936125 0.0213 0.016875
0 0.8439 0.93155 0.019950000000000002 0.0167