0 0.29845 0.39777 0.02395 0.01947
0 0.18625 0.21 0.025 0.025
0 0.90875 0.13125 0.0225 0.0225
0 0.97125 0.11 0.0225 0.0175
0 0.7925 0.29 0.025 0.02
0 0.94625 0.07 0.025 0.02
0 0.90375 0.095 0.0275 0.02
0 0.6925 0.365 0.0175 0.02
0 0.5435 0.09855 0.02725 0.02278
0 0.65375 0.0725 0.0225 0.0225
0 0.71 0.275 0.025 0.0225
0 0.7725 0.39375 0.02 0.02
0 0.79875 0.11875 0.025 0.0225
0 0.77 0.0875 0.025 0.025
0 0.735 0.39625 0.02 0.02
0 0.57875 0.32125 0.02 0.02
0 0.96583 0.23985 0.02275 0.01723
0 0.9483 0.18825 0.01802 0.0158
0 0.97315 0.18838 0.0213 0.01963
0 0.63967 0.10483 0.01995 0.01878
0 0.12875 0.74625 0.0225 0.015
0 0.0525 0.91875 0.015 0.015
0 0.1275 0.8325 0.02 0.02
0 0.3375 0.67875 0.0225 0.02
0 0.06125 0.86375 0.02 0.02
0 0.11 0.81375 0.0225 0.02
0 0.33875 0.56375 0.0225 0.0225
0 0.81625 0.86 0.0275 0.02
0 0.675 0.93625 0.0175 0.02
0 0.62625 0.9625 0.0225 0.02
0 0.925 0.5425 0.02 0.0225
0 0.6525 0.5575 0.0175 0.02
0 0.68625 0.57375 0.025 0.025
0 0.86 0.775 0.02 0.02
0 0.72125 0.94875 0.02 0.0175
