0 0.0425 0.06125 0.0225 0.0175
0 0.0425 0.1225 0.02 0.015
0 0.05875 0.025 0.0225 0.0175
0 0.05875 0.04 0.0225 0.0175
0 0.09875 0.0325 0.0225 0.02
0 0.0625 0.495 0.03 0.0225
0 0.20375 0.46125 0.025 0.0175
0 0.18875 0.25875 0.03 0.025
0 0.14875 0.27 0.0225 0.025
0 0.1375 0.2125 0.0225 0.02
0 0.17125 0.1075 0.025 0.015
0 0.2125 0.125 0.0175 0.02
0 0.22125 0.3825 0.025 0.025
0 0.41625 0.4225 0.025 0.025
0 0.37875 0.5225 0.025 0.0225
0 0.45125 0.1375 0.025 0.025
0 0.41 0.56 0.025 0.025
0 0.46375 0.43625 0.02 0.02
0 0.45252 0.46485 0.02 0.02
0 0.16125 0.3225 0.02 0.02
0 0.40625 0.49375 0.02 0.02
0 0.20875 0.16625 0.0175 0.0175
0 0.17875 0.1575 0.0175 0.0175
0 0.235 0.31625 0.02 0.02
0 0.4775 0.36125 0.0225 0.0225
0 0.44125 0.45625 0.02 0.02
0 0.28125 0.04 0.0225 0.02
0 0.46375 0.5125 0.0225 0.0225
0 0.37375 0.2925 0.02 0.02
0 0.485 0.54 0.0225 0.0225
0 0.705 0.15875 0.0275 0.02
0 0.585 0.3 0.03 0.03
0 0.53375 0.2325 0.02 0.025
0 0.72875 0.235 0.02 0.02
0 0.755 0.23625 0.0175 0.0225
0 0.61875 0.33625 0.025 0.03
0 0.62625 0.36625 0.0175 0.02
0 0.67125 0.3675 0.025 0.0275
0 0.65875 0.33 0.02 0.0225
0 0.53625 0.36 0.0225 0.02
0 0.5225 0.45625 0.0275 0.0225
0 0.51625 0.395 0.0225 0.0225
0 0.5375 0.25375 0.0225 0.02
0 0.61 0.2275 0.0175 0.02
0 0.9275 0.30625 0.025 0.0225
0 0.81125 0.57125 0.025 0.0225
0 0.89875 0.46 0.02 0.0225
0 0.64 0.27875 0.025 0.025
0 0.54625 0.40625 0.025 0.025
0 0.76 0.6975 0.025 0.025
0 0.77 0.61875 0.02 0.02
0 0.69125 0.68125 0.02 0.02
0 0.665 0.75125 0.0225 0.02
0 0.83375 0.50625 0.02 0.02
0 0.535 0.95375 0.02 0.02
0 0.60125 0.73875 0.02 0.02
0 0.7375 0.77 0.0225 0.02
0 0.88375 0.49625 0.0225 0.02
0 0.81375 0.5375 0.02 0.02
0 0.74625 0.75125 0.02 0.02
0 0.67875 0.95875 0.0225 0.0225
0 0.64 0.89375 0.02 0.02
0 0.89875 0.92375 0.02 0.02
0 0.97625 0.6725 0.0225 0.0225
0 0.60368 0.9127 0.0266 0.02803
0 0.85945 0.1324 0.02652 0.0274
0 0.64225 0.81937 0.03358 0.02475
0 0.91712 0.36733 0.02482 0.01815
0 0.72955 0.15293 0.01818 0.02315
0 0.9177 0.95272 0.01933 0.02365
0 0.87273 0.45158 0.02048 0.0215
0 0.52598 0.30643 0.01887 0.01617
