0 0.2425 0.24125 0.025 0.0225
0 0.91125 0.23875 0.0225 0.0225
0 0.33625 0.3625 0.02 0.02
0 0.58875 0.02875 0.0225 0.0225
0 0.36 0.4825 0.0225 0.02
0 0.21625 0.02625 0.025 0.0225
0 0.355 0.3425 0.02 0.0175
0 0.3525 0.38 0.02 0.02
0 0.8725 0.21 0.025 0.0225
0 0.29 0.485 0.025 0.0225
0 0.28465 0.4378 0.0182 0.01558
0 0.33375 0.305 0.02 0.0175
0 0.26 0.43 0.02 0.02
0 0.94625 0.08 0.02 0.0225
0 0.7525 0.03375 0.0225 0.0225
0 0.35375 0.42 0.02 0.02
0 0.34 0.4425 0.02 0.02
0 0.32625 0.32 0.02 0.02
0 0.795 0.21875 0.0225 0.0225
0 0.7925 0.25625 0.02 0.02
0 0.7275 0.1675 0.02 0.02
0 0.395 0.40625 0.02 0.02
0 0.685 0.07125 0.0225 0.025
0 0.7525 0.1775 0.02 0.02
0 0.86625 0.2275 0.02 0.02
0 0.30828 0.4411 0.01907 0.01777
0 0.50875 0.32 0.0225 0.02
0 0.95 0.0475 0.02 0.02
0 0.67 0.08 0.0225 0.02
0 0.75375 0.15125 0.0175 0.0175
0 0.43875 0.23 0.0225 0.0225
0 0.3125 0.265 0.02 0.02
0 0.395 0.3325 0.0175 0.0175
0 0.17625 0.54875 0.0225 0.02
0 0.2675 0.64125 0.02 0.02
0 0.28 0.52875 0.025 0.025
0 0.37375 0.58 0.0225 0.02
0 0.4175 0.81 0.03 0.0275
0 0.47125 0.87375 0.025 0.0225
0 0.3625 0.89 0.0225 0.02
0 0.41125 0.8675 0.0225 0.02
0 0.19125 0.58625 0.0225 0.0225
0 0.62125 0.87125 0.0275 0.0175
0 0.29875 0.7275 0.02 0.02
0 0.31625 0.7475 0.0225 0.0225
0 0.5975 0.96625 0.0225 0.02
0 0.3175 0.60875 0.0275 0.025
0 0.37375 0.58 0.0225 0.02
0 0.2825 0.675 0.0225 0.0225
0 0.31125 0.82 0.0225 0.0225
0 0.2825 0.5875 0.0225 0.0225
0 0.32875 0.8925 0.02 0.02
0 0.34125 0.5675 0.0225 0.0225
0 0.42 0.71375 0.0275 0.0275
0 0.3575 0.64125 0.0225 0.0225
0 0.4025 0.755 0.0225 0.02
0 0.65625 0.92 0.025 0.0225
0 0.4075 0.73875 0.0225 0.0225
0 0.29875 0.65375 0.025 0.025
0 0.36875 0.5375 0.0225 0.0225
0 0.46125 0.8975 0.0225 0.02
0 0.30875 0.84625 0.0225 0.0225
0 0.3325 0.54125 0.02 0.02
0 0.335 0.71375 0.0225 0.0225
0 0.3575 0.81 0.0225 0.0225
0 0.4675 0.93 0.025 0.025
0 0.375 0.76625 0.0225 0.0225
0 0.43275 0.68615 0.0266 0.0276
0 0.45388 0.73117 0.0266 0.02708
0 0.31152 0.69212 0.02445 0.01805
0 0.3076 0.70953 0.02445 0.0195
0 0.32967 0.62762 0.02248 0.01558
0 0.38212 0.55973 0.02737 0.0259
0 0.33458 0.64233 0.0215 0.0185
0 0.35515 0.61807 0.02053 0.01997
0 0.43843 0.92847 0.018 0.02618
0 0.1599 0.65332 0.0253 0.02517
0 0.18233 0.75835 0.03632 0.02583
