0 0.41625 0.21 0.0175 0.0175
0 0.20375 0.3125 0.0225 0.0225
0 0.2875 0.315 0.015 0.015
0 0.36125 0.325 0.02 0.0175
0 0.34875 0.34 0.015 0.0175
0 0.185 0.37375 0.0175 0.02
0 0.16625 0.41375 0.0275 0.0225
0 0.18625 0.43125 0.0175 0.0175
0 0.1575 0.44875 0.02 0.0175
0 0.13 0.455 0.02 0.0175
0 0.475 0.18375 0.0325 0.0275
0 0.47375 0.23125 0.0275 0.0225
0 0.43875 0.18 0.02 0.0225
0 0.25875 0.4825 0.0225 0.02
0 0.23375 0.33875 0.0225 0.0225
0 0.21397 0.46875 0.0225 0.0225
0 0.14375 0.42625 0.0225 0.0225
0 0.26 0.37375 0.0175 0.0175
0 0.31125 0.29 0.02 0.02
0 0.38625 0.2325 0.0225 0.0225
0 0.35125 0.23625 0.02 0.02
0 0.55 0.15125 0.0225 0.0225
0 0.7025 0.045 0.025 0.0375
0 0.56 0.0525 0.02 0.02
0 0.58 0.05125 0.0175 0.0175
0 0.595 0.06625 0.0225 0.0175
0 0.52125 0.11625 0.0225 0.0175
0 0.55 0.15 0.0225 0.0225
0 0.575 0.3125 0.0225 0.0225
0 0.69343 0.255 0.0275 0.0275
0 0.59375 0.33875 0.025 0.025
0 0.13125 0.54875 0.0275 0.0275
0 0.04 0.57 0.0225 0.025
0 0.06875 0.64375 0.0225 0.025
0 0.20125 0.7675 0.0325 0.025
0 0.08375 0.53 0.0225 0.02
0 0.1425 0.5175 0.02 0.0175
0 0.0675 0.54875 0.02 0.015
0 0.04625 0.545 0.02 0.015
0 0.03625 0.6475 0.02 0.015
0 0.275 0.735 0.0225 0.02
0 0.1375 0.86875 0.0225 0.0225
0 0.2025 0.9475 0.015 0.0175
0 0.43875 0.9325 0.0175 0.015
0 0.1025 0.88875 0.0225 0.0225
0 0.275 0.735 0.0225 0.0225
0 0.09 0.91 0.02 0.02
0 0.8075 0.9125 0.02 0.0225
0 0.83 0.9525 0.0175 0.02
0 0.9025 0.88625 0.0225 0.0225
