0 0.68625 0.1525 0.02 0.0175
0 0.47375 0.1325 0.0225 0.02
0 0.4725 0.1625 0.025 0.02
0 0.61625 0.1575 0.02 0.02
0 0.43375 0.31125 0.0225 0.0175
0 0.4175 0.24875 0.0275 0.0225
0 0.49 0.585 0.025 0.0225
0 0.53 0.55375 0.0225 0.0175
0 0.47375 0.6225 0.0225 0.02
0 0.965 0.69375 0.0225 0.02
0 0.56125 0.55375 0.02 0.0175
0 0.5125 0.7225 0.0225 0.025
0 0.02375 0.62625 0.02 0.02
0 0.0075 0.62875 0.0125 0.02
0 0.4975 0.125 0.025 0.02
0 0.50875 0.61 0.0275 0.02
0 0.39875 0.63625 0.0225 0.02
0 0.765 0.01 0.0175 0.0175
0 0.7775 0.02625 0.015 0.015
0 0.45125 0.3475 0.025 0.025
0 0.5475 0.525 0.0225 0.0225
0 0.5925 0.555 0.0225 0.0225
0 0.5175 0.305 0.0225 0.0225
0 0.5575 0.43625 0.0225 0.0225
0 0.1575 0.90125 0.0225 0.0225
0 0.51625 0.51125 0.02 0.0175
0 0.48125 0.43 0.0225 0.0225
0 0.1475 0.8425 0.02 0.02
0 0.045 0.49 0.02 0.02
0 0.95625 0.86125 0.0225 0.0225
0 0.035 0.52 0.0225 0.02
0 0.055 0.385 0.0275 0.025
0 0.0975 0.68 0.0175 0.0175
0 0.925 0.3025 0.02 0.02
0 0.4725 0.66875 0.02 0.02
0 0.48375 0.705 0.02 0.02
0 0.5975 0.21 0.025 0.025
0 0.38125 0.77 0.02 0.02
0 0.7 0.305 0.0225 0.0225
0 0.52125 0.5875 0.02 0.02
0 0.04375 0.66625 0.02 0.02
0 0.371875 0.6762 0.027325 0.02145
0 0.39752499999999996 0.66045 0.027325 0.02145
0 0.47332500000000005 0.3912 0.02995 0.02085
0 0.90305 0.269725 0.023025000000000004 0.0282
0 0.9871 0.303975 0.025775000000000003 0.02535
0 0.455775 0.6485500000000001 0.026575 0.02025
0 0.475025 0.7821750000000001 0.016375 0.02475
0 0.4525 0.7251000000000001 0.021349999999999997 0.018600000000000002
0 0.03065 0.92975 0.022000000000000002 0.023875
0 0.0113 0.929075 0.019325000000000002 0.019875
0 0.0113 0.9708 0.019325000000000002 0.02185
0 0.594175 0.24322500000000002 0.028925 0.0258
0 0.47515 0.34869999999999995 0.020525 0.030125000000000002
0 0.0528 0.8105249999999999 0.018175 0.0159
0 0.1199 0.643425 0.020874999999999998 0.0215
0 0.0863 0.5543 0.02025 0.01845
0 0.0138 0.653 0.027075000000000002 0.0258
0 0.04995 0.9767 0.019825 0.0204
0 0.97085 0.628475 0.024849999999999997 0.02495
0 0.53125 0.357325 0.02005 0.0207
0 0.54745 0.34354999999999997 0.021875 0.020099999999999996
0 0.01685 0.685125 0.019825 0.021425
0 0.42979999999999996 0.22182500000000002 0.015925 0.019125