0 0.365 0.8575 0.025 0.025
0 0.429775 0.83375 0.024575 0.025
0 0.3975 0.86125 0.02 0.0225
0 0.37625 0.91625 0.0225 0.025
0 0.574075 0.943725 0.02315 0.025025
0 0.671275 0.78735 0.025025 0.027174999999999998
0 0.270875 0.971 0.025750000000000002 0.023075000000000002
0 0.45625 0.685 0.0225 0.02
0 0.495 0.635 0.03 0.0225
0 0.53 0.6825 0.0225 0.02
0 0.11375 0.655 0.0225 0.025
0 0.68125 0.745 0.025 0.025
0 0.27375 0.8925 0.025 0.025
0 0.92125 0.76375 0.02 0.0225
0 0.62125 0.95125 0.0275 0.02
0 0.25375 0.9825 0.0225 0.02
0 0.42875 0.75 0.0225 0.0225
0 0.268325 0.60875 0.0225 0.0225
0 0.74375 0.7375 0.0275 0.025
0 0.88375 0.78 0.0225 0.02
0 0.24375 0.87875 0.025 0.025
0 0.93 0.65875 0.0275 0.0275
0 0.51125 0.53375 0.02 0.0175
0 0.355 0.57 0.025 0.0225
0 0.47875 0.6875 0.02 0.02
0 0.9225 0.280825 0.0225 0.0225
0 0.2025 0.7 0.02 0.02
0 0.40625 0.7025 0.02 0.02
0 0.50875 0.735 0.0175 0.0175
0 0.047925 0.945 0.02 0.02
0 0.455 0.75 0.0225 0.0225
0 0.84125 0.82 0.02 0.02
0 0.37375 0.815 0.0225 0.0225