0 0.36125 0.04125 0.0225 0.025
0 0.38 0.0775 0.025 0.0225
0 0.375 0.09875 0.0225 0.02
0 0.44 0.06375 0.0225 0.025
0 0.27125 0.12625 0.02 0.0175
0 0.42125 0.0225 0.02 0.02
0 0.485 0.11 0.025 0.02
0 0.32375 0.04875 0.02 0.0275
0 0.485 0.025 0.02 0.02
0 0.4325 0.16625 0.0225 0.0175
0 0.52375 0.13375 0.025 0.0175
0 0.59375 0.10875 0.015 0.02
0 0.615 0.065 0.0175 0.015
0 0.6325 0.0375 0.0225 0.02
0 0.6175 0.01875 0.0225 0.0225
0 0.63625 0.06125 0.02 0.025
0 0.45625 0.2025 0.02 0.02
0 0.4475 0.23 0.0275 0.025
0 0.27125 0.17375 0.0225 0.0225
0 0.26375 0.1925 0.015 0.0225
0 0.4575 0.34125 0.03 0.025
0 0.445 0.39375 0.0325 0.0225
0 0.57625 0.47 0.0225 0.0175
0 0.48875 0.28875 0.025 0.02
0 0.4675 0.28375 0.0175 0.02
0 0.42 0.30625 0.025 0.02
0 0.33125 0.08875 0.0175 0.02
0 0.29875 0.2875 0.0225 0.025
0 0.36375 0.295 0.02 0.0225
0 0.46125 0.59875 0.0275 0.02
0 0.53 0.57625 0.025 0.03
0 0.52125 0.555 0.0225 0.02
0 0.5675 0.53125 0.0225 0.025
0 0.56625 0.50875 0.02 0.0175
0 0.5675 0.42125 0.02 0.02
0 0.625 0.46375 0.025 0.0225
0 0.595 0.43375 0.0175 0.0225
0 0.6575 0.5 0.02 0.0225
0 0.62875 0.32875 0.0225 0.0225
0 0.66 0.36375 0.025 0.02
0 0.68875 0.31 0.02 0.0175
0 0.68875 0.20375 0.02 0.0225
0 0.8275 0.1075 0.02 0.0225
0 0.765 0.0425 0.02 0.0225
0 0.86125 0.37125 0.0225 0.0225
0 0.8675 0.21 0.0275 0.02
0 0.70625 0.27875 0.0225 0.0175
0 0.75125 0.43 0.0225 0.02
0 0.72375 0.87625 0.025 0.0275
0 0.765 0.84375 0.0225 0.025
0 0.73875 0.70125 0.025 0.02
0 0.81125 0.56625 0.025 0.0225
0 0.6275 0.55875 0.0175 0.0225
0 0.74125 0.58125 0.0225 0.02
0 0.53625 0.605 0.0225 0.0225
0 0.585 0.6175 0.025 0.025
0 0.39625 0.43375 0.0225 0.0175
0 0.68 0.43375 0.0275 0.0225
0 0.75125 0.37875 0.02 0.0225
0 0.7625 0.39125 0.025 0.0175
0 0.7875 0.3975 0.025 0.0175
0 0.825 0.32375 0.02 0.0225
0 0.79375 0.51125 0.025 0.0275
0 0.81625 0.5175 0.0275 0.0275
0 0.76375 0.5525 0.02 0.02
0 0.83 0.65875 0.0225 0.0225
0 0.725 0.44 0.0225 0.0225
0 0.85625 0.1425 0.02 0.02
0 0.7725 0.12375 0.0225 0.0225
0 0.71375 0.3 0.02 0.02
0 0.56125 0.08125 0.0225 0.0225
0 0.32865 0.16685 0.015325 0.017275
0 0.9575 0.475 0.025 0.025
0 0.79125 0.43 0.02 0.02
0 0.295 0.15375 0.0225 0.0225
0 0.82625 0.08625 0.0225 0.0225
0 0.68625 0.66 0.02 0.02
0 0.6675 0.275 0.02 0.02
0 0.60875 0.43 0.0225 0.02
0 0.815 0.8225 0.0275 0.0275
0 0.69875 0.5275 0.0225 0.02
0 0.68625 0.32875 0.02 0.02
0 0.83125 0.06 0.0225 0.0225
0 0.47125 0.13625 0.0225 0.0225
0 0.85625 0.57125 0.0275 0.025
0 0.5225 0.29375 0.02 0.0225
0 0.43625 0.2725 0.0225 0.0225
0 0.785 0.1225 0.0225 0.0225
0 0.50625 0.52125 0.0225 0.0225
0 0.78375 0.57375 0.02 0.02
0 0.79 0.1075 0.0225 0.02
0 0.79375 0.46375 0.02 0.02
0 0.43875 0.02875 0.02 0.02
0 0.42625 0.4875 0.02 0.02
0 0.4425 0.415 0.025 0.025
0 0.745 0.22875 0.0225 0.0225
0 0.8325 0.41875 0.025 0.025
0 0.8227500000000001 0.20125 0.027025 0.0225
0 0.94875 0.52375 0.0225 0.0225
0 0.7375 0.26625 0.02 0.02
0 0.73375 0.1025 0.0275 0.025
0 0.85375 0.8033499999999999 0.0304 0.03525
0 0.566825 0.511225 0.0194 0.021425
0 0.804225 0.041975 0.014499999999999999 0.02365
0 0.752325 0.021949999999999997 0.024675 0.024225
0 0.768975 0.21065 0.015075 0.02245
0 0.525525 0.48545 0.0191 0.021324999999999997
0 0.713125 0.55485 0.02075 0.0213
0 0.7212999999999999 0.64115 0.020175000000000002 0.015625
0 0.6979000000000001 0.85615 0.019625 0.02245
0 0.766425 0.07075000000000001 0.022425 0.018025
0 0.7819499999999999 0.07894999999999999 0.012825 0.0231
0 0.7938 0.08259999999999999 0.015075 0.022525
0 0.8598 0.165825 0.021825 0.019675
0 0.8386499999999999 0.166375 0.02015 0.0208
0 0.7089 0.505475 0.023575 0.018475
0 0.7238500000000001 0.21267499999999998 0.01735 0.024249999999999997
0 0.7042 0.22145 0.019875 0.0277
0 0.7165 0.326925 0.024125 0.028175
0 0.629625 0.49672499999999997 0.0219 0.026975
0 0.71115 0.8355750000000001 0.023575 0.02075
0 0.5398 0.547875 0.020649999999999998 0.0209
0 0.5466 0.531725 0.0178 0.026575
0 0.46065 0.62725 0.02395 0.02435
0 0.6713 0.741075 0.020825 0.02075
0 0.6872 0.7368250000000001 0.015600000000000001 0.0236
0 0.8496250000000001 0.6458750000000001 0.020274999999999998 0.022225
0 0.856275 0.6681999999999999 0.022174999999999997 0.018425
0 0.748 0.6361249999999999 0.025075 0.022675
0 0.689825 0.580325 0.0208 0.018425
0 0.4633 0.6561 0.016125 0.027475
0 0.477075 0.6584749999999999 0.017075 0.018925
0 0.50995 0.33325000000000005 0.022475000000000002 0.02475
0 0.7400749999999999 0.15835000000000002 0.017425 0.021124999999999998
0 0.787975 0.1975 0.020274999999999998 0.020274999999999998
0 0.8010250000000001 0.21035 0.016175 0.019875
0 0.33972499999999994 0.547225 0.022225 0.0209
0 0.36822499999999997 0.526175 0.01725 0.0209
0 0.425225 0.5995750000000001 0.0222 0.023975
0 0.8093 0.1752 0.023375 0.01905
0 0.690925 0.264925 0.0199 0.021
0 0.778725 0.24850000000000003 0.020274999999999998 0.021075
0 0.7795000000000001 0.266575 0.0226 0.019525
0 0.837575 0.2183 0.021025000000000002 0.019950000000000002
0 0.6050249999999999 0.362525 0.025750000000000002 0.01655
0 0.429975 0.129975 0.028025 0.021775000000000003
0 0.528025 0.1577 0.025675 0.024125
0 0.4167 0.57135 0.0218 0.017
0 0.329925 0.46415 0.03065 0.024825
0 0.7595000000000001 0.749875 0.0241 0.0177
0 0.597675 0.0342 0.018574999999999998 0.0202
0 0.401725 0.396525 0.01795 0.018075
0 0.978075 0.738775 0.02045 0.022174999999999997
0 0.95025 0.68525 0.01655 0.0187
0 0.987375 0.529525 0.015825 0.017975
0 0.959975 0.5336500000000001 0.015774999999999997 0.01665
0 0.9748 0.513475 0.012124999999999999 0.01625
0 0.97045 0.5014 0.0159 0.015300000000000001
0 0.989575 0.5144 0.01725 0.014499999999999999
0 0.9844499999999999 0.6986249999999999 0.020649999999999998 0.0151
0 0.98095 0.633475 0.01725 0.016975
0 0.9339 0.381325 0.016 0.018025
0 0.936225 0.40405 0.0226 0.022250000000000002
0 0.9290999999999999 0.9487749999999999 0.017124999999999998 0.022525
0 0.734025 0.8427 0.0159 0.014624999999999999
0 0.423375 0.005875 0.02005 0.011725000000000001
0 0.4824 0.006375 0.021949999999999997 0.012725
0 0.363325 0.43707500000000005 0.023075000000000002 0.018775
0 0.0837 0.017875000000000002 0.01385 0.0197
0 0.129225 0.034375 0.019175 0.01875
0 0.159275 0.020425 0.020325000000000003 0.0212
0 0.169975 0.0407 0.022525 0.0168
0 0.061799999999999994 0.06355000000000001 0.018225 0.018175
0 0.38280000000000003 0.025825 0.019175 0.017725
0 0.29745 0.052300000000000006 0.016325 0.020675
0 0.39372500000000005 0.014675 0.019675 0.0151