0 0.66625 0.07 0.025 0.03
0 0.76375 0.03 0.02 0.025
0 0.785 0.03875 0.015 0.015
0 0.8 0.04875 0.0225 0.0225
0 0.9475 0.06625 0.0225 0.0275
0 0.81125 0.03 0.02 0.015
0 0.59875 0.06625 0.02 0.0225
0 0.88625 0.275 0.0225 0.02
0 0.87125 0.4775 0.025 0.025
0 0.83875 0.48625 0.0225 0.0225
0 0.375 0.05222 0.0225 0.0225
0 0.65125 0.2758 0.0225 0.0225
0 0.83 0.2725 0.02 0.0175
0 0.5025 0.63625 0.0175 0.0175
0 0.57625 0.9525 0.0175 0.02
0 0.79125 0.63125 0.0225 0.0225
0 0.7075 0.8 0.02 0.02
0 0.72657 0.835 0.0175 0.0175
0 0.985 0.62875 0.02 0.02
0 0.58657 0.81625 0.02 0.02
