0 0.43625 0.36625 0.0225 0.02
0 0.42625 0.39625 0.0225 0.0225
0 0.31125 0.41 0.0225 0.0225
0 0.17375 0.39875 0.02 0.02
0 0.46625 0.43625 0.0225 0.02
0 0.22875 0.42875 0.0225 0.0225
0 0.18625 0.2225 0.02 0.0225
0 0.21375 0.2325 0.02 0.02
0 0.2825 0.44375 0.0225 0.02
0 0.2925 0.2625 0.02 0.02
0 0.36125 0.2475 0.0225 0.02
0 0.20875 0.3625 0.025 0.0225
0 0.32625 0.46625 0.02 0.02
0 0.09625 0.15125 0.0225 0.0225
0 0.09625 0.20875 0.0225 0.0225
0 0.14125 0.1925 0.02 0.02
0 0.1025 0.225 0.0225 0.0225
0 0.4675 0.34125 0.02 0.02
0 0.40125 0.29375 0.02 0.02
0 0.29875 0.27875 0.0175 0.0325
0 0.5475 0.15 0.02 0.0175
0 0.63125 0.29625 0.0225 0.02
0 0.57 0.155 0.0225 0.02
0 0.30625 0.60875 0.025 0.025
0 0.3075 0.5475 0.025 0.0175
0 0.31 0.6875 0.0225 0.025
0 0.2675 0.685 0.0275 0.03
0 0.255 0.72 0.02 0.0225
0 0.18375 0.625 0.0225 0.025
0 0.20625 0.62875 0.03 0.02
0 0.26375 0.6125 0.02 0.0175
0 0.26375 0.86875 0.025 0.03
0 0.18375 0.90625 0.025 0.02
0 0.205 0.5825 0.0225 0.0225
0 0.22 0.71125 0.02 0.02
0 0.32375 0.64 0.02 0.02
0 0.2375 0.90625 0.02 0.02
0 0.2725 0.89375 0.0225 0.02
0 0.29 0.52223 0.0225 0.0225
0 0.18875 0.8425 0.02 0.02
0 0.17035 0.945 0.0225 0.0225
0 0.4575 0.555 0.02 0.02
0 0.05 0.8625 0.0225 0.0225
0 0.165 0.87875 0.02 0.02
0 0.41875 0.8409 0.0225 0.0225
0 0.15 0.68125 0.02 0.02
0 0.2325 0.935 0.025 0.025
0 0.43375 0.81 0.0225 0.0225
0 0.44 0.7775 0.0225 0.02
0 0.425 0.6275 0.02 0.02
0 0.41 0.585 0.02 0.02
0 0.1775 0.57 0.02 0.02
0 0.68125 0.68875 0.0225 0.025
0 0.67875 0.79 0.025 0.0325
0 0.8125 0.8225 0.025 0.0175
0 0.585 0.96 0.03 0.025
0 0.62625 0.87875 0.0225 0.0225
0 0.6225 0.85375 0.0225 0.02
0 0.57625 0.825 0.02 0.02
0 0.925 0.84625 0.025 0.0225
