0 0.3925 0.305 0.02 0.0225
0 0.21625 0.2725 0.02 0.02
0 0.2425 0.355 0.0225 0.02
0 0.4625 0.2025 0.0225 0.02
0 0.08 0.24875 0.025 0.025
0 0.265 0.3125 0.02 0.02
0 0.27875 0.2575 0.02 0.02
0 0.55 0.14 0.0175 0.0225
0 0.61125 0.36875 0.0225 0.025
0 0.66875 0.0825 0.025 0.025
0 0.5975 0.395 0.025 0.0275
0 0.61125 0.41625 0.025 0.025
0 0.81462 0.385 0.0225 0.0225
0 0.7425 0.35875 0.0225 0.0225
0 0.765 0.33 0.02 0.02
0 0.6075 0.19625 0.02 0.02
0 0.2475 0.655 0.0225 0.02
0 0.27625 0.7625 0.025 0.025
0 0.64067 0.76058 0.02647 0.01613
0 0.61875 0.90625 0.0175 0.02
0 0.6625 0.54375 0.02 0.0175
