0 0.4375 0.295 0.03 0.0275
0 0.60125 0.0475 0.0225 0.0225
0 0.90875 0.085 0.0225 0.02
0 0.5816250000000001 0.0215 0.0168 0.021575
0 0.603575 0.010249999999999999 0.019675 0.020499999999999997
0 0.753925 0.222 0.02215 0.018975
0 0.8533 0.7988500000000001 0.020874999999999998 0.0209
0 0.6174000000000001 0.06480000000000001 0.015175000000000001 0.01145
0 0.6261 0.047225 0.012924999999999999 0.014125
0 0.6461 0.05225 0.011375 0.016975
0 0.6324000000000001 0.06797500000000001 0.021 0.017175
0 0.7508750000000001 0.0435 0.0196 0.01915