0 0.33125 0.03375 0.0175 0.02
0 0.315 0.045 0.015 0.0225
0 0.38 0.0575 0.0175 0.0225
0 0.4225 0.09625 0.0225 0.0225
0 0.45125 0.07875 0.015 0.0225
0 0.0475 0.36 0.03 0.0175
0 0.10375 0.3575 0.0225 0.02
0 0.17375 0.32125 0.02 0.02
0 0.1875 0.13375 0.0225 0.0225
0 0.4575 0.15375 0.0225 0.0225
0 0.13 0.36875 0.02 0.02
0 0.445 0.1275 0.0175 0.0175
0 0.3225 0.135 0.0225 0.02
0 0.25375 0.19875 0.02 0.02
0 0.3325 0.05125 0.02 0.0175
0 0.30875 0.39125 0.025 0.0225
0 0.03 0.055 0.0225 0.0225
0 0.58125 0.135 0.0175 0.02
0 0.72875 0.0375 0.0275 0.02
0 0.64625 0.025 0.015 0.02
0 0.79 0.265 0.025 0.0175
0 0.79625 0.2775 0.03 0.015
0 0.84 0.28375 0.025 0.02
0 0.8225 0.2575 0.0225 0.0175
0 0.76125 0.32125 0.025 0.03
0 0.69875 0.34 0.0175 0.0175
0 0.78125 0.4625 0.025 0.0225
0 0.57625 0.45875 0.0175 0.0175
0 0.61375 0.46625 0.0175 0.0175
0 0.59625 0.3725 0.0225 0.0175
0 0.78875 0.4375 0.0175 0.025
0 0.90125 0.41625 0.0225 0.0175
0 0.88625 0.375 0.02 0.015
0 0.855 0.39375 0.0175 0.0175
0 0.535 0.055 0.02 0.0225
0 0.62625 0.19125 0.0275 0.02
0 0.61125 0.22 0.025 0.0275
0 0.51 0.1975 0.02 0.02
0 0.73125 0.12875 0.025 0.0275
0 0.7275 0.27375 0.0225 0.0175
0 0.6675 0.2075 0.02 0.0175
0 0.7525 0.19125 0.02 0.015
0 0.55 0.185 0.02 0.025
0 0.55 0.12875 0.0175 0.02
0 0.75875 0.27875 0.0225 0.0225
0 0.66125 0.15875 0.025 0.0225
0 0.5875 0.14875 0.0225 0.0225
0 0.75875 0.15 0.025 0.025
0 0.68288 0.09625 0.0225 0.02
0 0.1 0.64875 0.0225 0.02
0 0.0925 0.74 0.0225 0.015
0 0.175 0.73875 0.0225 0.0175
0 0.10125 0.6825 0.0225 0.02
0 0.2275 0.83375 0.02 0.02
0 0.35125 0.92625 0.0225 0.0175
0 0.22375 0.94875 0.0175 0.02
0 0.07875 0.67 0.02 0.0225
0 0.1275 0.65375 0.0175 0.0175
0 0.035 0.72375 0.02 0.0225
0 0.11 0.9375 0.02 0.0225
0 0.24625 0.7975 0.0125 0.02
0 0.23 0.78625 0.015 0.015
0 0.20375 0.73 0.0175 0.0175
0 0.40625 0.92875 0.03 0.02
0 0.37875 0.9025 0.02 0.02
0 0.06625 0.59 0.025 0.0225
0 0.24625 0.72375 0.02 0.02
0 0.14375 0.8675 0.0225 0.0225
0 0.27875 0.95125 0.025 0.0225
0 0.4225 0.94625 0.02 0.02
0 0.465 0.65125 0.0225 0.0225
0 0.13625 0.7175 0.02 0.02
0 0.0275 0.6725 0.02 0.02
0 0.33875 0.89125 0.02 0.02
0 0.36375 0.885 0.02 0.02
0 0.29 0.78375 0.02 0.02
0 0.03875 0.57625 0.02 0.02
0 0.10625 0.73 0.02 0.02
0 0.74 0.57875 0.0225 0.0175
0 0.80875 0.56 0.0225 0.025
0 0.77125 0.56875 0.0275 0.02
0 0.9525 0.555 0.0175 0.025
0 0.9525 0.7225 0.025 0.02
0 0.61 0.62625 0.0225 0.02
0 0.92625 0.7975 0.025 0.02
0 0.88625 0.75875 0.0225 0.0175
0 0.88625 0.775 0.0225 0.02
0 0.97375 0.905 0.0225 0.02
0 0.86 0.85375 0.02 0.0225
0 0.96625 0.85125 0.03 0.02
0 0.81375 0.8225 0.0225 0.0275
0 0.95875 0.58875 0.015 0.0175
0 0.81762 0.58125 0.02 0.02
0 0.53125 0.80875 0.025 0.0225
0 0.91625 0.705 0.02 0.02
0 0.9525 0.6425 0.02 0.02
0 0.78 0.6125 0.02 0.02
0 0.74625 0.605 0.02 0.02
0 0.52875 0.8275 0.02 0.02
0 0.78375 0.86375 0.02 0.02
0 0.755 0.7825 0.02 0.02
0 0.8475 0.605 0.02 0.02
0 0.84847 0.57625 0.0225 0.0225
