0 0.0575 0.1775 0.025 0.015
0 0.04375 0.16375 0.025 0.02
0 0.04125 0.225 0.0275 0.02
0 0.05 0.23625 0.025 0.02
0 0.2075 0.21375 0.03 0.02
0 0.1875 0.12125 0.0275 0.0175
0 0.14 0.02125 0.0275 0.02
0 0.10625 0.33 0.025 0.025
0 0.1575 0.45625 0.0275 0.025
0 0.26625 0.15625 0.02 0.0175
0 0.28625 0.16 0.0275 0.0225
0 0.36 0.105 0.02 0.0175
0 0.32875 0.12 0.0225 0.015
0 0.23625 0.57125 0.0225 0.0225
0 0.26875 0.205 0.0225 0.0175
0 0.30375 0.22 0.0275 0.02
0 0.175 0.08 0.0225 0.0225
0 0.14375 0.42625 0.025 0.025
0 0.66 0.11375 0.025 0.015
0 0.71375 0.12125 0.0275 0.02
0 0.695 0.1125 0.025 0.0175
0 0.69375 0.155 0.0175 0.0175
0 0.70875 0.405 0.025 0.0275
0 0.7025 0.36625 0.0175 0.02
0 0.9225 0.30625 0.0225 0.025
0 0.8575 0.37375 0.02 0.0225
0 0.84375 0.57875 0.025 0.02
0 0.86 0.59625 0.025 0.02
0 0.86875 0.61375 0.0275 0.02
0 0.86625 0.30125 0.02 0.0175
0 0.875 0.27125 0.025 0.02
0 0.9775 0.39875 0.02 0.0225
0 0.6725 0.03375 0.015 0.0175
0 0.8875 0.3275 0.0225 0.02
0 0.85625 0.32875 0.0225 0.02
0 0.9225 0.33875 0.0175 0.0225
0 0.935 0.4025 0.0225 0.02
0 0.96375 0.42 0.0175 0.015
0 0.8575 0.37375 0.02 0.02
0 0.9 0.0275 0.0225 0.0225
0 0.94375 0.26 0.0225 0.0225
0 0.8425 0.40625 0.0225 0.0225
0 0.86875 0.395 0.02 0.02
0 0.89375 0.37375 0.02 0.02
0 0.82858 0.2911 0.02393 0.01903
0 0.71 0.30875 0.0225 0.0225
0 0.935 0.13875 0.0225 0.02
