0 0.3225 0.06 0.015 0.015
0 0.3575 0.0675 0.0175 0.02
0 0.345 0.0975 0.0175 0.0225
0 0.31625 0.115 0.015 0.0175
0 0.35125 0.15125 0.015 0.0175
0 0.3175 0.15375 0.02 0.0175
0 0.3625 0.1675 0.0175 0.0175
0 0.32375 0.17125 0.0225 0.0225
0 0.38 0.1875 0.0175 0.0175
0 0.3075 0.2275 0.02 0.0175
0 0.4275 0.265 0.02 0.02
0 0.38125 0.27125 0.02 0.02
0 0.35125 0.27375 0.015 0.0175
0 0.41355 0.28665 0.02038 0.02027
0 0.09737 0.02235 0.02115 0.02033
0 0.3205 0.08732 0.01435 0.01548
0 0.3174 0.07305 0.01692 0.01218
0 0.49062 0.1199 0.01875 0.02193
0 0.3315 0.02695 0.01657 0.01818
0 0.49285 0.02977 0.01427 0.01847
0 0.4933 0.15527 0.0134 0.01773
0 0.24047 0.12527 0.01667 0.0202
0 0.15063 0.02243 0.01375 0.0145
0 0.17207 0.02165 0.0156 0.0147
0 0.1497 0.04985 0.01725 0.01933
0 0.01897 0.04983 0.01653 0.01928
0 0.39675 0.28497 0.01492 0.01935
0 0.18047 0.06923 0.01632 0.01702
0 0.15722 0.06352 0.0159 0.0176
0 0.21565 0.09663 0.0188 0.01648
0 0.23275 0.08258 0.01727 0.02053
0 0.53625 0.0525 0.0175 0.0175
0 0.55875 0.08125 0.0225 0.025
0 0.86375 0.1925 0.0225 0.0225
0 0.55412 0.03625 0.0225 0.0225
0 0.6375 0.03 0.025 0.025
0 0.52322 0.08528 0.01427 0.01518
0 0.50625 0.0701 0.0125 0.02053
0 0.5116 0.0366 0.02322 0.01785
0 0.5308 0.24777 0.01518 0.02053
0 0.89865 0.19552 0.01698 0.02322
0 0.88972 0.15535 0.01518 0.02142
0 0.87545 0.13572 0.02768 0.01965
