0 0.8240000000000001 0.578475 0.026675 0.024874999999999998
0 0.84125 0.5 0.025 0.025
0 0.8375 0.4075 0.025 0.0225
0 0.755575 0.3824 0.025699999999999997 0.021949999999999997
0 0.7422249999999999 0.347075 0.02735 0.024474999999999997
0 0.773275 0.316875 0.027225000000000003 0.02465
0 0.90875 0.33375 0.0225 0.025
0 0.73 0.16 0.0175 0.025
0 0.7159749999999999 0.18505 0.0278 0.023250000000000003
0 0.95 0.51 0.02 0.0175
0 0.923775 0.513175 0.024825 0.022225
0 0.057775 0.960275 0.023075000000000002 0.020575
0 0.9675 0.40625 0.0225 0.02
0 0.763375 0.15095 0.021425 0.022525
0 0.71875 0.09375 0.0225 0.0225
0 0.71875 0.03375 0.0225 0.0175
0 0.97625 0.37625 0.025 0.0275
0 0.94695 0.46204999999999996 0.02475 0.02335
0 0.90125 0.41375 0.0225 0.02
0 0.93375 0.40375 0.02 0.02
0 0.95375 0.35625 0.0225 0.0225
0 0.7716 0.3697 0.02465 0.02155
0 0.7751 0.010475000000000002 0.019825 0.020950000000000003
0 0.898625 0.018775 0.013300000000000001 0.0215
0 0.1729 0.5739 0.019 0.019225000000000003
0 0.97355 0.475475 0.01895 0.016925
0 0.9567 0.38182499999999997 0.01875 0.019025
0 0.87535 0.30662500000000004 0.02035 0.018600000000000002
0 0.7103499999999999 0.054275000000000004 0.0207 0.02105
0 0.764575 0.030899999999999997 0.019424999999999998 0.01965
0 0.99035 0.39835 0.019299999999999998 0.021175000000000003
0 0.899475 0.516525 0.020375 0.020575
0 0.9933 0.527825 0.0134 0.021724999999999998
0 0.739975 0.190125 0.018275 0.01615