0 0.59875 0.0825 0.03 0.02
0 0.67375 0.135 0.02 0.02
0 0.78 0.2675 0.02 0.0225
0 0.765 0.33875 0.0175 0.0225
0 0.74375 0.34375 0.015 0.015
0 0.685 0.35 0.0225 0.02
0 0.72 0.33625 0.0175 0.02
0 0.83 0.22625 0.02 0.0175
0 0.7 0.125 0.0175 0.015
0 0.68875 0.10125 0.0175 0.0225
0 0.625 0.04875 0.0175 0.0125
0 0.4425 0.0575 0.02 0.0175
0 0.65 0.2275 0.0175 0.015
0 0.84625 0.09875 0.0225 0.02
0 0.73625 0.11 0.0225 0.02
0 0.7125 0.15125 0.0175 0.0175
0 0.78875 0.37375 0.0175 0.02
0 0.7775 0.445 0.0175 0.0225
0 0.7475 0.45125 0.0175 0.0175
0 0.805 0.4425 0.0175 0.0175
0 0.88125 0.095 0.02 0.02
0 0.905 0.09375 0.0175 0.015
0 0.81 0.39125 0.0225 0.025
0 0.78875 0.0975 0.0175 0.02
0 0.66375 0.04875 0.0175 0.0175
0 0.6825 0.06 0.0175 0.0175
0 0.75875 0.1975 0.015 0.0175
0 0.7075 0.40375 0.0125 0.015
0 0.71625 0.3925 0.0175 0.015
0 0.7425 0.1475 0.02 0.0175
0 0.74625 0.18 0.025 0.0175
0 0.77125 0.1425 0.02 0.0125
0 0.485 0.0425 0.015 0.0125
0 0.70125 0.235 0.0175 0.02
0 0.7325 0.32375 0.025 0.02
0 0.6 0.47 0.0175 0.0175
0 0.6375 0.20625 0.02 0.02
0 0.23875 0.04375 0.02 0.02
0 0.75375 0.31125 0.02 0.02
0 0.77875 0.0222 0.02 0.02
0 0.6375 0.4625 0.0225 0.0225
0 0.89625 0.15375 0.02 0.02
0 0.715 0.2325 0.0175 0.0175
0 0.87875 0.18 0.02 0.02
0 0.8425 0.1275 0.0175 0.0175
0 0.93125 0.3175 0.02 0.0225
0 0.7525 0.425 0.02 0.02
0 0.24918 0.06232 0.01415 0.01643
0 0.94195 0.3415 0.0197 0.01702
0 0.95422 0.29268 0.01918 0.0193
0 0.93302 0.38892 0.025 0.02605
0 0.67192 0.28325 0.02243 0.01827
0 0.7285 0.3482 0.01438 0.0155
0 0.93207 0.36683 0.0231 0.01937
0 0.73183 0.0901 0.0195 0.01597
0 0.81213 0.10695 0.0204 0.01645
0 0.82222 0.03245 0.01588 0.02025
0 0.81795 0.07632 0.01802 0.01518
0 0.70562 0.04025 0.0184 0.0144
0 0.69802 0.07278 0.0173 0.01617
0 0.71688 0.20793 0.01945 0.01942
0 0.56375 0.65125 0.0225 0.025
0 0.5275 0.62 0.0175 0.0175
0 0.4925 0.7475 0.0225 0.025
0 0.52375 0.7375 0.0225 0.0175
0 0.83 0.7225 0.0175 0.02
0 0.81 0.7175 0.0175 0.0225
0 0.58792 0.6122 0.02033 0.01965
0 0.61125 0.6425 0.0175 0.015
0 0.4425 0.95375 0.025 0.02
0 0.52375 0.95125 0.0175 0.0175
0 0.53625 0.93125 0.0175 0.02
0 0.82875 0.64625 0.0225 0.0225
0 0.91125 0.68625 0.02 0.025
0 0.60125 0.55 0.02 0.015
0 0.77125 0.90875 0.0175 0.02
0 0.09375 0.9075 0.02 0.02
0 0.8825 0.635 0.02 0.02
0 0.48125 0.53625 0.0175 0.0175
0 0.435 0.6425 0.02 0.02
0 0.50625 0.71 0.0175 0.02
0 0.6275 0.6125 0.0175 0.015
0 0.63 0.59375 0.0275 0.0175
0 0.1 0.84375 0.025 0.0225
0 0.365 0.95375 0.0225 0.0225
0 0.05875 0.87 0.0225 0.0225
0 0.5825 0.57375 0.02 0.02
0 0.92847 0.80875 0.0225 0.0225
0 0.61567 0.51773 0.01705 0.01758
0 0.61765 0.53675 0.02365 0.02348
0 0.8495 0.6294 0.01688 0.01953
0 0.67265 0.73913 0.0185 0.01752
0 0.68375 0.72355 0.0193 0.01677
0 0.11417 0.90388 0.01638 0.01725
0 0.08465 0.7509 0.01395 0.01433
0 0.10345 0.74962 0.01632 0.01323
0 0.10988 0.72983 0.01617 0.0186
0 0.14472 0.75062 0.01625 0.0191
0 0.58132 0.54582 0.018 0.01663
0 0.6794 0.61295 0.01773 0.01518
0 0.69335 0.5975 0.01528 0.02
0 0.8595 0.65898 0.01365 0.01438
0 0.74722 0.79228 0.02478 0.02025
0 0.56615 0.73345 0.0198 0.0169
0 0.73495 0.83358 0.01455 0.01538
0 0.6931 0.8511 0.01833 0.01825
0 0.7037 0.82658 0.01632 0.01923
0 0.47485 0.97462 0.01937 0.0171
0 0.52355 0.57295 0.01315 0.01555
0 0.5322 0.56473 0.01442 0.01873
