0 0.0675 0.1725 0.025 0.0175
0 0.09 0.16125 0.0275 0.025
0 0.10875 0.1775 0.0225 0.0225
0 0.12875 0.17 0.025 0.0225
0 0.12875 0.18875 0.025 0.025
0 0.11875 0.19875 0.025 0.0275
0 0.04375 0.0525 0.0225 0.02
0 0.10625 0.11875 0.0225 0.02
0 0.10625 0.095 0.025 0.0225
0 0.1325 0.0925 0.0225 0.0175
0 0.1625 0.11875 0.0225 0.02
0 0.1475 0.03375 0.0225 0.0225
0 0.07625 0.215 0.0275 0.035
0 0.30875 0.2175 0.025 0.0175
0 0.45875 0.11875 0.0275 0.02
0 0.4275 0.03625 0.025 0.02
0 0.4125 0.3525 0.025 0.0275
0 0.4875 0.32125 0.02 0.02
0 0.43 0.3975 0.0225 0.0225
0 0.4475 0.3975 0.02 0.025
0 0.17375 0.2175 0.025 0.0225
0 0.39125 0.13375 0.02 0.02
0 0.2325 0.11 0.02 0.02
0 0.05 0.1985 0.02 0.02
0 0.455 0.32173 0.025 0.0225
0 0.11875 0.27875 0.02 0.0175
0 0.3925 0.16125 0.025 0.0225
0 0.69125 0.11125 0.025 0.0275
0 0.75125 0.0725 0.025 0.0275
0 0.81875 0.20875 0.0225 0.025
0 0.56375 0.2175 0.025 0.03
0 0.55875 0.31 0.02 0.025
0 0.95875 0.1525 0.03 0.025
0 0.85375 0.1775 0.02 0.0275
0 0.75 0.21375 0.02 0.025
0 0.96875 0.04875 0.0225 0.0225
0 0.83375 0.12875 0.02 0.02
0 0.56625 0.3625 0.025 0.0225
0 0.8625 0.14375 0.025 0.025
0 0.66375 0.2525 0.02 0.02
0 0.9375 0.13625 0.025 0.025
0 0.6725 0.18675 0.02 0.02
0 0.77625 0.45125 0.025 0.025
0 0.9125 0.1875 0.0225 0.0225
0 0.845 0.3625 0.025 0.025
0 0.86875 0.45875 0.0225 0.02
0 0.6225 0.265 0.0225 0.02
0 0.7825 0.2275 0.02 0.02
0 0.67375 0.168 0.02 0.02
0 0.24375 0.5925 0.025 0.0225
0 0.46375 0.56875 0.0225 0.02
0 0.21625 0.86 0.0225 0.02
0 0.23 0.925 0.0275 0.0275
0 0.36125 0.95625 0.0225 0.0275
0 0.29875 0.62375 0.0225 0.0225
0 0.35875 0.935 0.0225 0.0225
0 0.32875 0.9725 0.0225 0.02
0 0.465 0.9575 0.0225 0.0225
0 0.7425 0.71375 0.02 0.02
0 0.93625 0.65 0.0225 0.0225
0 0.93625 0.65 0.0225 0.0225
0 0.74 0.74 0.0225 0.02
0 0.73375 0.7975 0.0225 0.0225
0 0.78875 0.60875 0.0225 0.02
