0 0.17 0.07375 0.03 0.0275
0 0.15625 0.09625 0.025 0.02
0 0.20125 0.05125 0.02 0.0225
0 0.2 0.06625 0.0225 0.0175
0 0.06 0.1025 0.03 0.02
0 0.11 0.26625 0.0225 0.0225
0 0.04 0.21375 0.02 0.0275
0 0.0675 0.215 0.0275 0.02
0 0.22125 0.27625 0.02 0.0225
0 0.7475 0.09125 0.0225 0.025
0 0.7025 0.06625 0.02 0.02
0 0.79625 0.33125 0.02 0.0225
0 0.8175 0.33875 0.025 0.0225
0 0.8525 0.45125 0.0175 0.0225
0 0.8675 0.4475 0.025 0.03
0 0.8525 0.475 0.02 0.02
0 0.80875 0.47375 0.025 0.0225
0 0.72375 0.44 0.0275 0.0225
0 0.93875 0.24125 0.02 0.02
0 0.9725 0.245 0.02 0.025
0 0.98375 0.2275 0.0225 0.02
0 0.83 0.08125 0.0225 0.02
0 0.81125 0.0875 0.02 0.0175
0 0.7775 0.0625 0.0225 0.02
0 0.0725 0.17375 0.0225 0.0225
0 0.3975 0.385 0.02 0.0325
0 0.40375 0.43 0.0225 0.025
0 0.74125 0.3225 0.0275 0.02
0 0.9 0.4475 0.0225 0.02
0 0.1575 0.14625 0.0225 0.0225
0 0.43125 0.37375 0.02 0.0225
0 0.41 0.37125 0.02 0.0175
0 0.43 0.4125 0.0175 0.02
0 0.95375 0.465 0.015 0.02
0 0.85125 0.4025 0.0225 0.02
0 0.745 0.4075 0.02 0.02
0 0.26375 0.24875 0.0225 0.0225
0 0.06625 0.51375 0.0225 0.0225
0 0.04125 0.61 0.02 0.0225
0 0.085 0.59375 0.0225 0.015
0 0.07125 0.6025 0.0175 0.0175
0 0.1675 0.83125 0.02 0.0275
0 0.09125 0.75875 0.025 0.0225
0 0.19 0.87 0.0325 0.0225
0 0.15375 0.94375 0.0225 0.0225
0 0.115 0.94 0.025 0.0225
0 0.105 0.8975 0.02 0.0175
0 0.02375 0.8575 0.02 0.02
0 0.17125 0.955 0.0225 0.025
0 0.14 0.78875 0.0275 0.0275
0 0.21875 0.91375 0.03 0.0225
0 0.26625 0.91125 0.02 0.0175
0 0.3125 0.94 0.02 0.02
0 0.52625 0.925 0.03 0.0275
0 0.4875 0.8875 0.02 0.0225
0 0.64875 0.91 0.0225 0.0225
0 0.585 0.7925 0.0175 0.0175
0 0.615 0.835 0.02 0.02
0 0.43625 0.72375 0.025 0.02
0 0.445 0.6525 0.025 0.02
0 0.46875 0.6125 0.0275 0.0225
0 0.51 0.66375 0.0225 0.0175
0 0.45 0.57875 0.025 0.015
0 0.435 0.60625 0.0225 0.0175
0 0.76125 0.72625 0.0225 0.02
0 0.69 0.8 0.0275 0.02
0 0.3875 0.53125 0.0225 0.02
