0 0.899675 0.46049999999999996 0.02305 0.026525
0 0.79625 0.30375 0.02 0.025
0 0.85375 0.4675 0.0225 0.02
0 0.9025 0.5225 0.0175 0.0225
0 0.3475 0.70625 0.0175 0.0225
0 0.7575 0.43 0.02 0.0175
0 0.83875 0.49875 0.02 0.0175
0 0.6425 0.17375 0.0225 0.02
0 0.63125 0.10875 0.0175 0.0225
0 0.82875 0.33625 0.0175 0.0175
0 0.6925 0.6875 0.02 0.02
0 0.27 0.7375 0.02 0.0175
0 0.61375 0.62625 0.02 0.02
0 0.6525 0.205 0.02 0.015
0 0.57625 0.12625 0.025 0.0175
0 0.38 0.14375 0.025 0.0225
0 0.65125 0.53 0.02 0.0225
0 0.68 0.52625 0.0175 0.0225
0 0.82375 0.465 0.0175 0.0175
0 0.79875 0.4875 0.0225 0.02
0 0.195 0.7325 0.02 0.02
0 0.82375 0.92375 0.0125 0.0175
0 0.70375 0.9375 0.015 0.0175
0 0.73375 0.29375 0.015 0.0175
0 0.52 0.185 0.015 0.0175
0 0.66 0.38 0.02 0.0175
0 0.34375 0.015 0.025 0.025
0 0.3725 0.12125 0.0175 0.0175
0 0.28375 0.015 0.0225 0.03
0 0.98125 0.55125 0.02 0.025
0 0.75 0.66375 0.0225 0.0275
0 0.85 0.905 0.02 0.0175
0 0.735 0.5325 0.0175 0.0225
0 0.39375 0.09875 0.0175 0.0175
0 0.6825 0.185 0.0225 0.0225
0 0.88875 0.1225 0.015 0.0175
0 0.83375 0.1125 0.0175 0.0175
0 0.60625 0.70125 0.0225 0.0275
0 0.41625 0.65375 0.0225 0.0225
0 0.285 0.63125 0.015 0.0225
0 0.11375 0.7375 0.0225 0.0225
0 0.75125 0.97375 0.02 0.0175
0 0.795 0.93625 0.02 0.015
0 0.7775 0.935 0.0175 0.025
0 0.89125 0.93875 0.0175 0.0225
0 0.86625 0.92 0.0225 0.025
0 0.87 0.645 0.025 0.025
0 0.585 0.07125 0.0225 0.0175
0 0.6175 0.07625 0.03 0.025
0 0.82875 0.30625 0.0225 0.0175
0 0.90375 0.17 0.0225 0.0175
0 0.905 0.2 0.02 0.02
0 0.9575 0.4975 0.0175 0.0275
0 0.945 0.545 0.0275 0.035
0 0.63375 0.97125 0.02 0.0175
0 0.6725 0.9875 0.0175 0.015
0 0.99375 0.92375 0.0125 0.0225
0 0.555 0.97125 0.0175 0.02
0 0.5675 0.98625 0.025 0.02
0 0.3625 0.77 0.02 0.02
0 0.36125 0.0925 0.025 0.0225
0 0.35 0.04875 0.0225 0.0225
0 0.65125 0.13875 0.0225 0.0225
0 0.8125 0.07125 0.0225 0.0225
0 0.755 0.5375 0.02 0.0225
0 0.72 0.4675 0.02 0.02
0 0.575 0.96375 0.02 0.02
0 0.6675 0.1975 0.0225 0.015
0 0.5901 0.60625 0.02 0.02
0 0.3901 0.8675 0.0225 0.0225