0 0.39875 0.07375 0.02 0.02
0 0.4175 0.09625 0.0175 0.02
0 0.29625 0.8925 0.0225 0.0175
0 0.38375 0.42625 0.0175 0.0175
0 0.31625 0.4425 0.0225 0.02
0 0.3725 0.405 0.0175 0.0175
0 0.43 0.3375 0.0175 0.02
0 0.44375 0.38 0.015 0.0125
0 0.4075 0.5525 0.0175 0.015
0 0.4175 0.25875 0.025 0.02
0 0.38 0.21625 0.0175 0.02
0 0.4019 0.05527 0.02 0.02
0 0.24625 0.135 0.0175 0.0175
0 0.1975 0.1375 0.0175 0.0175
0 0.965 0.80625 0.0175 0.02
0 0.59 0.695 0.02 0.02
0 0.7325 0.415 0.02 0.0175
0 0.85 0.1125 0.0275 0.02
0 0.97417 0.86062 0.02087 0.02125
0 0.71125 0.05875 0.0225 0.02
0 0.69375 0.04125 0.0175 0.02
0 0.89625 0.04 0.0175 0.0175
0 0.9625 0.615 0.0175 0.02
0 0.9575 0.84875 0.0175 0.0225
0 0.5525 0.1625 0.0275 0.0175
0 0.525 0.14875 0.0175 0.02
0 0.72125 0.03375 0.0225 0.0175
0 0.81875 0.03 0.0175 0.02
0 0.88625 0.09 0.02 0.0175
0 0.60625 0.67125 0.0275 0.025
0 0.56625 0.705 0.0225 0.0125
