0 0.08875 0.295 0.0225 0.0225
0 0.065 0.78 0.0275 0.0175
0 0.07 0.72 0.025 0.02
0 0.12 0.72 0.02 0.025
0 0.4175 0.88 0.0225 0.0225
0 0.26875 0.72125 0.0275 0.0225
0 0.11375 0.83875 0.0225 0.025
0 0.19875 0.56375 0.03 0.0275
0 0.15625 0.61625 0.025 0.0225
0 0.345 0.54375 0.035 0.025
0 0.32375 0.46625 0.02 0.025
0 0.32375 0.50625 0.0275 0.02
0 0.2975 0.51375 0.0225 0.0225
0 0.25375 0.56 0.0175 0.0225
0 0.3325 0.61125 0.0225 0.025
0 0.35625 0.4975 0.03 0.0275
0 0.3475 0.4775 0.0275 0.02
0 0.34375 0.4625 0.02 0.0225
0 0.34875 0.40375 0.025 0.025
0 0.49 0.37 0.02 0.0275
0 0.41375 0.33625 0.0225 0.025
0 0.38293 0.66 0.0225 0.0225
0 0.105 0.6375 0.0225 0.0225
0 0.44875 0.4725 0.0225 0.0225
0 0.12625 0.745 0.02 0.02
0 0.245 0.605 0.0225 0.02
0 0.25625 0.9025 0.02 0.02
0 0.41625 0.49375 0.02 0.02
0 0.14125 0.7675 0.025 0.025
0 0.36125 0.59375 0.0225 0.02
0 0.22833 0.785 0.02 0.02
0 0.2275 0.64375 0.0225 0.0225
0 0.62375 0.2875 0.025 0.0275
0 0.59875 0.25625 0.0225 0.0225
0 0.545 0.4075 0.0275 0.025
0 0.575 0.29125 0.0225 0.0225
0 0.65225 0.39282 0.02728 0.02092
0 0.67843 0.27763 0.01868 0.0202
0 0.57963 0.48932 0.02417 0.02795
