0 0.315 0.10625 0.0275 0.0225
0 0.4075 0.09375 0.0275 0.0275
0 0.07625 0.34125 0.0225 0.02
0 0.07 0.365 0.025 0.0225
0 0.25325 0.14177 0.0215 0.02643
0 0.315 0.13125 0.0225 0.02
0 0.75125 0.18625 0.0175 0.0225
0 0.6225 0.23625 0.025 0.0225
0 0.8725 0.26875 0.0275 0.02
0 0.80125 0.1775 0.0275 0.0175
0 0.69545 0.17092 0.02178 0.0211
0 0.5875 0.215 0.0225 0.02
0 0.60625 0.2 0.0225 0.025
0 0.68125 0.05375 0.02 0.0225
0 0.70625 0.05875 0.02 0.025
0 0.77125 0.47625 0.015 0.02
0 0.66375 0.1 0.02 0.015
0 0.67 0.14 0.02 0.015
0 0.73125 0.135 0.02 0.0175
0 0.90875 0.09875 0.0175 0.025
0 0.09125 0.74875 0.0275 0.02
0 0.0275 0.74 0.025 0.0225
0 0.19375 0.7725 0.0175 0.0175
0 0.44248 0.56227 0.02495 0.02455
0 0.11375 0.6525 0.0225 0.02
0 0.375 0.57 0.02 0.02
0 0.09875 0.6025 0.0225 0.0225
0 0.45625 0.7175 0.0275 0.0175
0 0.1775 0.79875 0.0175 0.0175
0 0.22875 0.8475 0.0175 0.0175
0 0.6825 0.545 0.02 0.02
0 0.52 0.95875 0.0275 0.0275
0 0.53625 0.83375 0.02 0.025
0 0.5225 0.78375 0.025 0.0225
0 0.6575 0.80125 0.025 0.025
