0 0.89625 0.025 0.0225 0.0175
0 0.7825 0.0425 0.0175 0.0175
0 0.8675 0.06 0.02 0.0175
0 0.95 0.0625 0.0225 0.0175
0 0.855 0.07625 0.02 0.0225
0 0.87375 0.1 0.02 0.02
0 0.92375 0.13875 0.0175 0.02
0 0.55375 0.15625 0.0175 0.015
0 0.92125 0.18 0.02 0.015
0 0.66375 0.18625 0.02 0.0175
0 0.885 0.2075 0.025 0.02
0 0.57875 0.2125 0.0175 0.02
0 0.79125 0.21875 0.0175 0.02
0 0.93375 0.22875 0.02 0.015
0 0.9075 0.23875 0.02 0.02
0 0.935 0.295 0.0225 0.0175
0 0.8775 0.43375 0.0175 0.02
0 0.345 0.37375 0.02 0.02
0 0.9775 0.29625 0.0275 0.0275
0 0.36588 0.37265 0.02092 0.01915
0 0.84375 0.475 0.02 0.0175
0 0.92125 0.20875 0.0175 0.0175
0 0.59 0.35625 0.0225 0.0225
0 0.835 0.21218 0.02 0.02
0 0.96375 0.12625 0.02 0.02
0 0.57875 0.18375 0.02 0.0175
0 0.94375 0.27625 0.0225 0.0225
0 0.35375 0.13375 0.0225 0.0225
0 0.395 0.37 0.02 0.02
0 0.97625 0.09125 0.02 0.02
0 0.82625 0.035 0.0225 0.0225
0 0.86125 0.02 0.02 0.0175
0 0.32875 0.1925 0.0175 0.0175
0 0.9175 0.26875 0.0175 0.02
0 0.86302 0.4845 0.01503 0.01673
0 0.3946 0.4878 0.01777 0.02022
0 0.55835 0.24427 0.01667 0.01712
0 0.48633 0.28808 0.0191 0.019
0 0.4051 0.07037 0.01915 0.01933
0 0.81347 0.07737 0.01982 0.02082
0 0.88767 0.08935 0.01928 0.01798
0 0.9437 0.07725 0.0144 0.01335
0 0.96185 0.03328 0.02015 0.01657
0 0.9654 0.01953 0.01833 0.01225
0 0.84415 0.04635 0.02063 0.01767
0 0.88385 0.188 0.01947 0.01707
0 0.8239 0.18835 0.01923 0.01777
0 0.96113 0.22442 0.01155 0.01495
0 0.97103 0.20395 0.01528 0.01685
0 0.97195 0.22892 0.0186 0.01855
0 0.96772 0.34657 0.0158 0.01992
0 0.98547 0.34782 0.02013 0.01505
0 0.88877 0.10857 0.02248 0.02572
0 0.96782 0.04712 0.0197 0.01645
0 0.55737 0.22662 0.0165 0.01752
0 0.58693 0.23295 0.0149 0.0159
0 0.6122 0.2658 0.02085 0.02087
0 0.34005 0.23047 0.0194 0.02165
0 0.36947 0.39632 0.01752 0.01942
0 0.3775 0.575 0.02 0.0175
0 0.3975 0.61125 0.02 0.0175
0 0.38125 0.65125 0.02 0.015
0 0.34303 0.66285 0.01963 0.01795
0 0.32485 0.685 0.01827 0.01542
0 0.81302 0.68898 0.02178 0.02877
0 0.89125 0.71 0.0275 0.025
0 0.835 0.71625 0.02 0.02
0 0.875 0.73375 0.025 0.02
0 0.23875 0.7425 0.02 0.0175
0 0.3025 0.8 0.025 0.02
0 0.34318 0.81125 0.02243 0.0175
0 0.36718 0.82785 0.02 0.02
0 0.6375 0.83625 0.0225 0.015
0 0.30108 0.84795 0.02138 0.0202
0 0.36625 0.8625 0.0175 0.0175
0 0.89875 0.89125 0.025 0.02
0 0.3325 0.95 0.02 0.02
0 0.8875 0.5075 0.025 0.015
0 0.89625 0.9475 0.02 0.0175
0 0.38355 0.71545 0.0225 0.02223
0 0.38 0.615 0.015 0.0175
0 0.90125 0.92875 0.025 0.02
0 0.28375 0.7225 0.02 0.02
0 0.24125 0.72125 0.02 0.02
0 0.87177 0.92138 0.02 0.02225
0 0.31 0.5625 0.02 0.0175
0 0.80875 0.54375 0.02 0.0175
0 0.30815 0.83057 0.01835 0.01795
0 0.37125 0.9375 0.0175 0.0175
0 0.2925 0.69125 0.02 0.02
0 0.83185 0.53435 0.02022 0.01525
0 0.68122 0.88703 0.01957 0.01868
0 0.34898 0.96945 0.0181 0.01645
0 0.32642 0.6704 0.02067 0.0158
0 0.3529 0.63187 0.0183 0.01555
0 0.3799 0.73837 0.01692 0.0196
0 0.2492 0.70742 0.01805 0.01663
0 0.36222 0.6454 0.01665 0.0176
0 0.36865 0.62533 0.01765 0.01673
0 0.9003 0.96513 0.01847 0.0144
0 0.91125 0.6222 0.01715 0.0212
0 0.89143 0.60547 0.01855 0.01632
