0 0.15375 0.51 0.02 0.025
0 0.03875 0.5125 0.0225 0.025
0 0.07875 0.585 0.0175 0.0225
0 0.055 0.6575 0.0225 0.025
0 0.12967 0.67067 0.02257 0.02115
0 0.025 0.74625 0.0225 0.025
0 0.10983 0.75565 0.02583 0.0237
0 0.09127 0.79345 0.02057 0.02178
0 0.07375 0.4425 0.02 0.0175
0 0.05175 0.47417 0.024 0.02165
0 0.11625 0.48125 0.02 0.0225
0 0.41875 0.84375 0.0225 0.0225
0 0.17 0.54125 0.025 0.0225
0 0.42605 0.8046 0.01815 0.01815
0 0.4423 0.7795 0.01673 0.01972
0 0.05055 0.26765 0.01895 0.01748
0 0.09645 0.44117 0.02138 0.02123
0 0.93375 0.06125 0.02 0.0175
0 0.92138 0.09348 0.02227 0.02195
0 0.9325 0.1275 0.02 0.0175
0 0.90625 0.1525 0.02 0.02
0 0.72125 0.215 0.0225 0.02
0 0.70125 0.22 0.02 0.02
0 0.73875 0.34625 0.0225 0.0225
0 0.63125 0.0225 0.025 0.02
0 0.93 0.92125 0.02 0.015
0 0.61525 0.66 0.02203 0.015
0 0.7736 0.2196 0.02533 0.0242
0 0.7684 0.1825 0.0206 0.0225
0 0.66 0.16125 0.0275 0.0275
0 0.7375 0.2425 0.025 0.025
0 0.8433 0.0854 0.01727 0.01593
0 0.69657 0.03455 0.02112 0.0166
0 0.63465 0.65643 0.02 0.01748
0 0.76275 0.37718 0.01657 0.02223
0 0.91733 0.25965 0.02038 0.0229
0 0.87405 0.02495 0.02312 0.01777
