0 0.04 0.32375 0.0175 0.02
0 0.08375 0.51625 0.025 0.02
0 0.20875 0.305 0.0175 0.0225
0 0.02875 0.5875 0.0175 0.02
0 0.1475 0.25 0.0225 0.025
0 0.17875 0.29 0.02 0.02
0 0.3225 0.235 0.02 0.0275
0 0.13125 0.21625 0.025 0.02
0 0.19125 0.14375 0.015 0.0175
0 0.0575 0.5675 0.02 0.0225
0 0.23375 0.29875 0.02 0.02
0 0.23 0.27375 0.0175 0.02
0 0.2525 0.24375 0.0225 0.0175
0 0.40375 0.195 0.015 0.025
0 0.15375 0.90625 0.0225 0.0225
0 0.25 0.105 0.025 0.025
0 0.065 0.58625 0.02 0.025
0 0.1175 0.98875 0.0225 0.0225
0 0.23625 0.8275 0.0225 0.0175
0 0.1225 0.83375 0.02 0.0175
0 0.28625 0.16 0.02 0.0175
0 0.96625 0.3775 0.0225 0.02
0 0.895 0.85625 0.025 0.0225
0 0.85 0.78375 0.03 0.0225
0 0.78625 0.71375 0.0175 0.0225
0 0.82 0.28375 0.025 0.025
0 0.96 0.42625 0.0175 0.0225
0 0.94375 0.4375 0.0175 0.0175
0 0.9325 0.42125 0.0225 0.02
0 0.9175 0.435 0.0275 0.025
0 0.87375 0.4675 0.0225 0.025
0 0.665 0.7975 0.0275 0.025
0 0.92 0.8025 0.0175 0.0225
0 0.81625 0.70125 0.0175 0.02
0 0.835 0.73125 0.025 0.02
0 0.77875 0.66 0.02 0.0225
0 0.64625 0.425 0.0225 0.0225
0 0.8575 0.845 0.0175 0.0225
0 0.87375 0.81875 0.0225 0.0225
0 0.70375 0.6725 0.0225 0.0225
0 0.905 0.4775 0.0225 0.02
0 0.62 0.74875 0.02 0.02
0 0.82875 0.41375 0.0175 0.0175
0 0.77 0.7625 0.0175 0.0175
0 0.59125 0.63125 0.02 0.0175
0 0.6675 0.19875 0.0275 0.0275
0 0.93875 0.8 0.0125 0.0175
0 0.95875 0.79875 0.02 0.015
0 0.82125 0.83875 0.025 0.02
0 0.77375 0.27125 0.0175 0.0175
0 0.89125 0.08 0.0275 0.0275
0 0.64417 0.2414 0.02587 0.01968
0 0.7575 0.24625 0.0225 0.0225
0 0.975 0.96625 0.02 0.02
0 0.78125 0.97375 0.0225 0.02
0 0.6475 0.86125 0.0175 0.0175
0 0.87125 0.895 0.02 0.02
0 0.87 0.39375 0.0175 0.015
0 0.75875 0.69125 0.0175 0.015
0 0.9475 0.935 0.0175 0.02
0 0.82625 0.65 0.0175 0.0225
0 0.8225 0.46625 0.0175 0.025
0 0.66125 0.62625 0.0225 0.0175
0 0.7425 0.63 0.0225 0.02
0 0.77 0.54625 0.02 0.02
0 0.84625 0.4875 0.02 0.0175
0 0.625 0.43 0.015 0.015
0 0.66 0.44625 0.02 0.0175
0 0.92375 0.61625 0.02 0.0175
0 0.9625 0.39375 0.0175 0.015
0 0.8375 0.46875 0.015 0.0225
0 0.6925 0.58625 0.0225 0.0175
0 0.7725 0.06375 0.025 0.02
0 0.62 0.74875 0.02 0.02
0 0.82 0.6775 0.02 0.0175
