0 0.175 0.49875 0.0275 0.0225
0 0.21875 0.64625 0.0325 0.025
0 0.3125 0.67 0.03 0.03
0 0.2425 0.73 0.0325 0.025
0 0.08625 0.0825 0.0225 0.0225
0 0.55375 0.14625 0.0225 0.0225
0 0.81875 0.15125 0.0225 0.025
0 0.1325 0.155 0.0175 0.0175
0 0.5575 0.26125 0.02 0.02
0 0.54375 0.27375 0.0175 0.02
0 0.55625 0.2925 0.0175 0.02
0 0.13125 0.32 0.02 0.0175
0 0.1525 0.33 0.02 0.02
0 0.06625 0.3375 0.025 0.02
0 0.09875 0.34 0.025 0.0275
0 0.145 0.3625 0.02 0.015
0 0.11875 0.3725 0.0275 0.0225
0 0.95 0.42625 0.02 0.02
0 0.15125 0.01 0.0225 0.02
0 0.04875 0.06875 0.03 0.025
0 0.97125 0.53125 0.0425 0.0275
0 0.89625 0.2125 0.03 0.03
0 0.91875 0.19125 0.025 0.035
0 0.9175 0.14625 0.0325 0.025
0 0.32375 0.7225 0.0175 0.0175
0 0.47875 0.2475 0.02 0.0175
0 0.635 0.15375 0.02 0.015
0 0.4975 0.38 0.0275 0.02
0 0.485 0.52625 0.02 0.0175
0 0.13125 0.175 0.0225 0.0225
0 0.11375 0.1675 0.0225 0.0175
0 0.11625 0.02125 0.02 0.025
0 0.5275 0.235 0.0225 0.03
0 0.80125 0.32125 0.0275 0.0175
0 0.8425 0.7 0.02 0.0175
0 0.91625 0.68125 0.03 0.025
0 0.93625 0.725 0.0225 0.0175
0 0.40125 0.33875 0.02 0.02
0 0.105 0.1425 0.02 0.02
0 0.92 0.07625 0.0275 0.0225
0 0.73 0.1675 0.0225 0.03
0 0.39 0.815 0.02 0.02
0 0.4075 0.4475 0.02 0.015
0 0.82375 0.38375 0.0275 0.0275
0 0.40375 0.88875 0.0225 0.02
0 0.22375 0.3975 0.0225 0.0225
0 0.19125 0.375 0.02 0.02