0 0.9025 0.31625 0.0225 0.0175
0 0.82 0.26 0.015 0.015
0 0.5625 0.34875 0.0225 0.0225
0 0.72125 0.33125 0.0175 0.02
0 0.675 0.2325 0.02 0.0175
0 0.90125 0.27375 0.0225 0.025
0 0.9263 0.27737 0.0174 0.02223
0 0.67375 0.38375 0.0175 0.02
0 0.34875 0.95375 0.025 0.0275
0 0.03375 0.80125 0.0225 0.025
0 0.035 0.77375 0.02 0.03
0 0.06125 0.93375 0.0225 0.0275
0 0.20375 0.9525 0.0175 0.0225
0 0.3375 0.89125 0.025 0.0225
0 0.46625 0.96875 0.02 0.0175
0 0.10625 0.84625 0.02 0.0225
0 0.11375 0.82875 0.0175 0.02
0 0.5125 0.93 0.0225 0.025
0 0.27625 0.8975 0.0175 0.02
0 0.2425 0.825 0.02 0.02
0 0.3125 0.89 0.015 0.02
0 0.12125 0.96 0.0225 0.0225
0 0.81625 0.63125 0.015 0.0225
0 0.695 0.5525 0.0175 0.02
