0 0.94 0.06375 0.0225 0.02
0 0.95125 0.20125 0.0275 0.0225
0 0.76125 0.3825 0.0275 0.0275
0 0.69125 0.48125 0.0225 0.0225
0 0.37125 0.115 0.03 0.0275
0 0.43 0.18125 0.0275 0.0225
0 0.39 0.245 0.0275 0.0225
0 0.4975 0.3875 0.0275 0.0275
0 0.44625 0.25125 0.025 0.0275
0 0.39375 0.45 0.0275 0.0225
0 0.47125 0.47125 0.0225 0.0225
0 0.52 0.59125 0.025 0.025
0 0.4625 0.625 0.0225 0.0225
0 0.38125 0.635 0.0225 0.02
0 0.51 0.6775 0.0225 0.0225
0 0.5575 0.6775 0.025 0.015
0 0.54375 0.66375 0.025 0.02
0 0.54125 0.725 0.0275 0.02
0 0.55 0.73625 0.025 0.02
0 0.7075 0.71375 0.03 0.02
0 0.6875 0.62125 0.0275 0.0175
0 0.64 0.52125 0.0275 0.02
0 0.60625 0.83 0.025 0.025
0 0.6575 0.95625 0.0275 0.025
0 0.5 0.8875 0.0225 0.0225
0 0.76625 0.65625 0.02 0.0175
0 0.78625 0.66 0.0275 0.0225
0 0.86 0.605 0.02 0.0175
0 0.82875 0.62 0.0225 0.015
0 0.5275 0.77875 0.03 0.025
0 0.76875 0.705 0.0225 0.0175
0 0.80375 0.72 0.0275 0.02
0 0.675 0.58 0.0225 0.0225
0 0.64375 0.92625 0.025 0.025
0 0.70125 0.5125 0.0225 0.0225
0 0.51765 0.51808 0.0295 0.03615
