0 0.49585 0.68855 0.027025 0.025325
0 0.647275 0.723775 0.028425 0.026675
0 0.684275 0.7239 0.023975 0.0253
0 0.67625 0.67125 0.02 0.025
0 0.433825 0.55485 0.022000000000000002 0.021974999999999998
0 0.645 0.88375 0.0275 0.0225
0 0.72875 0.7875 0.0225 0.025
0 0.79125 0.75375 0.025 0.025
0 0.78625 0.78 0.025 0.0275
0 0.735425 0.6720999999999999 0.02085 0.023325
0 0.717375 0.68305 0.01975 0.018625
0 0.6193500000000001 0.63195 0.0223 0.0189
0 0.6125 0.69875 0.025 0.025
0 0.9566500000000001 0.8841 0.0231 0.026575
0 0.951975 0.921925 0.023925000000000002 0.021150000000000002
0 0.8675 0.7375 0.025 0.025
0 0.83795 0.72845 0.025875 0.0231
0 0.579025 0.6184499999999999 0.0223 0.019725
0 0.7816249999999999 0.8515999999999999 0.02075 0.0282
0 0.63125 0.5875 0.0225 0.0225
0 0.575 0.64875 0.0225 0.0225
0 0.98875 0.92625 0.02 0.0225
0 0.19625 0.63375 0.0225 0.0225
0 0.15875 0.595 0.0225 0.0225
0 0.47240000000000004 0.6046 0.01625 0.0199
0 0.7077 0.666675 0.02255 0.02265
0 0.7352 0.7605249999999999 0.0204 0.01925
0 0.9219750000000001 0.902075 0.017175 0.0202
0 0.475325 0.836425 0.023875 0.02465
0 0.5404 0.6919 0.020099999999999996 0.0213
0 0.560875 0.7141249999999999 0.019325000000000002 0.018175
0 0.75035 0.8220999999999999 0.020325000000000003 0.022775