0 0.8775 0.77 0.02 0.02
0 0.91 0.80375 0.0275 0.0275
0 0.990325 0.5008 0.01935 0.025249999999999998
0 0.99 0.22699999999999998 0.02 0.022225
0 0.96375 0.22875 0.02 0.02
0 0.8847 0.5794 0.023325 0.02535
0 0.980275 0.470525 0.021925 0.023475000000000003
0 0.95125 0.45 0.0225 0.02
0 0.285725 0.7735500000000001 0.025525000000000003 0.031325
0 0.3175 0.865 0.0175 0.0225
0 0.295 0.82625 0.02 0.0225
0 0.310125 0.8395 0.020274999999999998 0.0165
0 0.96625 0.06875 0.0175 0.0175
0 0.20752500000000002 0.9293250000000001 0.0275 0.025
0 0.284975 0.9777 0.020649999999999998 0.019925
0 0.827325 0.91435 0.0227 0.022525
0 0.95 0.33625 0.0225 0.0225
0 0.965025 0.32289999999999996 0.021375 0.0208
0 0.986975 0.285625 0.022174999999999997 0.0159
0 0.8865500000000001 0.638725 0.0213 0.022099999999999998