0 0.53 0.83875 0.02 0.02
0 0.31875 0.95125 0.0175 0.02
0 0.315 0.785 0.0225 0.025
0 0.19625 0.6425 0.015 0.0225
0 0.22125 0.64125 0.0175 0.02
0 0.26625 0.68875 0.025 0.0175
0 0.3975 0.91 0.0175 0.02
0 0.435 0.90625 0.025 0.0275
0 0.4 0.88875 0.0225 0.0225
0 0.47125 0.935 0.0225 0.02
0 0.57875 0.79125 0.02 0.0175
0 0.56 0.8 0.025 0.02
0 0.05 0.51875 0.02 0.02
0 0.9275 0.36875 0.03 0.0175
0 0.33375 0.72125 0.0225 0.025
0 0.56375 0.87125 0.0225 0.0175
0 0.62375 0.87875 0.015 0.015
0 0.8475 0.1075 0.02 0.0275
0 0.015 0.42875 0.02 0.025
0 0.2375 0.5775 0.025 0.0275
0 0.535 0.97375 0.0175 0.0225
0 0.5 0.98875 0.0225 0.0175
0 0.80375 0.355 0.0225 0.0225
0 0.0175 0.66 0.0225 0.02
0 0.03 0.59375 0.0175 0.0175
0 0.195 0.61125 0.0175 0.02
0 0.12625 0.92625 0.02 0.0175
0 0.12125 0.94125 0.0225 0.0175
0 0.12625 0.85125 0.0175 0.0175
0 0.49375 0.815 0.0225 0.0175
0 0.09625 0.55375 0.0225 0.02
0 0.0125 0.35 0.0175 0.0225
0 0.6375 0.5775 0.0225 0.02
0 0.91375 0.07125 0.0175 0.0225