0 0.715 0.04625 0.0275 0.0175
0 0.71875 0.105 0.02 0.02
0 0.53375 0.07625 0.025 0.02
0 0.48625 0.08 0.0225 0.0175
0 0.44625 0.0875 0.0275 0.025
0 0.065 0.515 0.0225 0.025
0 0.25125 0.68625 0.0175 0.0225
0 0.1225 0.73625 0.025 0.0225
0 0.3725 0.76875 0.0275 0.02
0 0.30125 0.6775 0.0275 0.0175
0 0.19545 0.670925 0.021775000000000003 0.021099999999999997
0 0.54125 0.26125 0.02 0.0275
0 0.59375 0.28 0.02 0.025
0 0.53 0.18 0.0225 0.025
0 0.6125 0.1425 0.0225 0.02
0 0.69875 0.075 0.02 0.015
0 0.9425 0.88 0.0225 0.0225
0 0.9625 0.8675 0.02 0.02
0 0.10375 0.47375 0.0175 0.0175
0 0.125 0.475 0.0225 0.02
0 0.0875 0.715 0.0225 0.02
0 0.10625 0.7 0.0225 0.025
0 0.61625 0.19625 0.02 0.02
0 0.525 0.04125 0.0175 0.015
0 0.30875 0.40875 0.02 0.0175
0 0.2825 0.31 0.0275 0.02
0 0.25875 0.28375 0.02 0.02
0 0.57375 0.04375 0.0175 0.0175
0 0.6575 0.0725 0.0225 0.02
0 0.685 0.05875 0.025 0.02
0 0.545 0.02625 0.0225 0.0175
0 0.65875 0.0075 0.0175 0.015
0 0.63625 0.0075 0.0175 0.015
0 0.63875 0.04125 0.015 0.0225
0 0.66 0.04625 0.025 0.0275
0 0.18125 0.55375 0.02 0.0225
0 0.20625 0.55875 0.02 0.025
0 0.4775 0.78 0.0225 0.0225
0 0.26875 0.01125 0.0225 0.02
0 0.27125 0.97625 0.015 0.02
0 0.16375 0.6 0.02 0.015
0 0.17 0.64 0.02 0.015
0 0.23125 0.635 0.02 0.0175
0 0.55 0.12625 0.02 0.02
0 0.57375 0.02 0.0175 0.0175
0 0.545 0.31 0.015 0.0225
0 0.49375 0.23875 0.0175 0.015
0 0.63625 0.1225 0.02 0.0175
0 0.63875 0.16625 0.02 0.025
0 0.335 0.00875 0.0175 0.0175
0 0.40875 0.59875 0.0175 0.025
0 0.555 0.47625 0.025 0.0225
0 0.72875 0.02 0.0225 0.025
0 0.5 0.67125 0.02 0.0225
0 0.50625 0.4525 0.02 0.02