0 0.5825 0.02375 0.02 0.02
0 0.17 0.11375 0.0175 0.015
0 0.14875 0.14 0.02 0.03
0 0.35125 0.17125 0.0225 0.0225
0 0.44125 0.23125 0.025 0.025
0 0.37 0.25125 0.025 0.03
0 0.84375 0.2525 0.0175 0.0225
0 0.34375 0.2525 0.0225 0.025
0 0.2375 0.2775 0.02 0.02
0 0.63 0.295 0.0175 0.02
0 0.65625 0.29625 0.0175 0.02
0 0.305 0.32 0.0225 0.02
0 0.42125 0.32875 0.015 0.0175
0 0.27375 0.3375 0.025 0.02
0 0.36375 0.3375 0.0175 0.02
0 0.1879 0.35175 0.0233 0.0215
0 0.6125 0.36125 0.0225 0.025
0 0.4125 0.365 0.02 0.02
0 0.6425 0.40375 0.0225 0.025
0 0.35625 0.40875 0.02 0.0175
0 0.21 0.1075 0.02 0.02
0 0.47 0.23875 0.0175 0.0225
0 0.1875 0.35125 0.0225 0.0225
0 0.8975 0.17 0.0225 0.0225
0 0.25625 0.42 0.025 0.025
0 0.39085 0.3275 0.0225 0.0225
0 0.04625 0.2925 0.02 0.02
0 0.43875 0.1975 0.02 0.02
0 0.64125 0.46875 0.02 0.02
0 0.92 0.41625 0.0225 0.0225
0 0.1175 0.1525 0.02 0.02
0 0.19473 0.13085 0.01802 0.02065
0 0.28018 0.1842 0.02105 0.02018
0 0.90263 0.37425 0.01595 0.01992
0 0.65162 0.49105 0.02353 0.01605
0 0.6787 0.46993 0.0181 0.0184
0 0.41428 0.29583 0.02142 0.022
0 0.3702 0.21287 0.02078 0.02217
0 0.17535 0.16755 0.01677 0.01903
0 0.19837 0.17158 0.01997 0.01995
0 0.12085 0.2867 0.01673 0.01627
0 0.23035 0.29698 0.0161 0.01675
0 0.19788 0.33287 0.01717 0.0211
0 0.17918 0.12462 0.0155 0.0186
0 0.3102 0.40493 0.02042 0.02057
0 0.39845 0.22725 0.01833 0.01702
0 0.60537 0.33632 0.01968 0.02268
0 0.43115 0.3614 0.01805 0.01745
0 0.73535 0.30355 0.01893 0.0178
0 0.5733 0.04748 0.0177 0.02112
0 0.85813 0.37305 0.01982 0.0193
0 0.53148 0.30683 0.0165 0.02082
0 0.66 0.5775 0.0175 0.02
0 0.515 0.585 0.0225 0.0225
0 0.53875 0.58875 0.02 0.0225
0 0.6275 0.625 0.03 0.0225
0 0.65315 0.62352 0.02368 0.02455
0 0.82125 0.6275 0.02 0.02
0 0.86643 0.77858 0.02035 0.01715
0 0.57678 0.79705 0.01535 0.01767
0 0.73875 0.83625 0.025 0.025
0 0.595 0.9175 0.0175 0.015
0 0.8525 0.60875 0.0225 0.0225
0 0.72875 0.92 0.0225 0.0225
0 0.8525 0.53875 0.025 0.025
0 0.71785 0.77375 0.0225 0.0225
0 0.58578 0.7917 0.01695 0.01717
0 0.61125 0.57375 0.0175 0.0175
0 0.59215 0.7475 0.02 0.02
0 0.715 0.53375 0.0175 0.0175
0 0.85375 0.93375 0.02 0.02
0 0.66875 0.67625 0.0225 0.02
0 0.6775 0.5575 0.0175 0.0175
0 0.6125 0.68 0.0175 0.0175
0 0.805 0.68875 0.02 0.02
0 0.5525 0.62625 0.0225 0.0225
0 0.83972 0.63303 0.01698 0.01785
0 0.78615 0.7067 0.02053 0.01875
0 0.86028 0.78885 0.01875 0.02053
0 0.55312 0.55982 0.01698 0.01785
0 0.54688 0.57097 0.01518 0.01518
0 0.65045 0.52545 0.01698 0.02232
0 0.6817 0.50983 0.0241 0.01965
0 0.70358 0.51562 0.01965 0.02053
0 0.68705 0.58125 0.0241 0.01965
0 0.59153 0.6866 0.01875 0.01607
0 0.78885 0.5933 0.02053 0.0241
0 0.54375 0.75938 0.01965 0.01875
0 0.58972 0.71652 0.0134 0.01518
0 0.60892 0.7183 0.01607 0.01875
0 0.56965 0.70938 0.01427 0.01518
0 0.57365 0.7384 0.01875 0.01607
