0 0.31375 0.1775 0.0225 0.025
0 0.20625 0.0775 0.025 0.02
0 0.405 0.14625 0.02 0.02
0 0.29625 0.025 0.02 0.02
0 0.1425 0.3775 0.025 0.0225
0 0.225 0.3375 0.02 0.02
0 0.285 0.30875 0.025 0.025
0 0.2375 0.355 0.0175 0.0175
0 0.27375 0.3825 0.02 0.0225
0 0.17 0.085 0.025 0.0225
0 0.23625 0.14375 0.02 0.0175
0 0.2725 0.125 0.02 0.0175
0 0.08875 0.08 0.0175 0.02
0 0.19 0.31625 0.02 0.0225
0 0.15625 0.445 0.02 0.02
0 0.38875 0.16375 0.02 0.0225
0 0.57875 0.235 0.0225 0.025
0 0.575 0.12625 0.02 0.0225
0 0.5575 0.3975 0.0225 0.02
0 0.195 0.8675 0.0175 0.025
0 0.42875 0.82 0.0225 0.0225
0 0.08625 0.65375 0.025 0.02
0 0.0475 0.64125 0.0175 0.0175
0 0.075 0.6775 0.0225 0.0225
0 0.045 0.62 0.0225 0.0225
0 0.785 0.85375 0.02 0.02
0 0.78875 0.79875 0.02 0.02
0 0.83875 0.85375 0.025 0.0175
0 0.88125 0.87375 0.0225 0.0175
0 0.8875 0.85625 0.0225 0.015
0 0.92875 0.9575 0.02 0.0225
0 0.78125 0.9775 0.02 0.02
0 0.76375 0.715 0.0225 0.0225
0 0.7725 0.7525 0.0225 0.02
0 0.58 0.755 0.0225 0.0225
0 0.67538 0.758 0.01923 0.0235
0 0.7025 0.7725 0.02 0.015
0 0.7275 0.85625 0.02 0.025
0 0.74 0.87625 0.0225 0.025
0 0.88375 0.83875 0.0225 0.025
0 0.60375 0.82375 0.025 0.0225
0 0.75125 0.8225 0.0225 0.0225
