0 0.2475 0.5625 0.0175 0.015
0 0.23625 0.57625 0.0175 0.02
0 0.3575 0.5825 0.02 0.02
0 0.23375 0.64 0.02 0.0225
0 0.32125 0.705 0.0175 0.0225
0 0.2575 0.77375 0.0275 0.02
0 0.16987 0.79578 0.0234 0.0177
0 0.14375 0.83125 0.0175 0.0225
0 0.1225 0.84875 0.015 0.015
0 0.17625 0.86875 0.02 0.0225
0 0.38 0.48625 0.02 0.025
0 0.45625 0.61625 0.0225 0.0225
0 0.27875 0.7525 0.0225 0.02
0 0.27125 0.6125 0.0225 0.0225
0 0.15675 0.8062 0.0147 0.01585
0 0.2228 0.73798 0.01883 0.017
0 0.4869 0.48688 0.01847 0.02195
0 0.4231 0.59247 0.02118 0.0171
0 0.57375 0.50625 0.015 0.02
0 0.5714 0.4092 0.01972 0.02658
0 0.64447 0.4357 0.0246 0.02342
0 0.61875 0.4575 0.02 0.025
0 0.79125 0.465 0.025 0.02
0 0.5925 0.36875 0.0225 0.0175
0 0.59413 0.42413 0.01535 0.01613
0 0.69915 0.41015 0.01972 0.0185
0 0.9417 0.35845 0.02268 0.02048
0 0.80575 0.449 0.02223 0.0212
0 0.81435 0.42432 0.0198 0.01653
0 0.82717 0.39148 0.02042 0.02223
0 0.8917 0.48373 0.0191 0.0246
