0 0.1425 0.0325 0.025 0.02
0 0.32875 0.17125 0.02 0.0225
0 0.41375 0.27625 0.0225 0.0175
0 0.35875 0.23625 0.0275 0.0225
0 0.26125 0.47125 0.02 0.0275
0 0.19 0.44 0.025 0.0225
0 0.18875 0.47 0.02 0.0175
0 0.15 0.46875 0.0175 0.025
0 0.1625 0.39625 0.025 0.0225
0 0.22125 0.41375 0.0225 0.0275
0 0.22625 0.45125 0.0225 0.0175
0 0.12625 0.44375 0.0225 0.0225
0 0.07375 0.40625 0.0225 0.0225
0 0.605 0.16875 0.0225 0.0225
0 0.6825 0.26625 0.0275 0.0225
0 0.59 0.31 0.0225 0.0175
0 0.60375 0.32375 0.025 0.0225
0 0.64 0.335 0.02 0.0175
0 0.65875 0.31125 0.0225 0.02
0 0.7225 0.32125 0.02 0.0225
0 0.735 0.29375 0.02 0.0125
0 0.75125 0.26125 0.02 0.0175
0 0.74875 0.42875 0.02 0.0225
0 0.6275 0.4475 0.0225 0.0225
0 0.63125 0.265 0.02 0.0175
0 0.8025 0.3275 0.0225 0.02
0 0.8075 0.3025 0.02 0.02
0 0.98 0.41375 0.0175 0.0175
0 0.515 0.1225 0.0225 0.0225
0 0.6204 0.35282 0.02138 0.01915
0 0.62752 0.36938 0.0275 0.01823
0 0.8201 0.38808 0.0234 0.02553
0 0.86242 0.46705 0.01852 0.0266
0 0.89727 0.33422 0.01847 0.01795
0 0.56398 0.2194 0.0179 0.01937
0 0.53885 0.27143 0.0211 0.01893
0 0.67345 0.1229 0.01912 0.01995
0 0.115 0.6025 0.0225 0.0275
0 0.175 0.62625 0.02 0.0275
0 0.07125 0.7175 0.0225 0.03
0 0.21 0.555 0.01 0.02
0 0.2325 0.56 0.015 0.0175
0 0.3025 0.545 0.02 0.015
0 0.33875 0.55875 0.02 0.02
0 0.37 0.5525 0.0175 0.0225
0 0.42875 0.68125 0.02 0.02
0 0.4725 0.6925 0.0175 0.02
0 0.36875 0.6725 0.02 0.0175
0 0.3675 0.6925 0.0175 0.0225
0 0.03 0.8125 0.025 0.0225
0 0.10375 0.82375 0.0225 0.02
0 0.1975 0.78125 0.015 0.015
0 0.37625 0.83 0.0175 0.0175
0 0.03375 0.93875 0.0225 0.02
0 0.30875 0.9325 0.0225 0.015
0 0.4675 0.785 0.0225 0.0225
0 0.33625 0.62125 0.02 0.02
0 0.48125 0.71875 0.02 0.0175
0 0.08625 0.57625 0.0225 0.0225
0 0.08 0.69 0.02 0.02
0 0.1825 0.6875 0.02 0.02
0 0.305 0.86125 0.02 0.0175
0 0.16125 0.87125 0.02 0.02
0 0.255 0.59 0.0175 0.0175
0 0.13875 0.78565 0.0175 0.0175
0 0.46668 0.59318 0.02397 0.02652
0 0.45315 0.5558 0.0225 0.02357
0 0.47675 0.559 0.02542 0.02112
0 0.26767 0.57965 0.01957 0.01717
0 0.3491 0.70777 0.02203 0.01565
0 0.2517 0.72525 0.02007 0.02303
0 0.46567 0.65047 0.02 0.02208
0 0.05465 0.87495 0.0204 0.0211
0 0.05968 0.94542 0.01758 0.0215
0 0.0681 0.8944 0.02105 0.01985
0 0.42607 0.59938 0.02063 0.02072
0 0.44995 0.6103 0.02165 0.02072
0 0.51625 0.55625 0.015 0.0225
0 0.5225 0.67875 0.015 0.02
0 0.66625 0.67875 0.0175 0.02
0 0.69 0.78875 0.0225 0.025
0 0.69875 0.855 0.025 0.0225
0 0.6925 0.8925 0.0225 0.0225
0 0.66625 0.79875 0.0175 0.02
0 0.5125 0.73125 0.02 0.02
0 0.68625 0.70125 0.015 0.02
0 0.81 0.8275 0.025 0.0275
0 0.74875 0.785 0.025 0.025
0 0.69875 0.825 0.0175 0.02
0 0.78875 0.74625 0.0225 0.03
0 0.8225 0.7775 0.02 0.025
0 0.87 0.75875 0.0225 0.02
0 0.85 0.725 0.0175 0.0225
0 0.8325 0.6975 0.0225 0.0175
0 0.9075 0.7225 0.02 0.0225
0 0.77875 0.9025 0.0225 0.0175
0 0.86333 0.945 0.0225 0.0225
0 0.81875 0.93125 0.025 0.025
0 0.71125 0.915 0.0225 0.02
0 0.9375 0.95375 0.0225 0.0225
