0 0.79875 0.20625 0.0225 0.02
0 0.87125 0.28875 0.0175 0.02
0 0.9175 0.35375 0.0175 0.02
0 0.96275 0.31853 0.02078 0.02187
0 0.93 0.23375 0.0175 0.0225
0 0.9075 0.28875 0.02 0.0175
0 0.88625 0.03875 0.015 0.015
0 0.97 0.0925 0.0225 0.0225
0 0.80725 0.05123 0.0205 0.02243
0 0.86243 0.4621 0.02447 0.02665
0 0.8625 0.4025 0.0225 0.02
0 0.85897 0.4305 0.02342 0.02098
0 0.9325 0.1325 0.0175 0.0175
0 0.95375 0.135 0.0175 0.015
0 0.97375 0.20625 0.02 0.02
0 0.99125 0.1575 0.0175 0.025
0 0.87375 0.0475 0.0175 0.015
0 0.93 0.28875 0.0225 0.0225
0 0.84573 0.28028 0.0245 0.02055
0 0.8425 0.31125 0.025 0.025
0 0.04625 0.0325 0.02 0.0175
0 0.91285 0.03853 0.01498 0.01632
0 0.96025 0.08275 0.01873 0.01907
0 0.82647 0.36405 0.01995 0.02632
0 0.8601 0.2332 0.02195 0.02178
0 0.88843 0.1119 0.02152 0.01847
0 0.83963 0.03138 0.02212 0.0181
0 0.86522 0.07007 0.01792 0.02053
0 0.3225 0.9475 0.015 0.0175
