0 0.36625 0.41625 0.0225 0.025
0 0.39237 0.35798 0.02502 0.02958
0 0.32625 0.375 0.0225 0.0175
0 0.21032 0.26795 0.02312 0.02342
0 0.1968 0.2474 0.0201 0.0239
0 0.43375 0.4275 0.0225 0.0275
0 0.4075 0.30125 0.0225 0.0225
0 0.575 0.295 0.0175 0.015
0 0.13625 0.04375 0.02 0.0225
0 0.38875 0.395 0.02 0.0175
0 0.5 0.43 0.0175 0.015
0 0.62 0.4725 0.0225 0.0225
0 0.14 0.1225 0.015 0.0175
0 0.39 0.4725 0.0175 0.02
0 0.52125 0.34625 0.015 0.015
0 0.82875 0.4925 0.0225 0.015
0 0.34625 0.1225 0.0175 0.025
0 0.56125 0.275 0.0225 0.025
0 0.50875 0.32375 0.0175 0.025
0 0.4114 0.26875 0.01723 0.01997
0 0.35375 0.3675 0.0175 0.0225
0 0.4675 0.48 0.02 0.0225
0 0.33125 0.49375 0.02 0.0125
0 0.555 0.32 0.0175 0.02
0 0.45625 0.20625 0.0175 0.02
0 0.035 0.16 0.02 0.02
0 0.3 0.20125 0.0225 0.02
0 0.6375 0.39 0.0175 0.0175
0 0.04 0.11375 0.02 0.02
0 0.48375 0.35015 0.01928 0.01818
0 0.4644 0.37662 0.01275 0.01752
0 0.47478 0.38685 0.01827 0.01835
0 0.51572 0.27588 0.01538 0.02138
0 0.35565 0.30248 0.01843 0.021
0 0.5048 0.37478 0.01542 0.01918
0 0.5777 0.35215 0.01788 0.0186
0 0.30142 0.1796 0.01893 0.02167
0 0.52663 0.33145 0.01617 0.01835
0 0.66625 0.65 0.025 0.0225
0 0.8025 0.5625 0.02 0.02
0 0.5175 0.55375 0.02 0.0175
0 0.4975 0.57375 0.0225 0.0175
0 0.7575 0.805 0.0175 0.0225
0 0.73 0.80375 0.02 0.0225
0 0.455 0.6175 0.0175 0.0225
0 0.78875 0.66375 0.0225 0.015
0 0.72625 0.64375 0.0275 0.02
0 0.64375 0.62375 0.0225 0.0175
0 0.63377 0.53265 0.0192 0.02385
0 0.62 0.6775 0.025 0.0225
0 0.69125 0.66875 0.02 0.02
0 0.83125 0.69625 0.03 0.025
0 0.54125 0.525 0.025 0.0225
0 0.84125 0.53 0.025 0.0225
0 0.50125 0.5075 0.02 0.015
0 0.56375 0.535 0.015 0.015
0 0.33125 0.5925 0.0225 0.0225
0 0.86 0.565 0.025 0.0225
0 0.3425 0.5625 0.0225 0.0225
0 0.66375 0.90625 0.02 0.02
0 0.6875 0.91125 0.02 0.02
0 0.58625 0.72125 0.02 0.02
0 0.71875 0.54375 0.0175 0.015
0 0.55475 0.51087 0.01553 0.01995
0 0.7178 0.52792 0.01773 0.01657
0 0.86815 0.53092 0.0226 0.02205
0 0.6947 0.6876 0.01953 0.01765
0 0.69573 0.58318 0.02 0.0217
0 0.75143 0.68358 0.02425 0.01535
0 0.88748 0.64153 0.0196 0.01875
0 0.95208 0.65045 0.02025 0.01878
0 0.64918 0.79865 0.01975 0.02055
0 0.44578 0.57915 0.0237 0.02257
0 0.62075 0.55365 0.02365 0.0177
0 0.9512 0.7886 0.0238 0.02005
0 0.90555 0.66555 0.01465 0.0168
0 0.91885 0.6777 0.02123 0.0178
0 0.47782 0.58238 0.0158 0.0156
