0 0.29625 0.05875 0.0225 0.0225
0 0.0675 0.34345 0.02435 0.02415
0 0.115 0.3525 0.025 0.0225
0 0.1672 0.35078 0.02237 0.01777
0 0.45625 0.4275 0.0225 0.0225
0 0.41 0.04375 0.025 0.025
0 0.66013 0.42455 0.02087 0.02112
0 0.5628 0.25625 0.02082 0.02342
0 0.71875 0.255 0.0225 0.0175
0 0.3675 0.03125 0.025 0.02
0 0.20875 0.045 0.02 0.0175
0 0.1225 0.3325 0.02 0.015
0 0.47875 0.43375 0.015 0.0175
0 0.2625 0.14 0.025 0.02
0 0.27648 0.45315 0.0198 0.02272
0 0.15065 0.46983 0.0228 0.02085
0 0.07535 0.45325 0.02285 0.01975
0 0.14428 0.27347 0.0206 0.01695
0 0.63125 0.48 0.0175 0.0175
0 0.72 0.46 0.0175 0.02
0 0.57625 0.4225 0.02 0.015
0 0.63875 0.47 0.02 0.0175
0 0.49718 0.0949 0.02315 0.02022
0 0.1593 0.34058 0.01622 0.01733
0 0.30295 0.2 0.0225 0.0225
0 0.26625 0.48375 0.02 0.02
0 0.72875 0.19375 0.0175 0.0175
0 0.16875 0.07875 0.0225 0.0225
0 0.8325 0.025 0.02 0.02
0 0.15818 0.2089 0.01455 0.0196
0 0.33153 0.2599 0.0184 0.018
0 0.49062 0.22615 0.02053 0.02195
0 0.61502 0.2892 0.0164 0.01945
0 0.0268 0.32783 0.01965 0.02175
0 0.1909 0.40595 0.02107 0.01725
0 0.2025 0.33213 0.0157 0.01785
0 0.1942 0.31488 0.01698 0.0155
0 0.64823 0.3681 0.02145 0.01655
0 0.94868 0.4372 0.0188 0.01727
0 0.48797 0.3387 0.01705 0.02027
0 0.58875 0.96375 0.0225 0.0175
0 0.1363 0.90263 0.01862 0.01808
0 0.055 0.91125 0.0225 0.02
0 0.1194 0.79765 0.02368 0.02055
0 0.225 0.68875 0.025 0.025
0 0.17915 0.56613 0.0267 0.02135
0 0.05125 0.53893 0.02813 0.02772
0 0.64277 0.8101 0.02172 0.01893
0 0.63697 0.9273 0.02142 0.01963
0 0.68002 0.91083 0.02252 0.0211
0 0.0948 0.79413 0.01963 0.0207
0 0.05625 0.59 0.02 0.0175
0 0.60875 0.66 0.02 0.02
0 0.18375 0.7775 0.025 0.02
0 0.8695 0.8106 0.0228 0.01945
0 0.69875 0.82 0.0225 0.0225
0 0.2175 0.79875 0.025 0.02
0 0.05 0.84 0.0225 0.02
0 0.075 0.81375 0.02 0.0225
0 0.165 0.51875 0.025 0.02
0 0.18375 0.515 0.025 0.0175
0 0.75 0.96625 0.02 0.015
0 0.17125 0.745 0.0175 0.0175
0 0.64 0.87625 0.0225 0.02
0 0.92625 0.72375 0.0175 0.0175
0 0.88125 0.7725 0.0175 0.0175
0 0.29125 0.5975 0.025 0.025
0 0.82375 0.97125 0.02 0.02
0 0.07875 0.94875 0.02 0.0175
0 0.22625 0.63125 0.02 0.02
0 0.55197 0.56145 0.02003 0.02112
0 0.01315 0.8594 0.02372 0.02235
0 0.01165 0.92028 0.01435 0.01912
0 0.15598 0.81328 0.01733 0.023
0 0.16095 0.78595 0.0219 0.0201
0 0.21775 0.81065 0.01585 0.01442
0 0.05813 0.92972 0.0145 0.01558
0 0.37393 0.72265 0.01748 0.01675
0 0.37298 0.70913 0.01377 0.01468
0 0.48597 0.8709 0.02015 0.02035
0 0.50785 0.89408 0.01825 0.0185
0 0.47592 0.78547 0.01613 0.02272
0 0.49955 0.83388 0.01518 0.02135
0 0.54117 0.82165 0.02165 0.0165
0 0.52913 0.84213 0.01895 0.01818
0 0.54402 0.86803 0.01485 0.02
0 0.66592 0.8913 0.01577 0.0219
0 0.6504 0.97785 0.01865 0.01997
0 0.80312 0.67155 0.0241 0.0181
0 0.77017 0.67295 0.01712 0.01912
0 0.91832 0.66747 0.0206 0.01885
0 0.4351 0.9747 0.01663 0.01905
0 0.14145 0.6488 0.01862 0.01903
