0 0.21875 0.2475 0.0275 0.0225
0 0.22 0.195 0.025 0.0275
0 0.18125 0.0475 0.02 0.0175
0 0.09875 0.61625 0.02 0.0225
0 0.22 0.0447 0.0225 0.0225
0 0.10625 0.64 0.0225 0.02
0 0.28 0.8125 0.0175 0.0175
0 0.2375 0.21125 0.0225 0.02
0 0.16375 0.73 0.02 0.02
0 0.14375 0.78 0.0175 0.0175
0 0.025 0.74875 0.02 0.02
0 0.18573 0.125 0.02322 0.02142
0 0.04107 0.7134 0.02142 0.01965
0 0.17188 0.3375 0.01875 0.02142
0 0.19198 0.29375 0.01785 0.01965
0 0.19285 0.33125 0.01965 0.02142
0 0.29688 0.26295 0.01875 0.01698
0 0.28573 0.30983 0.01965 0.01607
0 0.22948 0.06965 0.01785 0.02142
0 0.31028 0.21875 0.02053 0.02142
0 0.07098 0.6826 0.0241 0.02232
0 0.15535 0.11965 0.01965 0.02322
0 0.18573 0.18215 0.01965 0.02142
0 0.8875 0.72875 0.0225 0.0225
0 0.9025 0.7625 0.0225 0.0225
0 0.705 0.64 0.0225 0.02
0 0.9709 0.5646 0.0186 0.02203
0 0.85682 0.2985 0.02438 0.02022
