0 0.15375 0.41875 0.0225 0.0225
0 0.43625 0.51125 0.0225 0.02
0 0.32875 0.37625 0.02 0.02
0 0.14125 0.12875 0.0225 0.0225
0 0.30875 0.79625 0.0175 0.0175
0 0.10983 0.38885 0.01965 0.01698
0 0.92125 0.315 0.0225 0.0225
0 0.91875 0.7625 0.0225 0.02
0 0.8325 0.715 0.03 0.025
0 0.8675 0.52375 0.0275 0.0225
0 0.92625 0.71875 0.0225 0.0175
0 0.9225 0.61 0.0225 0.0175
0 0.92875 0.83 0.0225 0.0225
0 0.955 0.8975 0.02 0.0225
0 0.6225 0.285 0.0175 0.0175
0 0.9167 0.18848 0.02592 0.02558
0 0.94625 0.24875 0.0225 0.0225
0 0.95125 0.11125 0.0225 0.02
0 0.78625 0.96625 0.0225 0.0225
0 0.92875 0.83 0.0225 0.0225
0 0.90375 0.785 0.0225 0.02
0 0.9025 0.82125 0.02 0.02
0 0.8 0.03875 0.0225 0.0225
0 0.74375 0.85 0.02 0.02
0 0.89125 0.6925 0.0225 0.0225
0 0.8975 0.6 0.02 0.02
0 0.9325 0.96125 0.02 0.02
0 0.68063 0.9007 0.01837 0.02105
0 0.83888 0.97625 0.0188 0.01855
0 0.81038 0.89785 0.02075 0.01533
0 0.8339 0.8938 0.0178 0.01795
0 0.82495 0.92418 0.01775 0.018
0 0.8677 0.92353 0.01755 0.0131
0 0.8869 0.95052 0.01665 0.0207
0 0.94035 0.8083 0.02178 0.02205
0 0.9301 0.89605 0.01725 0.01988
0 0.8544 0.73198 0.01978 0.02178
0 0.89275 0.72155 0.02123 0.02345
0 0.9446 0.63718 0.02135 0.02078
0 0.9242 0.6768 0.01982 0.02148
0 0.97123 0.69063 0.0246 0.02232
0 0.94993 0.30995 0.02158 0.02115
0 0.8436 0.94662 0.02172 0.0228
0 0.95045 0.28767 0.01698 0.01643
0 0.97002 0.38025 0.01685 0.01765
0 0.79907 0.14172 0.0196 0.02095
0 0.88662 0.81278 0.01792 0.02018
