0 0.3275 0.61375 0.02 0.02
0 0.36625 0.62125 0.025 0.0275
0 0.75 0.8725 0.03 0.025
0 0.78 0.79875 0.0275 0.0275
0 0.57625 0.8275 0.025 0.025
0 0.60625 0.7925 0.02 0.02
0 0.5275 0.92 0.02 0.025
0 0.66125 0.8525 0.0225 0.025
0 0.565 0.96375 0.02 0.025
0 0.55875 0.91375 0.02 0.0175
0 0.37125 0.71875 0.02 0.02
0 0.2775 0.6975 0.025 0.02
0 0.80625 0.91125 0.025 0.0225
0 0.615 0.8725 0.02 0.02
0 0.0525 0.9375 0.025 0.0225
0 0.48 0.9725 0.0225 0.0225
0 0.555 0.89625 0.02 0.02
0 0.7475 0.82625 0.0225 0.02
0 0.545 0.945 0.02 0.02
0 0.90875 0.55 0.025 0.0225
0 0.69625 0.9025 0.02 0.02
