0 0.8024 0.7184 0.027325 0.025724999999999998
0 0.7874 0.691875 0.020525 0.013025
0 0.2075 0.01625 0.025 0.025
0 0.29 0.05375 0.0225 0.025
0 0.97 0.38 0.025 0.02
0 0.99 0.3875 0.02 0.0225
0 0.98875 0.4075 0.0225 0.02
0 0.50885 0.00955 0.02625 0.0191
0 0.5083 0.0316 0.023025000000000004 0.023225
0 0.91865 0.67365 0.0209 0.024474999999999997
0 0.6925 0.22125 0.0225 0.02
0 0.84205 0.7175 0.01625 0.018925
0 0.7144750000000001 0.30375 0.021425 0.0225
0 0.4775 0.05 0.0225 0.02
0 0.9653499999999999 0.8536499999999999 0.023225 0.022324999999999998
0 0.97625 0.7175 0.02 0.02
0 0.70875 0.17625 0.0175 0.0175
0 0.955 0.68875 0.025 0.025
0 0.260275 0.010275000000000001 0.01875 0.016975
0 0.9517749999999999 0.35090000000000005 0.01965 0.017849999999999998
0 0.990625 0.435275 0.015175000000000001 0.022324999999999998
0 0.825 0.697325 0.016075 0.017849999999999998