0 0.59125 0.75625 0.0175 0.0225
0 0.6325 0.7375 0.025 0.0175
0 0.6725 0.74125 0.0175 0.02
0 0.70375 0.7175 0.0225 0.0275
0 0.7925 0.88875 0.0275 0.0225
0 0.66 0.82375 0.025 0.0175
0 0.74375 0.7525 0.015 0.0175
0 0.735 0.79625 0.0225 0.0175
0 0.72375 0.81375 0.0225 0.02
0 0.895 0.84 0.025 0.02
0 0.87 0.90375 0.0225 0.0175
0 0.8675 0.925 0.0125 0.0125
0 0.8975 0.91 0.015 0.015
0 0.96 0.965 0.0225 0.0175
0 0.8075 0.82375 0.0175 0.02
0 0.8 0.77 0.015 0.0175
0 0.52875 0.53375 0.02 0.015
0 0.54 0.47875 0.02 0.0175
0 0.47375 0.4225 0.0175 0.025
0 0.43625 0.4325 0.03 0.0175
0 0.4575 0.4725 0.025 0.02
0 0.45875 0.55125 0.03 0.02
0 0.57625 0.64625 0.02 0.025
0 0.63875 0.62375 0.02 0.02
0 0.58875 0.53375 0.0175 0.015
0 0.62625 0.70625 0.02 0.0175
0 0.8675 0.595 0.0175 0.0275
0 0.49125 0.4475 0.0225 0.0175
0 0.79375 0.47125 0.02 0.0225
0 0.86375 0.875 0.02 0.0225
0 0.9275 0.92375 0.0175 0.02
0 0.96625 0.85625 0.0225 0.025
0 0.74 0.64125 0.0225 0.0275
0 0.8375 0.74125 0.02 0.02
0 0.94 0.79125 0.0225 0.0225
0 0.58625 0.7275 0.02 0.02
0 0.89125 0.96125 0.0175 0.0175
0 0.8075 0.60125 0.0225 0.0225
0 0.52875 0.6625 0.0175 0.0175
0 0.39625 0.35 0.02 0.02
0 0.5825 0.6 0.02 0.0175