0 0.24625 0.68875 0.0275 0.0225
0 0.18625 0.62375 0.025 0.02
0 0.19875 0.6075 0.0225 0.0225
0 0.455 0.9 0.025 0.025
0 0.54125 0.08375 0.0225 0.0175
0 0.55375 0.11375 0.03 0.0225
0 0.4425 0.06125 0.025 0.02
0 0.16875 0.5875 0.0225 0.0275
0 0.4275 0.88375 0.0175 0.0175
0 0.5075 0.96875 0.015 0.0225
0 0.23875 0.66625 0.015 0.015
0 0.23625 0.65375 0.0175 0.02
0 0.355 0.7825 0.0175 0.02
0 0.3125 0.74625 0.0175 0.0175
0 0.79375 0.72375 0.0175 0.02
0 0.26625 0.2225 0.015 0.0225
0 0.4025 0.01 0.02 0.02
0 0.4075 0.8725 0.02 0.0175
0 0.5025 0.94875 0.015 0.015
0 0.4 0.07875 0.015 0.02