0 0.3825 0.31625 0.025 0.0225
0 0.30375 0.35875 0.0225 0.0225
0 0.44625 0.19875 0.0225 0.0175
0 0.465 0.18625 0.02 0.02
0 0.4575 0.57625 0.0225 0.02
0 0.42 0.59 0.0225 0.0175
0 0.355 0.75375 0.02 0.0175
0 0.46125 0.84875 0.0225 0.02
0 0.37875 0.5275 0.0225 0.015
0 0.4725 0.20875 0.02 0.02
0 0.42625 0.2125 0.0225 0.0175
0 0.68625 0.82375 0.025 0.0225
0 0.86625 0.17 0.0225 0.0225
0 0.83 0.135 0.0275 0.0225
0 0.875 0.32125 0.025 0.0225
0 0.46125 0.255 0.0225 0.0225
0 0.51125 0.78625 0.0225 0.0225
0 0.46125 0.93875 0.02 0.02
0 0.37 0.345 0.02 0.02
0 0.90875 0.16 0.0225 0.02
0 0.45875 0.80125 0.02 0.02
0 0.4925 0.2325 0.0225 0.02
0 0.1875 0.92 0.0225 0.02
0 0.48 0.28375 0.025 0.0225
0 0.323275 0.80125 0.02 0.0175
0 0.4025 0.5175 0.025 0.0225
0 0.48625 0.16 0.0225 0.0225
0 0.69125 0.855 0.0225 0.0225
0 0.25 0.7825 0.02 0.0175
0 0.359275 0.87095 0.025675 0.025575
0 0.49872500000000003 0.135125 0.0176 0.02105
0 0.21142499999999997 0.901675 0.029975 0.0219
0 0.536525 0.75755 0.0204 0.021949999999999997
0 0.69245 0.9655 0.0319 0.0204
0 0.348775 0.791525 0.028825 0.02375
0 0.29625 0.62255 0.020499999999999997 0.020475