0 0.4575 0.385 0.02 0.015
0 0.44625 0.3475 0.0225 0.02
0 0.46375 0.4075 0.0175 0.02
0 0.29125 0.365 0.025 0.02
0 0.295 0.33875 0.015 0.02
0 0.4175 0.485 0.0225 0.0225
0 0.47 0.49375 0.03 0.0125
0 0.15125 0.05 0.0225 0.02
0 0.8675 0.05875 0.02 0.0175
0 0.89 0.0525 0.0225 0.025
0 0.75875 0.45 0.0225 0.025
0 0.8175 0.285 0.02 0.015
0 0.84125 0.13625 0.0175 0.02
0 0.895 0.41625 0.02 0.0175
0 0.76472 0.41778 0.0259 0.0159
0 0.53305 0.20937 0.0197 0.02053
0 0.50892 0.42217 0.01785 0.01818
0 0.1925 0.93625 0.0225 0.0175
0 0.4 0.87 0.02 0.02
0 0.1475 0.8575 0.02 0.02
0 0.46145 0.77742 0.01752 0.01915
0 0.39948 0.731 0.02217 0.01738
0 0.4168 0.69247 0.01933 0.0153
0 0.1197 0.82685 0.01617 0.01617
0 0.10345 0.80945 0.0194 0.01535
0 0.4401 0.50923 0.0177 0.01667
0 0.69125 0.65125 0.0175 0.0175
0 0.6475 0.67375 0.0225 0.0225
