0 0.34375 0.65375 0.0225 0.015
0 0.3325 0.625 0.02 0.015
0 0.42625 0.45125 0.02 0.02
0 0.415 0.8225 0.0225 0.02
0 0.3675 0.685 0.0175 0.02
0 0.31375 0.57 0.025 0.025
0 0.23375 0.6425 0.02 0.02
0 0.045 0.81375 0.02 0.02
0 0.15125 0.17 0.02 0.02
0 0.2625 0.065 0.0225 0.0225
0 0.36125 0.15375 0.025 0.025
0 0.7675 0.235 0.0175 0.0175
0 0.78 0.20625 0.02 0.02
0 0.55 0.11125 0.0275 0.02
0 0.74375 0.53625 0.0175 0.0175
0 0.835 0.69375 0.0175 0.0175
0 0.54125 0.8325 0.025 0.025
0 0.5625 0.64625 0.02 0.02
0 0.56375 0.54125 0.0175 0.0225
0 0.75875 0.15125 0.02 0.0225
0 0.595 0.07125 0.02 0.02
0 0.8725 0.71375 0.02 0.02
0 0.5725 0.09375 0.02 0.02
0 0.775 0.97125 0.0225 0.0225
0 0.6975 0.5625 0.02 0.02
0 0.87125 0.6025 0.02 0.02
0 0.80625 0.24125 0.02 0.0175
0 0.52625 0.13375 0.02 0.02
0 0.71375 0.17375 0.02 0.02
0 0.53375 0.2025 0.0175 0.0175
0 0.8425 0.625 0.02 0.02
0 0.51538 0.16625 0.02 0.02
0 0.845 0.28125 0.0175 0.0175
0 0.85625 0.2875 0.02 0.02
