0 0.27 0.69875 0.0275 0.02
0 0.05625 0.8225 0.0225 0.0225
0 0.05625 0.78625 0.02 0.025
0 0.1775 0.18875 0.0225 0.0225
0 0.0925 0.28625 0.0225 0.02
0 0.03 0.79375 0.025 0.025
0 0.935 0.625 0.0225 0.025
0 0.9775 0.66375 0.015 0.02
0 0.6175 0.725 0.025 0.02
0 0.90875 0.65375 0.0175 0.02
0 0.74375 0.825 0.03 0.0175
0 0.78875 0.75 0.02 0.0175
0 0.89625 0.73375 0.015 0.015
0 0.92375 0.7025 0.02 0.02
0 0.89875 0.695 0.02 0.02
0 0.96875 0.64 0.0225 0.02
0 0.77375 0.8525 0.02 0.02
0 0.53875 0.89125 0.0225 0.0225
0 0.8125 0.5675 0.025 0.025
