0 0.61125 0.35125 0.025 0.025
0 0.63375 0.3275 0.0225 0.02
0 0.85 0.4175 0.0225 0.0225
0 0.77875 0.27 0.0225 0.02
0 0.415 0.37875 0.025 0.025
0 0.1175 0.03125 0.025 0.025
0 0.68125 0.45125 0.0225 0.025
0 0.39375 0.35875 0.02 0.0225
0 0.30125 0.1325 0.025 0.0225
0 0.31125 0.08625 0.025 0.025
0 0.80875 0.4575 0.0225 0.02
0 0.18375 0.07 0.025 0.025
0 0.64375 0.2375 0.0225 0.0225
0 0.8125 0.355 0.0225 0.0225
0 0.7425 0.13 0.025 0.0225
0 0.8125 0.46125 0.02 0.02
0 0.2175 0.2825 0.02 0.02
0 0.785 0.115 0.0225 0.02
0 0.77375 0.275 0.0225 0.0225
0 0.84375 0.48625 0.0225 0.02
0 0.33375 0.24 0.0225 0.0225
0 0.78125 0.12 0.0225 0.02
0 0.28375 0.23375 0.0225 0.0225
0 0.13625 0.23625 0.025 0.0275
0 0.8275 0.41125 0.02 0.0225
0 0.85125 0.38 0.0175 0.0175
0 0.73125 0.4225 0.0175 0.0175
0 0.75125 0.4325 0.02 0.0225
0 0.8475 0.3425 0.02 0.0175
0 0.76625 0.08875 0.0225 0.0225
0 0.83875 0.45875 0.02 0.02
0 0.33125 0.155 0.0225 0.0225
0 0.6425 0.2 0.02 0.02
0 0.8125 0.2725 0.02 0.02
0 0.735 0.18875 0.0225 0.0225
0 0.7175 0.07875 0.02 0.02
0 0.9025 0.47875 0.025 0.025
0 0.78375 0.30125 0.025 0.0225
0 0.5975 0.30875 0.025 0.025
0 0.2575 0.21875 0.02 0.0175
0 0.71625 0.25875 0.0225 0.0225
0 0.36875 0.12715 0.02 0.02
0 0.495 0.135 0.02 0.0175
0 0.60625 0.2725 0.02 0.02
0 0.62875 0.29125 0.02 0.02
0 0.78625 0.37 0.0225 0.0225
0 0.78625 0.4575 0.02 0.02
0 0.08625 0.06 0.0225 0.0225
0 0.36625 0.375 0.025 0.025
0 0.245 0.6425 0.0225 0.0225
0 0.255 0.67 0.0225 0.0225
0 0.22625 0.80375 0.02 0.025
0 0.285 0.80125 0.02 0.0275
0 0.33 0.81375 0.0225 0.02
0 0.30375 0.70625 0.0175 0.02
0 0.3 0.7475 0.02 0.025
0 0.3275 0.77125 0.0175 0.02
0 0.39625 0.86375 0.0175 0.025
0 0.21875 0.94 0.0175 0.0225
0 0.13125 0.87375 0.025 0.0175
0 0.1025 0.77875 0.025 0.0225
0 0.34875 0.72875 0.025 0.025
0 0.34875 0.75125 0.0225 0.0275
0 0.47375 0.8475 0.0175 0.0275
0 0.4625 0.83875 0.0175 0.0225
0 0.5525 0.845 0.0175 0.02
0 0.59375 0.6725 0.02 0.0225
0 0.81125 0.75375 0.0225 0.0175
0 0.87375 0.77125 0.02 0.0225
0 0.83875 0.5125 0.0175 0.0175
0 0.94125 0.5875 0.025 0.0225
0 0.93 0.60875 0.0225 0.025
0 0.9175 0.5875 0.0275 0.0275
0 0.91125 0.56625 0.0225 0.02
0 0.93375 0.56375 0.02 0.0175
0 0.8475 0.54625 0.02 0.0225
0 0.87875 0.54 0.0175 0.03
0 0.88 0.6875 0.0275 0.0225
0 0.88875 0.71375 0.0275 0.025
0 0.6525 0.68625 0.02 0.0175
0 0.34375 0.61625 0.0175 0.02
0 0.3075 0.9725 0.0175 0.025
0 0.1675 0.965 0.0175 0.0225
0 0.96125 0.6175 0.02 0.02
0 0.83125 0.655 0.0225 0.0225
0 0.9675 0.9725 0.0225 0.0225
0 0.9025 0.78875 0.02 0.02
0 0.99 0.605 0.02 0.0225
0 0.0725 0.85125 0.0225 0.02
0 0.92625 0.94875 0.0225 0.0225
0 0.2575 0.7625 0.02 0.02
0 0.04125 0.81875 0.02 0.02
0 0.83625 0.72625 0.0225 0.02
0 0.71625 0.84875 0.02 0.02
0 0.69625 0.83125 0.0225 0.0225
0 0.4125 0.84375 0.0225 0.02
0 0.7925 0.78375 0.0175 0.0175
0 0.75375 0.7971 0.02 0.02
0 0.64375 0.84875 0.02 0.02
0 0.8375 0.8425 0.02 0.02
