0 0.07375 0.04125 0.0175 0.0175
0 0.0625 0.095 0.0175 0.02
0 0.6075 0.315 0.0225 0.0225
0 0.1275 0.29 0.02 0.0175
0 0.37875 0.255 0.02 0.0225
0 0.3225 0.26 0.02 0.0225
0 0.4075 0.29375 0.02 0.02
0 0.54625 0.3075 0.025 0.025
0 0.17625 0.145 0.025 0.0225
0 0.35625 0.23375 0.0225 0.0225
0 0.23625 0.26875 0.0175 0.0175
0 0.44875 0.3475 0.0225 0.02
0 0.07875 0.0675 0.02 0.0175
0 0.09625 0.28875 0.02 0.02
0 0.3775 0.2275 0.02 0.02
0 0.3386 0.30988 0.02312 0.02737
0 0.1082 0.13448 0.02902 0.02825
0 0.19365 0.28543 0.02728 0.02797
0 0.0964 0.03617 0.02652 0.02325
0 0.9225 0.74375 0.0225 0.02
0 0.8325 0.8725 0.0225 0.02
0 0.90375 0.78625 0.02 0.0175
0 0.7475 0.78625 0.02 0.02
