0 0.01625 0.05625 0.015 0.0225
0 0.0225 0.17875 0.015 0.02
0 0.16625 0.17875 0.0175 0.02
0 0.19 0.28875 0.0225 0.025
0 0.19875 0.355 0.025 0.0225
0 0.1925 0.3925 0.0225 0.0225
0 0.16625 0.29875 0.0175 0.02
0 0.0125 0.23125 0.02 0.02
0 0.18625 0.20125 0.015 0.02
0 0.31 0.3275 0.025 0.0275
0 0.24875 0.285 0.025 0.025
0 0.19875 0.325 0.0175 0.02
0 0.28875 0.24625 0.0225 0.03
0 0.3225 0.2775 0.02 0.025
0 0.37 0.25875 0.0225 0.02
0 0.35 0.225 0.0175 0.0225
0 0.3325 0.1975 0.0225 0.0175
0 0.4075 0.2225 0.02 0.0225
0 0.49 0.2725 0.0225 0.02
0 0.51 0.28875 0.02 0.0225
0 0.27875 0.4025 0.0225 0.0175
0 0.58125 0.02125 0.02 0.025
0 0.6925 0.12625 0.0275 0.0225
0 0.8025 0.05375 0.0225 0.0275
0 0.74625 0.10625 0.02 0.015
0 0.79875 0.11125 0.0175 0.0175
0 0.85875 0.07 0.0175 0.0175
0 0.9 0.0425 0.02 0.02
0 0.90125 0.07375 0.0125 0.0175
0 0.97625 0.02625 0.015 0.02
0 0.7375 0.195 0.02 0.0175
0 0.75125 0.2725 0.0225 0.02
0 0.77125 0.24 0.0225 0.02
0 0.80625 0.2275 0.015 0.0175
0 0.68125 0.26 0.0225 0.0175
0 0.7125 0.2925 0.0175 0.0125
0 0.665 0.21875 0.025 0.02
0 0.6825 0.23625 0.0325 0.03
0 0.7075 0.2725 0.02 0.0175
0 0.716475 0.2302 0.01955 0.022099999999999998
0 0.715 0.25125 0.02 0.015
0 0.62125 0.21875 0.0275 0.02
0 0.955 0.41375 0.0225 0.02
0 0.93375 0.98125 0.0225 0.02
0 0.8675 0.5075 0.0225 0.0175
0 0.83 0.46125 0.02 0.0175
0 0.8375 0.375 0.015 0.015
0 0.27125 0.7225 0.025 0.0175
0 0.1 0.4825 0.02 0.02
0 0.78375 0.20375 0.0225 0.0225
0 0.93 0.4525 0.02 0.02
0 0.363325 0.445 0.0225 0.0225
0 0.92 0.43 0.02 0.02
0 0.9725 0.4375 0.0225 0.02
0 0.5925 0.065 0.02 0.02
0 0.956675 0.46625 0.0225 0.02
0 0.87125 0.4 0.0175 0.0175
0 0.88875 0.4475 0.02 0.02
0 0.955 0.535 0.0225 0.0225
0 0.8675 0.43875 0.02 0.02
0 0.831675 0.524575 0.031675 0.03335
0 0.495 0.04125 0.02 0.02
0 0.31875 0.43125 0.025 0.025
0 0.8 0.17875 0.02 0.02
0 0.69625 0.47625 0.0225 0.02
0 0.21125 0.415 0.0225 0.02
0 0.946675 0.50375 0.02 0.02
0 0.89875 0.7475 0.02 0.02
0 0.4375 0.45375 0.0225 0.0225
0 0.7325 0.22125 0.02 0.02
0 0.855 0.2625 0.02 0.02
0 0.76875 0.65375 0.0225 0.0225
0 0.9425 0.09 0.02 0.02
0 0.89 0.28125 0.0225 0.02
0 0.87 0.035 0.02 0.02
0 0.68 0.195 0.02 0.02
0 0.8275 0.2075 0.0225 0.0225
0 0.905 0.4075 0.02 0.02