0 0.39125 0.845 0.0175 0.0175
0 0.12 0.1625 0.02 0.0175
0 0.145 0.05125 0.02 0.02
0 0.185 0.0925 0.02 0.0175
0 0.93625 0.50625 0.0225 0.02
0 0.9575 0.5025 0.0175 0.015
0 0.11375 0.5725 0.02 0.0225
0 0.07875 0.935 0.03 0.0175
0 0.18875 0.3075 0.02 0.025
0 0.2575 0.3425 0.0175 0.0225
0 0.275 0.33625 0.0225 0.0275
0 0.0325 0.92625 0.025 0.0175
0 0.13125 0.17625 0.025 0.015
0 0.05625 0.3725 0.025 0.0225
0 0.05875 0.21625 0.0225 0.02
0 0.12625 0.22125 0.02 0.0175
0 0.70625 0.0475 0.0175 0.0175
0 0.06125 0.1325 0.0225 0.0225
0 0.03 0.1475 0.0225 0.015
0 0.04875 0.16125 0.025 0.0175
0 0.21625 0.305 0.02 0.02
0 0.07125 0.95125 0.0225 0.0175
0 0.01375 0.545 0.025 0.02
0 0.0125 0.87375 0.025 0.0225
0 0.08 0.05875 0.02 0.02
0 0.12875 0.0325 0.02 0.02
0 0.03375 0.3625 0.02 0.02
0 0.3125 0.815 0.02 0.02
0 0.08125 0.32875 0.02 0.02
0 0.08102499999999999 0.139675 0.020099999999999996 0.018875
0 0.013474999999999999 0.5114500000000001 0.016225 0.017525
0 0.0455 0.5618 0.016 0.016475
0 0.06662499999999999 0.5267000000000001 0.0154 0.0159
0 0.1329 0.561325 0.015825 0.0173
0 0.09532500000000001 0.555875 0.01925 0.0171
0 0.084825 0.601725 0.017875000000000002 0.0231
0 0.009375 0.7200749999999999 0.01875 0.029525000000000003
0 0.01345 0.906675 0.02155 0.022275
0 0.059225 0.856725 0.022025000000000003 0.020575
0 0.024775000000000002 0.848575 0.0174 0.015