0 0.73 0.5625 0.025 0.02
0 0.6875 0.12 0.02 0.0225
0 0.70875 0.08375 0.0225 0.0225
0 0.73 0.2225 0.02 0.0175
0 0.76625 0.5275 0.015 0.02
0 0.73625 0.9775 0.0225 0.0225
0 0.62 0.97875 0.0175 0.0225
0 0.8341249999999999 0.2481 0.01975 0.018925
0 0.7371 0.95 0.02 0.02
0 0.93375 0.20375 0.0225 0.0225
0 0.83 0.23625 0.02 0.02
0 0.735 0.63625 0.02 0.0175
0 0.175 0.48375 0.02 0.02
0 0.9505750000000001 0.0814 0.019025 0.023525
0 0.176675 0.6424 0.021175000000000003 0.01875
0 0.29447500000000004 0.0076 0.019325000000000002 0.015175000000000001
0 0.753275 0.966225 0.018425 0.021150000000000002
0 0.724675 0.9603499999999999 0.015425 0.017124999999999998