0 0.29875 0.70625 0.0225 0.02
0 0.37125 0.78875 0.0175 0.02
0 0.4175 0.85375 0.0175 0.02
0 0.46275 0.81853 0.02078 0.02187
0 0.43 0.73375 0.0175 0.0225
0 0.4075 0.78875 0.02 0.0175
0 0.38625 0.53875 0.015 0.015
0 0.47 0.5925 0.0225 0.0225
0 0.30725 0.55123 0.0205 0.02243
0 0.41328 0.5123 0.01907 0.01553
0 0.36243 0.9621 0.02447 0.02665
0 0.3625 0.9025 0.0225 0.02
0 0.35897 0.9305 0.02342 0.02098
0 0.4325 0.6325 0.0175 0.0175
0 0.45375 0.635 0.0175 0.015
0 0.35 0.5175 0.0175 0.0175
0 0.47375 0.70625 0.02 0.02
0 0.49125 0.6575 0.0175 0.025
0 0.37375 0.5475 0.0175 0.015
0 0.43 0.78875 0.0225 0.0225
0 0.34573 0.78028 0.0245 0.02055
0 0.3425 0.81125 0.025 0.025
0 0.41285 0.53853 0.01498 0.01632
0 0.46025 0.58275 0.01873 0.01907
0 0.32647 0.86405 0.01995 0.02632
0 0.3601 0.7332 0.02195 0.02178
0 0.38843 0.6119 0.02152 0.01847
0 0.31953 0.51255 0.01762 0.01617
0 0.33963 0.53138 0.02212 0.0181
0 0.36522 0.57007 0.01792 0.02053
0 0.8075 0.64375 0.0175 0.0175
0 0.7575 0.68375 0.015 0.015
0 0.80875 0.71625 0.02 0.0175
0 0.61 0.6 0.02 0.0225
0 0.63625 0.5375 0.025 0.0225
0 0.64 0.57 0.0175 0.02
0 0.76875 0.60875 0.0175 0.015
0 0.785 0.57625 0.0225 0.0175
0 0.86 0.6025 0.02 0.0175
0 0.66 0.8675 0.02 0.025
0 0.68635 0.87625 0.01613 0.01725
0 0.9025 0.51875 0.015 0.0175
0 0.57625 0.64625 0.0175 0.0175
0 0.9425 0.45375 0.025 0.02
0 0.59875 0.795 0.02 0.0175
0 0.7361 0.62545 0.02 0.02
0 0.565 0.57875 0.0175 0.0225
0 0.59375 0.4075 0.02 0.02
0 0.52875 0.6575 0.02 0.0225
0 0.5225 0.82875 0.0175 0.02
0 0.745 0.5725 0.02 0.02
0 0.98125 0.03625 0.0175 0.0175
0 0.935 0.1425 0.02 0.02
0 0.8975 0.605 0.0175 0.0175
0 0.885 0.625 0.02 0.02
0 0.6 0.34375 0.025 0.0225
0 0.865 0.45375 0.0225 0.0225
0 0.745 0.7775 0.02 0.0175
0 0.55875 0.37 0.0225 0.0225
0 0.66625 0.79625 0.0225 0.0225
0 0.72875 0.79875 0.0225 0.0225
0 0.635 0.7 0.0225 0.0225
0 0.68675 0.8325 0.01635 0.0168
0 0.62995 0.87345 0.01707 0.01655
0 0.64772 0.84908 0.0151 0.0178
0 0.59905 0.6538 0.01617 0.01562
0 0.59613 0.6198 0.01903 0.01457
0 0.8073 0.51803 0.01818 0.0182
0 0.72718 0.59867 0.01685 0.0188
0 0.56767 0.54025 0.0175 0.01798
0 0.61417 0.40388 0.01638 0.01725
0 0.58465 0.2509 0.01395 0.01433
0 0.60345 0.24962 0.01632 0.01323
0 0.60988 0.22983 0.01617 0.0186
0 0.64472 0.25062 0.01625 0.0191
0 0.91263 0.48745 0.0199 0.01595
0 0.9221 0.51305 0.01655 0.01895
0 0.98075 0.48897 0.01688 0.01545
0 0.97485 0.47462 0.01937 0.0171
0 0.62047 0.85683 0.01775 0.01903
