0 0.3575 0.28625 0.0175 0.02
0 0.385 0.2825 0.02 0.0175
0 0.5025 0.29875 0.0175 0.0175
0 0.495 0.315 0.0225 0.025
0 0.38625 0.31 0.02 0.0225
0 0.36 0.0625 0.0225 0.0225
0 0.85433 0.38125 0.025 0.0225
0 0.425 0.26625 0.025 0.025
0 0.5475 0.24 0.0225 0.0225
0 0.9525 0.28625 0.02 0.02
0 0.5775 0.34125 0.025 0.0225
0 0.17625 0.12625 0.02 0.02
0 0.45125 0.29125 0.0225 0.0225
0 0.695 0.59125 0.0175 0.025
0 0.86625 0.66875 0.02 0.0225
0 0.725 0.70625 0.025 0.0275
0 0.92875 0.75375 0.02 0.02
0 0.565 0.85375 0.0225 0.025
0 0.57625 0.835 0.025 0.0225
0 0.7575 0.77875 0.02 0.0225
0 0.81125 0.73625 0.0225 0.0175
0 0.935 0.6425 0.02 0.02
0 0.9675 0.76375 0.0175 0.0175
0 0.78125 0.8075 0.02 0.015
0 0.78625 0.82625 0.0175 0.0275
0 0.3 0.5425 0.0225 0.0225
0 0.81625 0.65 0.02 0.02
