0 0.425 0.58625 0.0225 0.0175
0 0.445 0.7 0.02 0.025
0 0.91625 0.71 0.0175 0.0175
0 0.215 0.78375 0.0175 0.02
0 0.70375 0.8125 0.0225 0.0225
0 0.7875 0.815 0.015 0.015
0 0.30625 0.82 0.0225 0.0225
0 0.86125 0.825 0.02 0.0175
0 0.84875 0.84 0.015 0.0175
0 0.685 0.87375 0.0175 0.02
0 0.66625 0.91375 0.0275 0.0225
0 0.68625 0.93125 0.0175 0.0175
0 0.28625 0.9425 0.0225 0.0175
0 0.6575 0.94875 0.02 0.0175
0 0.63 0.955 0.02 0.0175
0 0.45125 0.08125 0.025 0.02
0 0.48875 0.10625 0.02 0.02
0 0.6225 0.25375 0.0225 0.0225
0 0.42875 0.3325 0.025 0.0225
0 0.5975 0.40375 0.02 0.02
0 0.975 0.68375 0.0325 0.0275
0 0.97375 0.73125 0.0275 0.0225
0 0.41125 0.6225 0.0225 0.02
0 0.12125 0.835 0.02 0.0175
0 0.42875 0.3325 0.025 0.0225
0 0.4075 0.69125 0.0225 0.0225
0 0.40875 0.07875 0.0225 0.02
0 0.32 0.7725 0.02 0.02
0 0.93875 0.68 0.02 0.0225
0 0.75875 0.9825 0.0225 0.02
0 0.25625 0.9625 0.02 0.0175
0 0.445 0.7825 0.0175 0.0175
0 0.73375 0.83875 0.0225 0.0225
0 0.035 0.88125 0.025 0.025
0 0.26875 0.86125 0.02 0.02
0 0.4425 0.19875 0.025 0.0225
0 0.7139749999999999 0.96875 0.0225 0.0225
0 0.55 0.255 0.0225 0.0225
0 0.64375 0.92625 0.0225 0.0225
0 0.44 0.74125 0.0175 0.0175
0 0.24125 0.7875 0.02 0.02
0 0.40125 0.915 0.02 0.0175
0 0.485 0.2325 0.0225 0.0225
0 0.76 0.87375 0.0175 0.0175
0 0.81125 0.79 0.02 0.02
0 0.6525 0.04875 0.0225 0.0225
0 0.44 0.635 0.02 0.02
0 0.88625 0.7325 0.0225 0.0225
0 0.85125 0.73625 0.02 0.02
0 0.5825 0.18375 0.02 0.02