0 0.05125 0.5675 0.0275 0.0225
0 0.4642 0.2202 0.02542 0.02142
0 0.03375 0.31875 0.0225 0.02
0 0.0975 0.345 0.0225 0.02
0 0.16125 0.39125 0.02 0.02
0 0.18297 0.40882 0.01682 0.0203
0 0.44118 0.42072 0.02342 0.02092
0 0.165 0.43125 0.02 0.02
0 0.0925 0.44 0.025 0.025
0 0.08 0.4625 0.0225 0.025
0 0.1925 0.535 0.0225 0.025
0 0.08 0.5 0.025 0.025
0 0.47125 0.37123 0.01945 0.02167
0 0.15592 0.54285 0.02257 0.025
0 0.59125 0.2325 0.025 0.025
0 0.62125 0.24875 0.02 0.02
0 0.64375 0.2575 0.0175 0.0275
0 0.63625 0.3 0.0225 0.0225
0 0.56375 0.3125 0.02 0.0175
0 0.89335 0.36417 0.02462 0.0217
0 0.5575 0.365 0.0225 0.025
0 0.69173 0.36397 0.02022 0.02835
0 0.60375 0.3725 0.0175 0.02
0 0.54375 0.42125 0.0225 0.0225
0 0.54 0.4825 0.0225 0.0225
0 0.7109 0.4577 0.01978 0.02595
0 0.90377 0.39105 0.02375 0.02525
0 0.7525 0.3575 0.025 0.025
0 0.6425 0.415 0.02 0.02
0 0.6275 0.445 0.0225 0.0225
0 0.94052 0.18645 0.01855 0.01575
0 0.91472 0.21608 0.02232 0.01968
0 0.75412 0.19335 0.02075 0.02063
0 0.64815 0.43477 0.01978 0.01972
0 0.77418 0.34958 0.0213 0.02237
0 0.9266 0.39483 0.02003 0.0175
