0 0.1625 0.56375 0.02 0.0225
0 0.24125 0.65 0.03 0.0225
0 0.09875 0.71 0.0175 0.02
0 0.1 0.6875 0.0175 0.015
0 0.09625 0.655 0.0175 0.02
0 0.12625 0.645 0.025 0.02
0 0.13625 0.6275 0.0225 0.02
0 0.18125 0.595 0.02 0.025
0 0.205 0.81375 0.02 0.0225
0 0.13375 0.82625 0.02 0.02
0 0.21625 0.53875 0.0175 0.02
0 0.26625 0.52875 0.0175 0.0225
0 0.29 0.555 0.03 0.0175
0 0.34875 0.45875 0.025 0.02
0 0.35375 0.395 0.0225 0.0175
0 0.395 0.57875 0.0175 0.0225
0 0.3525 0.645 0.02 0.02
0 0.3075 0.6925 0.02 0.0225
0 0.0975 0.5375 0.025 0.0225
0 0.415 0.72875 0.015 0.0175
0 0.33375 0.73625 0.025 0.0175
0 0.145 0.41875 0.0225 0.0225
0 0.45625 0.615 0.02 0.0225
0 0.41625 0.64375 0.0175 0.0225
0 0.3325 0.56875 0.02 0.02
0 0.23625 0.5025 0.025 0.0225
0 0.28625 0.41375 0.0225 0.0225
0 0.225 0.3975 0.02 0.0175
0 0.4475 0.3 0.025 0.02
0 0.355 0.675 0.0225 0.025
0 0.47518 0.34663 0.02538 0.02425
0 0.4575 0.73125 0.02 0.02
0 0.47375 0.67375 0.0175 0.015
0 0.49125 0.5825 0.0175 0.0275
0 0.42 0.46625 0.025 0.025
0 0.41875 0.14625 0.02 0.02
0 0.47137 0.53375 0.02 0.02
0 0.10625 0.82737 0.02 0.02
0 0.07625 0.6525 0.02 0.02
0 0.90875 0.86125 0.0175 0.0175
0 0.8 0.82 0.0175 0.015
0 0.81 0.79125 0.015 0.015
0 0.78375 0.79125 0.0225 0.0175
0 0.84 0.715 0.0175 0.015
0 0.92875 0.54 0.0175 0.015
0 0.5475 0.7925 0.015 0.015
0 0.63 0.7425 0.015 0.015
0 0.575 0.7825 0.015 0.015
0 0.68625 0.48375 0.0225 0.02
0 0.70625 0.545 0.0225 0.02
0 0.94875 0.54375 0.0225 0.015
0 0.71135 0.02462 0.02252 0.0167
0 0.825 0.7725 0.0225 0.02
0 0.875 0.71375 0.02 0.02
0 0.64178 0.74978 0.02 0.0175
