0 0.09 0.9675 0.0225 0.0225
0 0.11295 0.86103 0.0209 0.02208
0 0.075 0.49125 0.025 0.0225
0 0.825 0.06625 0.0225 0.0225
0 0.9425 0.08875 0.0225 0.02
0 0.5125 0.33375 0.0225 0.025
0 0.59625 0.3725 0.0225 0.0275
0 0.64875 0.7875 0.0325 0.02
0 0.62 0.65625 0.0275 0.0225
0 0.61 0.7075 0.0225 0.0125
0 0.65375 0.68875 0.0275 0.0225
0 0.7825 0.69125 0.0225 0.0225
0 0.81625 0.77125 0.02 0.0275
0 0.56625 0.34 0.025 0.02
0 0.6875 0.37125 0.02 0.0175
0 0.88375 0.09375 0.0175 0.015
0 0.805 0.51 0.025 0.02
0 0.9575 0.08125 0.0225 0.0225
0 0.7275 0.97375 0.02 0.02
0 0.65875 0.4175 0.0225 0.0225
0 0.6 0.865 0.0225 0.0225
0 0.63875 0.7575 0.0225 0.0225
0 0.58625 0.71875 0.0225 0.0225
0 0.58125 0.835 0.0225 0.0225
0 0.70765 0.9287 0.02737 0.03385
0 0.94353 0.15238 0.02148 0.01758
