0 0.3125 0.11375 0.0275 0.03
0 0.38375 0.12 0.0225 0.02
0 0.29375 0.1425 0.02 0.025
0 0.20125 0.0625 0.0175 0.0175
0 0.305 0.20875 0.02 0.02
0 0.89875 0.1825 0.0325 0.025
0 0.895 0.0925 0.025 0.02
0 0.6925 0.03875 0.0275 0.02
0 0.54625 0.1275 0.0225 0.0225
0 0.9075 0.1275 0.02 0.0275
0 0.86375 0.1975 0.02 0.0225
0 0.7325 0.0425 0.02 0.0175
0 0.93 0.07625 0.0175 0.02
0 0.93375 0.15375 0.0175 0.025
0 0.95 0.07375 0.0225 0.02
0 0.53125 0.1425 0.02 0.0225
0 0.85125 0.09375 0.0175 0.02
0 0.8875 0.1175 0.03 0.025
0 0.815 0.47625 0.0225 0.025
0 0.7825 0.48125 0.025 0.025
0 0.935 0.1025 0.02 0.015
0 0.85625 0.22625 0.0175 0.0175
0 0.835 0.22875 0.02 0.0225
0 0.89125 0.20375 0.025 0.0175
0 0.76625 0.29625 0.02 0.02
0 0.2225 0.86875 0.0225 0.02
0 0.11 0.94375 0.0225 0.02
0 0.1125 0.8925 0.0225 0.0175
0 0.2025 0.97625 0.0175 0.0175
0 0.3 0.89625 0.0175 0.0175
0 0.17125 0.92875 0.0225 0.0225
0 0.12875 0.74875 0.0175 0.0225
0 0.26125 0.94 0.025 0.0225
0 0.10375 0.8425 0.0225 0.02
0 0.165 0.9725 0.02 0.02
0 0.18 0.695 0.0275 0.025
0 0.25125 0.6675 0.02 0.02
0 0.64625 0.72875 0.025 0.0225
0 0.6525 0.64 0.02 0.02
0 0.665 0.6025 0.0225 0.025
0 0.73 0.525 0.0225 0.02
0 0.92375 0.84625 0.02 0.02
0 0.62375 0.685 0.02 0.02
0 0.5451 0.5413 0.02283 0.025
0 0.85245 0.9731 0.0212 0.02445
