0 0.2475 0.09125 0.0225 0.025
0 0.2025 0.06625 0.02 0.02
0 0.29625 0.33125 0.02 0.0225
0 0.3175 0.33875 0.025 0.0225
0 0.3525 0.45125 0.0175 0.0225
0 0.3675 0.4475 0.025 0.03
0 0.3525 0.475 0.02 0.02
0 0.30875 0.47375 0.025 0.0225
0 0.22375 0.44 0.0275 0.0225
0 0.43875 0.24125 0.02 0.02
0 0.4725 0.245 0.02 0.025
0 0.48375 0.2275 0.0225 0.02
0 0.33 0.08125 0.0225 0.02
0 0.31125 0.0875 0.02 0.0175
0 0.2775 0.0625 0.0225 0.02
0 0.24125 0.3225 0.0275 0.02
0 0.4 0.4475 0.0225 0.02
0 0.45375 0.465 0.015 0.02
0 0.35125 0.4025 0.0225 0.02
0 0.245 0.4075 0.02 0.02
0 0.60875 0.11 0.03 0.0225
0 0.70875 0.1725 0.0225 0.0225
0 0.6725 0.1525 0.025 0.0275
0 0.64 0.16375 0.0225 0.0325
0 0.6025 0.05625 0.02 0.02
0 0.60375 0.07875 0.02 0.0175
0 0.64125 0.02625 0.015 0.0175
0 0.7175 0.25 0.03 0.03
0 0.55125 0.28625 0.025 0.0175
0 0.66625 0.24375 0.02 0.0225
0 0.6075 0.48625 0.0225 0.02
0 0.6475 0.47875 0.0225 0.0175
0 0.67125 0.48625 0.02 0.02
0 0.745 0.44625 0.0275 0.02
0 0.84875 0.42875 0.0275 0.02
0 0.9325 0.4625 0.02 0.0225
0 0.60875 0.2125 0.0225 0.02
0 0.7425 0.20375 0.02 0.02
0 0.14875 0.91 0.0225 0.0225
0 0.085 0.7925 0.0175 0.0175
0 0.115 0.835 0.02 0.02
0 0.26125 0.72625 0.0225 0.02
0 0.19 0.8 0.0275 0.02
0 0.57125 0.80375 0.03 0.0275
0 0.5575 0.765 0.0275 0.0225
0 0.56875 0.72125 0.0225 0.025
0 0.5525 0.7375 0.0175 0.015
0 0.705 0.74125 0.0275 0.025
0 0.6575 0.68875 0.025 0.02
0 0.6325 0.64 0.02 0.015
0 0.6325 0.65625 0.0225 0.015
0 0.6425 0.6175 0.025 0.025
0 0.64625 0.515 0.0225 0.0175
0 0.79375 0.875 0.0275 0.015
0 0.58875 0.8725 0.02 0.025
0 0.84375 0.91 0.0275 0.0275
0 0.93875 0.805 0.0225 0.0225
0 0.90625 0.8675 0.025 0.0275
