0 0.13125 0.1475 0.015 0.02
0 0.215 0.18375 0.015 0.02
0 0.0425 0.21 0.0175 0.0275
0 0.02125 0.21375 0.0175 0.02
0 0.465 0.2425 0.015 0.025
0 0.24 0.2775 0.0175 0.0225
0 0.12625 0.29875 0.0225 0.02
0 0.2525 0.30875 0.0175 0.025
0 0.33625 0.31 0.015 0.0225
0 0.07125 0.43625 0.02 0.015
0 0.37625 0.43625 0.0225 0.0225
0 0.33875 0.08625 0.03 0.0275
0 0.22 0.47125 0.015 0.0175
0 0.275 0.295 0.0125 0.0175
0 0.44125 0.23625 0.025 0.0225
0 0.16375 0.28375 0.025 0.025
0 0.2025 0.26875 0.02 0.02
0 0.25125 0.56625 0.025 0.025
0 0.26125 0.19125 0.0225 0.0225
0 0.35375 0.12875 0.0225 0.0225
0 0.4675 0.19625 0.0175 0.0175
0 0.915 0.12125 0.0175 0.02
0 0.8725 0.14375 0.0225 0.02
0 0.9 0.1575 0.0225 0.0225
0 0.58125 0.18375 0.0175 0.0225
0 0.71875 0.20875 0.0225 0.02
0 0.72625 0.34875 0.0275 0.0275
0 0.71875 0.03375 0.0225 0.02
0 0.53875 0.16125 0.02 0.02
0 0.9175 0.31125 0.0225 0.0225
0 0.62 0.23875 0.02 0.02
0 0.97125 0.12 0.0225 0.0225
0 0.61875 0.1775 0.02 0.02
0 0.6145 0.26 0.02 0.02
