0 0.24375 0.0925 0.025 0.0225
0 0.46375 0.06875 0.0225 0.02
0 0.21625 0.36 0.0225 0.02
0 0.23 0.425 0.0275 0.0275
0 0.36125 0.45625 0.0225 0.0275
0 0.20625 0.47875 0.0225 0.025
0 0.1775 0.4875 0.02 0.0225
0 0.1575 0.49125 0.02 0.0225
0 0.4775 0.62875 0.0225 0.03
0 0.42125 0.69625 0.02 0.02
0 0.46625 0.71 0.0175 0.02
0 0.41875 0.77375 0.0275 0.0275
0 0.33 0.8125 0.0275 0.0225
0 0.27375 0.80625 0.0225 0.02
0 0.18375 0.955 0.02 0.0175
0 0.1925 0.9725 0.0325 0.0275
0 0.46625 0.90875 0.025 0.0225
0 0.30125 0.8375 0.0225 0.0225
0 0.4125 0.86875 0.0225 0.02
0 0.0825 0.5475 0.0275 0.0275
0 0.0675 0.88125 0.02 0.025
0 0.175 0.7 0.0225 0.02
0 0.35125 0.8525 0.0225 0.0225
0 0.25875 0.92625 0.025 0.025
0 0.27375 0.9775 0.0225 0.02
0 0.34875 0.9225 0.02 0.0175
0 0.36375 0.78125 0.0225 0.0225
0 0.29875 0.12375 0.0225 0.0225
0 0.18032 0.58125 0.02 0.02
0 0.35875 0.435 0.0225 0.0225
0 0.4375 0.7525 0.02 0.02
0 0.32875 0.4725 0.0225 0.02
0 0.195 0.88875 0.02 0.02
0 0.4525 0.81125 0.0225 0.0225
0 0.41 0.8025 0.02 0.02
0 0.32 0.9225 0.0225 0.0225
0 0.41375 0.505 0.02 0.02
0 0.465 0.4575 0.0225 0.0225
0 0.3925 0.785 0.02 0.02
0 0.3825 0.74875 0.0225 0.0225
0 0.43 0.58875 0.02 0.02
0 0.4 0.7275 0.02 0.02
0 0.5625 0.56 0.02 0.0175
0 0.5325 0.8475 0.0225 0.02
0 0.5125 0.89875 0.0225 0.0275
0 0.71 0.97125 0.035 0.0275
0 0.7075 0.8125 0.03 0.02
0 0.645 0.86625 0.025 0.02
0 0.555 0.84875 0.02 0.02
0 0.5325 0.87 0.02 0.02
0 0.53625 0.9425 0.0225 0.0225
0 0.62625 0.72625 0.0225 0.02
0 0.6275 0.74375 0.0275 0.0225
0 0.5375 0.655 0.025 0.0225
0 0.7425 0.21375 0.02 0.02
0 0.93625 0.15 0.0225 0.0225
0 0.93625 0.15 0.0225 0.0225
0 0.90125 0.8275 0.0225 0.0225
0 0.6925 0.8975 0.0225 0.0225
0 0.695 0.9425 0.0225 0.0225
0 0.74 0.24 0.0225 0.02
0 0.73375 0.2975 0.0225 0.0225
0 0.57875 0.8775 0.02 0.0175
0 0.78875 0.10875 0.0225 0.02
0 0.57375 0.90875 0.02 0.02
0 0.59125 0.56 0.02 0.02
