0 0.4575 0.07625 0.0225 0.02
0 0.42 0.09 0.0225 0.0175
0 0.355 0.25375 0.02 0.0175
0 0.46125 0.34875 0.0225 0.02
0 0.37875 0.0275 0.0225 0.015
0 0.68625 0.32375 0.025 0.0225
0 0.51125 0.28625 0.0225 0.0225
0 0.46125 0.43875 0.02 0.02
0 0.45875 0.30125 0.02 0.02
0 0.1875 0.42 0.0225 0.02
0 0.32327 0.30125 0.02 0.0175
0 0.69125 0.355 0.0225 0.0225
0 0.25 0.2825 0.02 0.0175
0 0.35928 0.37095 0.02567 0.02558
0 0.21142 0.40168 0.02998 0.0219
0 0.53653 0.25755 0.0204 0.02195
0 0.69245 0.4655 0.0319 0.0204
0 0.34878 0.29153 0.02882 0.02375
0 0.29625 0.12255 0.0205 0.02048
0 0.32375 0.52875 0.02 0.0175
