0 0.485 0.4825 0.0275 0.0175
0 0.56625 0.50125 0.0175 0.02
0 0.54875 0.38875 0.0225 0.0225
0 0.5975 0.4825 0.02 0.0225
0 0.53375 0.47625 0.02 0.025
0 0.11875 0.4125 0.025 0.025
0 0.52375 0.8225 0.0225 0.025
0 0.54625 0.8275 0.025 0.0225
0 0.26875 0.4675 0.0175 0.015
0 0.11875 0.4125 0.025 0.025
0 0.05625 0.44817500000000005 0.02 0.02
0 0.4775 0.455 0.02 0.02
0 0.5 0.105 0.0225 0.0225
0 0.445 0.87 0.02 0.0175
0 0.1675 0.41875 0.02 0.0175
0 0.4675 0.854425 0.0225 0.0225
0 0.3475 0.47375 0.02 0.0175