0 0.07875 0.02 0.0225 0.0175
0 0.62 0.22 0.02 0.0225
0 0.245 0.1375 0.03 0.0225
0 0.61625 0.0275 0.015 0.0175
0 0.15875 0.04125 0.025 0.0225
0 0.17125 0.0575 0.0225 0.015
0 0.055 0.03625 0.0275 0.025
0 0.96125 0.05875 0.025 0.025
0 0.93375 0.40465 0.0225 0.02572
0 0.52 0.14625 0.02 0.0225
0 0.055 0.03875 0.0275 0.0275
0 0.03875 0.08875 0.0225 0.0225
0 0.69215 0.24375 0.02 0.02
0 0.915 0.26 0.0225 0.0225
0 0.22465 0.23715 0.02 0.02
0 0.9025 0.41125 0.02 0.02
0 0.8225 0.19625 0.02 0.02
0 0.7275 0.96125 0.0175 0.02
0 0.19625 0.91375 0.02 0.02
0 0.67625 0.80125 0.02 0.0225
