0 0.568525 0.296175 0.0213 0.025249999999999998
0 0.53375 0.18625 0.0225 0.025
0 0.55125 0.155 0.025 0.0225
0 0.54125 0.28625 0.0275 0.0225
0 0.11805 0.838925 0.0264 0.024675
0 0.28 0.95375 0.025 0.025
0 0.41375 0.90375 0.0325 0.02
0 0.295 0.74 0.03 0.02
0 0.12 0.96 0.02 0.015
0 0.19375 0.87875 0.02 0.02
0 0.0475 0.87375 0.015 0.0225
0 0.05125 0.9275 0.025 0.025
0 0.1 0.765 0.0175 0.015
0 0.3975 0.675 0.02 0.015
0 0.95625 0.74125 0.0175 0.02
0 0.40795000000000003 0.705025 0.024125 0.017425
0 0.15 0.8325 0.0225 0.0225
0 0.4825 0.05 0.0225 0.025
0 0.7475 0.09625 0.0275 0.015
0 0.8509 0.143725 0.018225 0.02255
0 0.7325 0.075 0.025 0.0175
0 0.425 0.1225 0.02 0.025
0 0.0425 0.78125 0.0175 0.02
0 0.51375 0.9275 0.02 0.025
0 0.2475 0.86 0.0225 0.0225
0 0.9075 0.12125 0.02 0.02
0 0.91 0.14875 0.02 0.0175
0 0.95375 0.0375 0.02 0.015
0 0.08 0.78375 0.0225 0.0175
0 0.68375 0.29 0.0175 0.0225
0 0.1525 0.39 0.0175 0.0175
0 0.59875 0.165 0.025 0.02
0 0.1675 0.51 0.0175 0.0225
0 0.40625 0.18 0.025 0.025
0 0.5975 0.06125 0.02 0.02
0 0.95 0.4475 0.0175 0.025
0 0.94875 0.5375 0.0175 0.02
0 0.77375 0.89 0.0175 0.015
0 0.4425 0.11375 0.0175 0.0175
0 0.31 0.95 0.02 0.02
0 0.125 0.76875 0.0175 0.0175
0 0.5225 0.2025 0.0225 0.02
0 0.51375 0.25125 0.0175 0.0175
0 0.91125 0.0125 0.0225 0.02
0 0.02375 0.85875 0.025 0.0225
0 0.36125 0.98875 0.0225 0.02
0 0.095 0.06375 0.02 0.0175
0 0.8725 0.01625 0.0175 0.0175
0 0.95 0.82125 0.0175 0.0225
0 0.1575 0.985 0.0225 0.015
0 0.92125 0.1075 0.02 0.0175
0 0.65625 0.80625 0.02 0.025
0 0.02375 0.81125 0.02 0.02