0 0.295 0.40125 0.0225 0.0175
0 0.1075 0.07 0.0175 0.0225
0 0.075 0.03875 0.02 0.02
0 0.3475 0.60125 0.0275 0.0225
0 0.08708 0.07308 0.02357 0.02553
0 0.41302 0.61892 0.02067 0.02175
0 0.38875 0.32875 0.0275 0.0175
0 0.46623 0.98425 0.0187 0.02038
0 0.39875 0.3875 0.0225 0.0225
0 0.25125 0.09375 0.0225 0.02
0 0.34875 0.5425 0.02 0.02
0 0.07537 0.10755 0.01928 0.01992
0 0.3562 0.36292 0.01775 0.0205
0 0.4848 0.14338 0.0196 0.0189
0 0.2457 0.11052 0.02355 0.01823
0 0.06783 0.12523 0.01957 0.01653
0 0.30685 0.35377 0.02263 0.02003
0 0.3776 0.38325 0.02308 0.02187
0 0.4713 0.34722 0.01937 0.01945
0 0.2601 0.97555 0.01485 0.01715
0 0.246 0.02643 0.01878 0.0207
0 0.89375 0.1625 0.0275 0.0225
0 0.8564 0.25032 0.0203 0.02315
0 0.55125 0.28 0.0275 0.02
0 0.5875 0.10375 0.02 0.02
0 0.72747 0.07637 0.02255 0.02278
0 0.54375 0.07 0.025 0.02
0 0.54 0.20375 0.02 0.0175
0 0.55875 0.14875 0.02 0.015
0 0.575 0.1375 0.02 0.0175
0 0.66 0.1525 0.0175 0.0175
0 0.85125 0.26375 0.025 0.02
0 0.96 0.27125 0.0175 0.02
0 0.97375 0.235 0.02 0.02
0 0.9575 0.44625 0.025 0.02
0 0.82125 0.58875 0.0225 0.0225
0 0.58375 0.20375 0.0175 0.02
0 0.88 0.62875 0.0175 0.0125
0 0.63625 0.08 0.025 0.0175
0 0.9125 0.51 0.02 0.0175
0 0.5175 0.15 0.025 0.02
0 0.53125 0.33125 0.0225 0.02
0 0.54625 0.31375 0.0225 0.02
0 0.515 0.06875 0.0275 0.025
0 0.54375 0.04625 0.02 0.0175
0 0.7175 0.15625 0.0225 0.02
0 0.64875 0.035 0.02 0.0175
0 0.86875 0.12875 0.02 0.0175
0 0.9325 0.49375 0.02 0.0175
0 0.7075 0.3625 0.015 0.0225
0 0.72375 0.36125 0.0175 0.02
0 0.6775 0.41875 0.0225 0.0225
0 0.555 0.25125 0.025 0.025
0 0.91375 0.1975 0.02 0.02
0 0.815 0.325 0.0175 0.0175
0 0.9575 0.37375 0.02 0.02
0 0.87875 0.21125 0.02 0.0175
0 0.94375 0.115 0.02 0.02
0 0.61432 0.03723 0.01617 0.0173
0 0.66148 0.12523 0.01937 0.01653
0 0.6339 0.1124 0.0142 0.01588
0 0.69125 0.03263 0.0164 0.01528
0 0.70837 0.24892 0.01675 0.01748
0 0.61732 0.29433 0.0186 0.01723
0 0.86365 0.19025 0.01835 0.01798
0 0.96955 0.12657 0.01588 0.01565
0 0.9075 0.7161 0.01857 0.0197
0 0.87195 0.72408 0.01353 0.01777
0 0.9463 0.08815 0.0176 0.01735
0 0.96565 0.08278 0.0187 0.0148
0 0.8091 0.30855 0.01823 0.0189
0 0.912 0.48017 0.01688 0.01928
0 0.7101 0.33017 0.0184 0.02107
0 0.7568 0.30055 0.01617 0.01665
0 0.63248 0.33222 0.01855 0.01442
