0 0.90875 0.265 0.0175 0.015
0 0.36625 0.165 0.02 0.02
0 0.8 0.305 0.025 0.0225
0 0.40307 0.3125 0.0225 0.02
0 0.41 0.29 0.02 0.02
0 0.89125 0.045 0.02 0.02
0 0.34375 0.17625 0.0225 0.02
0 0.3825 0.81625 0.025 0.0225
0 0.30375 0.85875 0.0225 0.0225
0 0.44625 0.69875 0.0225 0.0175
0 0.465 0.68625 0.02 0.02
0 0.4725 0.70875 0.02 0.02
0 0.42625 0.7125 0.0225 0.0175
0 0.86625 0.67 0.0225 0.0225
0 0.83 0.635 0.0275 0.0225
0 0.875 0.82125 0.025 0.0225
0 0.46125 0.755 0.0225 0.0225
0 0.37 0.845 0.02 0.02
0 0.90875 0.66 0.0225 0.02
0 0.4925 0.7325 0.0225 0.02
0 0.48 0.78375 0.025 0.0225
0 0.48625 0.66 0.0225 0.0225
0 0.49873 0.63512 0.0176 0.02105
