0 0.25125 0.4125 0.0225 0.0225
0 0.23125 0.41375 0.0175 0.0225
0 0.34875 0.425 0.015 0.0225
0 0.42625 0.37875 0.015 0.025
0 0.315 0.4725 0.0175 0.0225
0 0.3125 0.39625 0.015 0.02
0 0.825 0.065 0.02 0.02
0 0.8325 0.13 0.0225 0.0225
0 0.8175 0.27625 0.02 0.025
0 0.63875 0.3875 0.025 0.0225
0 0.7875 0.22625 0.025 0.025
0 0.78125 0.2875 0.0225 0.0225
0 0.8575 0.4425 0.025 0.0225
0 0.905 0.39875 0.0175 0.02
0 0.62125 0.36 0.0225 0.0225
0 0.6775 0.09375 0.02 0.02
0 0.9375 0.0825 0.02 0.02
0 0.61875 0.245 0.02 0.02
0 0.79125 0.18625 0.0225 0.0225
0 0.95 0.305 0.0225 0.02
0 0.7876 0.26412 0.02 0.02
0 0.53807 0.31535 0.02325 0.02397
0 0.63583 0.22642 0.02178 0.0222
0 0.9096 0.42715 0.0193 0.02018
0 0.6577 0.37047 0.02025 0.02505
0 0.9287 0.0621 0.02575 0.02308
0 0.97568 0.37308 0.02 0.01885
0 0.02345 0.9273 0.02223 0.02717
0 0.03875 0.85125 0.015 0.0175
0 0.04875 0.8475 0.0175 0.025
0 0.06375 0.9275 0.0225 0.025
0 0.07875 0.9375 0.02 0.025
0 0.0975 0.94875 0.02 0.025
0 0.09 0.9075 0.0175 0.0175
0 0.08125 0.52 0.02 0.0275
0 0.1725 0.51875 0.0225 0.0225
0 0.285 0.72125 0.0225 0.025
0 0.295 0.65125 0.0225 0.0225
0 0.3925 0.945 0.025 0.0225
0 0.27875 0.53375 0.025 0.0225
0 0.02125 0.54875 0.02 0.0225
0 0.03625 0.60375 0.02 0.025
0 0.36 0.75 0.02 0.0175
0 0.335 0.6675 0.025 0.02
0 0.3275 0.64625 0.0175 0.015
0 0.1 0.61375 0.02 0.0175
0 0.4175 0.69 0.02 0.02
0 0.62 0.65875 0.0175 0.0225
0 0.6325 0.64375 0.0175 0.02
0 0.63875 0.5525 0.0175 0.02
0 0.82125 0.60375 0.02 0.02
