0 0.40125 0.22 0.0175 0.0175
0 0.435 0.22875 0.0225 0.0225
0 0.38625 0.195 0.02 0.02
0 0.93247 0.23183 0.02245 0.02615
0 0.9025 0.37625 0.02 0.02
0 0.86875 0.44177 0.01965 0.02105
0 0.88798 0.45368 0.0205 0.01945
0 0.94292 0.48415 0.01978 0.0201
0 0.9851 0.4726 0.01485 0.01663
0 0.96877 0.45692 0.01613 0.01562
0 0.9172 0.4575 0.01835 0.0168
0 0.9347 0.44257 0.01762 0.0173
0 0.04233 0.56675 0.0233 0.02035
0 0.135 0.5475 0.0225 0.0225
0 0.05115 0.80757 0.01835 0.01692
0 0.0248 0.81095 0.02103 0.01653
0 0.85537 0.8162 0.02018 0.01682
0 0.76875 0.8125 0.0225 0.02
0 0.8991 0.88142 0.02428 0.01785
0 0.7975 0.95125 0.02 0.0225
0 0.89875 0.82875 0.0225 0.0175
0 0.9116 0.52375 0.0225 0.0225
0 0.88535 0.63125 0.025 0.0225
0 0.79625 0.68 0.02 0.02
0 0.90125 0.7475 0.0225 0.0225
0 0.9075 0.5625 0.02 0.02
0 0.9775 0.59125 0.02 0.02
0 0.90125 0.92625 0.02 0.02
0 0.76505 0.86553 0.01403 0.01677
0 0.69922 0.96682 0.01988 0.01755
0 0.876 0.94388 0.01988 0.01992
0 0.968 0.53667 0.01638 0.02155
0 0.79323 0.9294 0.0168 0.0177
