0 0.24625 0.54625 0.025 0.02
0 0.44375 0.58875 0.02 0.02
0 0.42625 0.75 0.02 0.0275
0 0.09775 0.66858 0.0295 0.02035
0 0.20125 0.72875 0.0225 0.0275
0 0.175 0.725 0.0225 0.025
0 0.27125 0.26625 0.02 0.0225
0 0.27625 0.4325 0.0225 0.0225
0 0.45875 0.82375 0.0175 0.03
0 0.3275 0.6275 0.0275 0.0275
0 0.07875 0.54625 0.025 0.02
0 0.0925 0.41125 0.0225 0.0175
0 0.31625 0.08625 0.0225 0.02
0 0.2275 0.8025 0.0175 0.0175
0 0.45125 0.34375 0.025 0.0225
0 0.155 0.76875 0.0275 0.02
0 0.23375 0.22625 0.02 0.025
0 0.48125 0.31625 0.0175 0.0275
0 0.47625 0.65 0.025 0.0225
0 0.49125 0.835 0.0175 0.025
0 0.1325 0.66 0.0175 0.0175
0 0.1325 0.5375 0.0175 0.015
0 0.125 0.35125 0.0175 0.015
0 0.16375 0.16875 0.0175 0.0175
0 0.47 0.545 0.0175 0.0175
0 0.4625 0.87138 0.02 0.0175
0 0.83 0.13125 0.0225 0.025
0 0.64125 0.10875 0.03 0.025
0 0.7525 0.09625 0.02 0.02
0 0.79625 0.11 0.0225 0.02
0 0.97625 0.165 0.0225 0.02
0 0.60125 0.2125 0.0225 0.025
0 0.66375 0.34375 0.0225 0.0175
0 0.575 0.65625 0.02 0.0175
0 0.9475 0.6475 0.0225 0.0175
0 0.71875 0.705 0.02 0.025
0 0.83 0.59 0.0225 0.0225
0 0.74375 0.06875 0.015 0.015
0 0.55625 0.71625 0.0225 0.015
0 0.55 0.5425 0.02 0.02
0 0.6725 0.19625 0.0225 0.02
0 0.95 0.1425 0.0175 0.02
0 0.87125 0.14375 0.0275 0.02
0 0.935 0.07125 0.0175 0.0225
0 0.8825 0.95125 0.025 0.02
0 0.64875 0.23875 0.0225 0.02
0 0.54625 0.6875 0.0225 0.0225
0 0.8121 0.37165 0.0225 0.0225
