0 0.11125 0.4475 0.0275 0.0225
0 0.18875 0.61625 0.0225 0.0225
0 0.06125 0.2875 0.02 0.0225
0 0.4425 0.385 0.025 0.0225
0 0.08535 0.72635 0.02142 0.02303
0 0.17375 0.4475 0.025 0.025
0 0.47125 0.485 0.0275 0.025
0 0.2475 0.53625 0.0275 0.025
0 0.2825 0.57125 0.0225 0.0225
0 0.465 0.4075 0.0225 0.0225
0 0.0425 0.29125 0.02 0.02
0 0.0825 0.26875 0.025 0.025
0 0.065 0.44625 0.02 0.02
0 0.16875 0.97875 0.025 0.0225
0 0.15625 0.31375 0.0225 0.0225
0 0.04553 0.5058 0.01965 0.01698
0 0.24018 0.6683 0.01607 0.02053
0 0.05625 0.13437 0.01965 0.02053
0 0.29778 0.15402 0.02232 0.02232
0 0.36608 0.14197 0.02142 0.01965
0 0.1567 0.18927 0.0241 0.02142
0 0.17052 0.17142 0.02142 0.02142
0 0.91 0.21375 0.0225 0.0175
0 0.74198 0.09535 0.02142 0.02072
0 0.66125 0.0375 0.0175 0.0175
0 0.67375 0.065 0.025 0.0225
0 0.61625 0.28875 0.0225 0.0225
0 0.69153 0.0384 0.01875 0.01965
