0 0.17902 0.1026 0.0291 0.02803
0 0.36135 0.11303 0.02482 0.02285
0 0.09688 0.09982 0.02697 0.02608
0 0.05375 0.66125 0.025 0.0225
0 0.07 0.21125 0.0225 0.025
0 0.1409 0.115 0.02215 0.02393
0 0.1583 0.30643 0.02232 0.02393
0 0.27625 0.11375 0.0225 0.0225
0 0.12965 0.92035 0.0225 0.0225
0 0.15108 0.68635 0.01965 0.02125
0 0.1875 0.9799 0.025 0.0241
0 0.69125 0.77625 0.0275 0.0275
0 0.775 0.7575 0.0225 0.0225
0 0.97125 0.7375 0.025 0.025
0 0.59875 0.79375 0.02 0.02
0 0.7709 0.02625 0.0225 0.0225
0 0.63392 0.14822 0.01427 0.01965
0 0.67722 0.15 0.01698 0.02322
0 0.64955 0.1174 0.01518 0.02053
0 0.74285 0.06517 0.01965 0.01785
0 0.74865 0.09732 0.02053 0.01607
0 0.78573 0.0799 0.01965 0.01875
0 0.8549 0.06073 0.0134 0.01427
0 0.84018 0.9125 0.01965 0.01785
