0 0.19375 0.1375 0.0275 0.0275
0 0.155 0.105 0.0225 0.0225
0 0.12 0.0625 0.0225 0.025
0 0.27875 0.32875 0.0225 0.02
0 0.1251 0.0298 0.02732 0.02565
0 0.17422 0.16845 0.0225 0.0225
0 0.22125 0.12 0.02 0.02
0 0.09 0.70125 0.0225 0.02
0 0.16158 0.7358 0.0196 0.01802
0 0.03815 0.9888 0.0156 0.02045
0 0.17792 0.09325 0.0217 0.02045
0 0.9475 0.57875 0.0225 0.0225
0 0.9625 0.6025 0.02 0.015
0 0.955 0.1175 0.0175 0.0225
0 0.83125 0.0925 0.0225 0.0225
0 0.8425 0.0625 0.0225 0.0225
0 0.925 0.83875 0.02 0.02
0 0.94578 0.07915 0.0237 0.02257
0 0.97782 0.08238 0.0158 0.0156
