0 0.2 0.45375 0.02 0.0175
0 0.32375 0.45375 0.02 0.0225
0 0.34875 0.4575 0.0175 0.015
0 0.18375 0.41 0.02 0.0225
0 0.79625 0.3925 0.0225 0.0175
0 0.9075 0.0525 0.0175 0.015
0 0.2775 0.41375 0.0225 0.02
0 0.17 0.46875 0.025 0.03
0 0.36 0.4825 0.02 0.02
0 0.69625 0.7725 0.02 0.0225
0 0.75125 0.74875 0.0225 0.02
0 0.775 0.86125 0.0225 0.0225
0 0.71 0.8375 0.025 0.025
0 0.28125 0.58125 0.02 0.0225
0 0.20625 0.5925 0.0175 0.0225
0 0.24875 0.65875 0.0275 0.0275
0 0.3214 0.66003 0.02 0.0225
0 0.4275 0.725 0.0225 0.0225
0 0.64138 0.66038 0.02725 0.01825
0 0.61 0.69 0.0225 0.0175
0 0.775 0.67875 0.0175 0.015
0 0.17375 0.605 0.02 0.015
0 0.04695 0.56298 0.02138 0.02042
0 0.5675 0.74875 0.015 0.02
0 0.55125 0.725 0.0175 0.0175
0 0.55125 0.6725 0.015 0.015
0 0.835 0.8725 0.0175 0.02
0 0.76472 0.77522 0.02447 0.02045
0 0.7425 0.645 0.02 0.0175
0 0.88875 0.925 0.015 0.0225
0 0.8658 0.90903 0.0159 0.02055
0 0.96 0.8475 0.0175 0.0175
0 0.96625 0.93625 0.015 0.02
0 0.94625 0.9225 0.015 0.025
0 0.97165 0.5702 0.02578 0.0229
0 0.35875 0.6575 0.02 0.0175
0 0.26167 0.63805 0.02665 0.0236
0 0.7425 0.8325 0.02 0.0175
0 0.7675 0.83375 0.0225 0.02
0 0.435 0.5375 0.0175 0.0175
0 0.19715 0.53232 0.02072 0.02035
0 0.495 0.67875 0.015 0.0175
0 0.93875 0.965 0.02 0.0175
0 0.88875 0.89875 0.0225 0.0175
0 0.85375 0.88375 0.0175 0.02
0 0.14125 0.5725 0.0225 0.015
0 0.335 0.6275 0.025 0.025
0 0.8725 0.8225 0.0225 0.02
0 0.9225 0.845 0.02 0.02
0 0.8425 0.9125 0.0175 0.0225
0 0.69 0.68125 0.02 0.02
0 0.15625 0.6225 0.0175 0.015
0 0.82125 0.72625 0.0225 0.0275
0 0.42 0.705 0.015 0.0175
0 0.5075 0.69 0.0125 0.015
0 0.12375 0.55125 0.02 0.02
0 0.1525 0.525 0.0225 0.0225
0 0.09875 0.62125 0.02 0.02
0 0.80375 0.71 0.02 0.02
0 0.41375 0.66625 0.02 0.02
0 0.56858 0.72922 0.02095 0.01655
