0 0.40875 0.13125 0.0225 0.0225
0 0.47125 0.11 0.0225 0.0175
0 0.615 0.03 0.02 0.02
0 0.565 0.13125 0.0175 0.0125
0 0.2925 0.29 0.025 0.02
0 0.44625 0.07 0.025 0.02
0 0.40375 0.095 0.0275 0.02
0 0.4975 0.38125 0.02 0.0225
0 0.1925 0.365 0.0175 0.02
0 0.5125 0.1475 0.0225 0.02
0 0.0435 0.09855 0.02725 0.02278
0 0.15375 0.0725 0.0225 0.0225
0 0.6475 0.0225 0.0175 0.0175
0 0.68875 0.2875 0.02 0.0225
0 0.21 0.275 0.025 0.0225
0 0.5375 0.10375 0.02 0.02
0 0.54375 0.425 0.02 0.02
0 0.2725 0.39375 0.02 0.02
0 0.56125 0.3525 0.0225 0.02
0 0.29875 0.11875 0.025 0.0225
0 0.27 0.0875 0.025 0.025
0 0.235 0.39625 0.02 0.02
0 0.70875 0.30625 0.02 0.02
0 0.8625 0.04125 0.0175 0.0175
0 0.7475 0.48625 0.0225 0.02
0 0.07875 0.32125 0.02 0.02
0 0.49625 0.09125 0.02 0.02
0 0.53368 0.06505 0.0209 0.02295
0 0.46583 0.23985 0.02275 0.01723
0 0.4483 0.18825 0.01802 0.0158
0 0.47315 0.18838 0.0213 0.01963
0 0.4921 0.1832 0.0176 0.0182
0 0.57248 0.3112 0.01997 0.02243
0 0.75025 0.4636 0.01837 0.01827
0 0.7903 0.31832 0.0181 0.01878
0 0.81353 0.3009 0.0217 0.02325
0 0.13967 0.10483 0.01995 0.01878
0 0.55092 0.05742 0.01682 0.0163
0 0.56347 0.04315 0.01767 0.02022
0 0.83 0.735 0.02 0.02
0 0.31625 0.86 0.0275 0.02
0 0.175 0.93625 0.0175 0.02
0 0.12625 0.9625 0.0225 0.02
0 0.425 0.5425 0.02 0.0225
0 0.6225 0.5575 0.025 0.0225
0 0.1525 0.5575 0.0175 0.02
0 0.8775 0.66375 0.0175 0.02
0 0.8925 0.74125 0.015 0.0175
0 0.93125 0.525 0.0175 0.015
0 0.18625 0.57375 0.025 0.025
0 0.36 0.775 0.02 0.02
0 0.22125 0.94875 0.02 0.0175
