0 0.0625 0.205 0.025 0.02
0 0.16 0.36625 0.025 0.02
0 0.03125 0.44375 0.02 0.02
0 0.08125 0.635 0.0175 0.02
0 0.22875 0.5375 0.0275 0.02
0 0.13875 0.50875 0.015 0.0225
0 0.14625 0.525 0.015 0.02
0 0.09625 0.47625 0.0175 0.02
0 0.10875 0.4925 0.02 0.0225
0 0.29 0.765 0.025 0.0175
0 0.29625 0.7775 0.03 0.015
0 0.34 0.78375 0.025 0.02
0 0.3225 0.7575 0.0225 0.0175
0 0.26125 0.82125 0.025 0.03
0 0.19875 0.84 0.0175 0.0175
0 0.28125 0.9625 0.025 0.0225
0 0.07625 0.95875 0.0175 0.0175
0 0.11375 0.96625 0.0175 0.0175
0 0.09625 0.8725 0.0225 0.0175
0 0.28875 0.9375 0.0175 0.025
0 0.40125 0.91625 0.0225 0.0175
0 0.38625 0.875 0.02 0.015
0 0.355 0.89375 0.0175 0.0175
0 0.12625 0.43 0.0275 0.02
0 0.185 0.455 0.0225 0.025
0 0.035 0.555 0.02 0.0225
0 0.53 0.25125 0.0225 0.0225
0 0.55 0.1225 0.0275 0.0225
0 0.5625 0.42 0.025 0.02
0 0.90125 0.9475 0.0175 0.0225
0 0.71125 0.66125 0.025 0.0225
0 0.73 0.50875 0.025 0.02
0 0.66375 0.3125 0.02 0.0225
0 0.12625 0.69125 0.0275 0.02
0 0.11125 0.72 0.025 0.0275
0 0.01 0.6975 0.02 0.02
0 0.23125 0.62875 0.025 0.0275
0 0.2275 0.77375 0.0225 0.0175
0 0.1675 0.7075 0.02 0.0175
0 0.2525 0.69125 0.02 0.015
0 0.05 0.685 0.02 0.025
0 0.05 0.62875 0.0175 0.02
0 0.70875 0.285 0.025 0.025
0 0.90875 0.03125 0.025 0.025
0 0.25875 0.77875 0.0225 0.0225
0 0.65625 0.27875 0.02 0.0175
0 0.7175 0.78 0.025 0.025
0 0.16125 0.65875 0.025 0.0225
0 0.487275 0.9147750000000001 0.02 0.02
0 0.0875 0.64875 0.0225 0.0225
0 0.25875 0.65 0.025 0.025
0 0.965 0.08 0.0225 0.0225
0 0.75375 0.21875 0.0225 0.02
0 0.735 0.40875 0.02 0.02
0 0.62375 0.33125 0.02 0.02
0 0.76875 0.77875 0.02 0.02
0 0.182875 0.59625 0.0225 0.02
0 0.87 0.91125 0.02 0.02