0 0.11805 0.33893 0.0264 0.02467
0 0.28 0.45375 0.025 0.025
0 0.41375 0.40375 0.0325 0.02
0 0.295 0.24 0.03 0.02
0 0.12 0.46 0.02 0.015
0 0.19375 0.37875 0.02 0.02
0 0.0475 0.37375 0.015 0.0225
0 0.05125 0.4275 0.025 0.025
0 0.1 0.265 0.0175 0.015
0 0.3975 0.175 0.02 0.015
0 0.95625 0.24125 0.0175 0.02
0 0.40795 0.20503 0.02413 0.01742
0 0.15 0.3325 0.0225 0.0225
0 0.0425 0.28125 0.0175 0.02
0 0.51375 0.4275 0.02 0.025
0 0.2475 0.36 0.0225 0.0225
0 0.08 0.28375 0.0225 0.0175
0 0.94875 0.0375 0.0175 0.02
0 0.77375 0.39 0.0175 0.015
0 0.31 0.45 0.02 0.02
0 0.125 0.26875 0.0175 0.0175
0 0.36125 0.48875 0.0225 0.02
0 0.95 0.32125 0.0175 0.0225
0 0.1575 0.485 0.0225 0.015
0 0.65625 0.30625 0.02 0.025
0 0.02375 0.31125 0.02 0.02
0 0.2325 0.915 0.02 0.0175
0 0.35 0.6125 0.0275 0.02
0 0.21125 0.55875 0.0225 0.02
0 0.19375 0.54125 0.0175 0.02
0 0.39625 0.54 0.0175 0.0175
0 0.0525 0.6625 0.0275 0.0175
0 0.025 0.64875 0.0175 0.02
0 0.57 0.80625 0.025 0.0225
0 0.22125 0.53375 0.0225 0.0175
0 0.225 0.50875 0.025 0.015
0 0.31875 0.53 0.0175 0.02
0 0.38625 0.59 0.02 0.0175
0 0.63375 0.97 0.02 0.0225
