0 0.6125 0.155 0.0325 0.0275
0 0.56783 0.14225 0.0276 0.02545
0 0.61375 0.1175 0.025 0.0275
0 0.755 0.35375 0.0275 0.025
0 0.8175 0.43125 0.025 0.025
0 0.60375 0.4475 0.025 0.0225
0 0.5 0.33625 0.03 0.0275
0 0.61 0.3075 0.0225 0.02
0 0.57483 0.24912 0.02243 0.02063
0 0.62445 0.37478 0.02612 0.0204
0 0.6125 0.335 0.03 0.025
0 0.7425 0.18875 0.0225 0.0175
0 0.645 0.0675 0.02 0.0275
0 0.1325 0.125 0.0275 0.02
0 0.6825 0.4125 0.025 0.0275
0 0.72 0.38875 0.025 0.02
0 0.0958 0.29808 0.02042 0.02115
0 0.555 0.3 0.0225 0.0225
0 0.8025 0.12125 0.0225 0.025
0 0.82625 0.36875 0.02 0.02
0 0.8225 0.335 0.0225 0.02
0 0.50048 0.4691 0.02013 0.01792
0 0.67875 0.25375 0.03 0.03
0 0.6375 0.425 0.025 0.02
0 0.56125 0.43125 0.02 0.015
0 0.75875 0.44 0.025 0.0175
0 0.35125 0.44875 0.0225 0.02
0 0.25875 0.43375 0.0175 0.025
0 0.2375 0.2725 0.025 0.025
0 0.74375 0.3225 0.0225 0.02
0 0.58625 0.285 0.0225 0.0175
0 0.785 0.47125 0.03 0.0275
0 0.6475 0.17875 0.0225 0.0275
0 0.81125 0.0875 0.02 0.02
0 0.79375 0.09125 0.02 0.0225
0 0.02625 0.3075 0.02 0.0225
0 0.80902 0.36385 0.01945 0.01733
0 0.82 0.30875 0.015 0.0175
0 0.83625 0.30125 0.0225 0.0175
0 0.555 0.27375 0.0225 0.0225
0 0.59 0.33625 0.015 0.0225
0 0.715 0.54625 0.0275 0.0175
0 0.71875 0.605 0.02 0.02
0 0.53375 0.57625 0.025 0.02
0 0.48625 0.58 0.0225 0.0175
0 0.44625 0.5875 0.0275 0.025
0 0.54125 0.76125 0.02 0.0275
0 0.59375 0.78 0.02 0.025
0 0.53 0.68 0.0225 0.025
0 0.6125 0.6425 0.0225 0.02
0 0.69875 0.575 0.02 0.015
0 0.10375 0.97375 0.0175 0.0175
0 0.125 0.975 0.0225 0.02
0 0.61625 0.69625 0.02 0.02
0 0.525 0.54125 0.0175 0.015
0 0.30875 0.90875 0.02 0.0175
0 0.2825 0.81 0.0275 0.02
0 0.25875 0.78375 0.02 0.02
0 0.57375 0.54375 0.0175 0.0175
0 0.6575 0.5725 0.0225 0.02
0 0.685 0.55875 0.025 0.02
0 0.545 0.52625 0.0225 0.0175
0 0.65875 0.5075 0.0175 0.015
0 0.63625 0.5075 0.0175 0.015
0 0.63875 0.54125 0.015 0.0225
0 0.66 0.54625 0.025 0.0275
0 0.26875 0.51125 0.0225 0.02
0 0.55 0.62625 0.02 0.02
0 0.57375 0.52 0.0175 0.0175
0 0.545 0.81 0.015 0.0225
0 0.49375 0.73875 0.0175 0.015
0 0.63625 0.6225 0.02 0.0175
0 0.63875 0.66625 0.02 0.025
0 0.335 0.50875 0.0175 0.0175
0 0.555 0.97625 0.025 0.0225
0 0.72875 0.52 0.0225 0.025
0 0.50625 0.9525 0.02 0.02
