0 0.05125 0.18125 0.0225 0.0275
0 0.2625 0.1925 0.02 0.0225
0 0.45375 0.365 0.025 0.0175
0 0.46 0.34125 0.02 0.025
0 0.24875 0.09625 0.025 0.0275
0 0.38625 0.18375 0.0175 0.025
0 0.3325 0.1975 0.0225 0.0225
0 0.21625 0.13125 0.015 0.0275
0 0.04625 0.02875 0.0225 0.0225
0 0.0575 0.13125 0.02 0.015
0 0.1525 0.06 0.0325 0.035
0 0.22625 0.23125 0.02 0.025
0 0.155 0.11375 0.02 0.015
0 0.26125 0.32125 0.0175 0.0175
0 0.115 0.0425 0.02 0.02
0 0.12 0.125 0.02 0.02
0 0.23875 0.29125 0.0175 0.0225
0 0.04125 0.1225 0.0175 0.0175
0 0.04 0.14375 0.0175 0.0175
0 0.1625 0.25 0.0225 0.02
0 0.22 0.1 0.0175 0.0175
0 0.13125 0.23125 0.0175 0.02
0 0.32125 0.16625 0.0225 0.0225
0 0.3425 0.17625 0.02 0.0225
0 0.89375 0.21875 0.015 0.0225
0 0.6875 0.3475 0.03 0.0175
0 0.725 0.2825 0.025 0.02
0 0.70875 0.24125 0.02 0.02
0 0.5975 0.43 0.015 0.0175
0 0.84625 0.4325 0.0175 0.0175
0 0.795 0.22625 0.0225 0.015
0 0.8075 0.40125 0.0275 0.0225
0 0.6625 0.42875 0.0175 0.02
0 0.61 0.24125 0.02 0.02
0 0.59875 0.1725 0.0225 0.025
0 0.65125 0.40625 0.02 0.02
0 0.96765 0.3811 0.02 0.02
0 0.05875 0.76 0.015 0.02
0 0.385 0.63625 0.0175 0.015
0 0.15755 0.96487 0.0201 0.02475
0 0.02125 0.9075 0.015 0.02
0 0.92625 0.855 0.0225 0.03
0 0.9575 0.84625 0.02 0.02
0 0.855 0.705 0.0225 0.015
0 0.84625 0.77625 0.0225 0.0175
0 0.86 0.74875 0.0175 0.015
0 0.87375 0.7025 0.0175 0.0225
0 0.6225 0.75625 0.02 0.0175
0 0.6 0.81625 0.0175 0.0175
0 0.9075 0.925 0.02 0.0225
0 0.9275 0.91125 0.02 0.025
0 0.72625 0.72125 0.02 0.0175
0 0.7625 0.70625 0.0225 0.0275
0 0.7275 0.95375 0.02 0.0175
0 0.8425 0.58375 0.0175 0.02
0 0.6325 0.55875 0.02 0.02
0 0.8875 0.77625 0.0275 0.02
0 0.94625 0.8725 0.02 0.025
0 0.715 0.82875 0.0225 0.0275
