0 0.37625 0.285 0.0275 0.025
0 0.3675 0.42125 0.02 0.0225
0 0.41375 0.075 0.0175 0.0225
0 0.4125 0.53625 0.025 0.015
0 0.41375 0.3775 0.025 0.0175
0 0.41125 0.18625 0.02 0.0175
0 0.4075 0.495 0.025 0.02
0 0.37875 0.36875 0.0225 0.015
0 0.2525 0.355 0.02 0.02
0 0.2779 0.16875 0.02 0.02
0 0.3975 0.0925 0.02 0.02
0 0.32703 0.33642 0.02908 0.0193
0 0.2885 0.05263 0.02163 0.01953
0 0.30205 0.02775 0.0184 0.01978
0 0.75625 0.56875 0.0225 0.0225
0 0.975 0.17875 0.0225 0.0225
0 0.88625 0.65085 0.02 0.02
0 0.97267 0.1325 0.01498 0.02393
