0 0.76795 0.7336499999999999 0.022324999999999998 0.018025
0 0.7928499999999999 0.65535 0.02215 0.021425
0 0.85135 0.755 0.024825 0.0225
0 0.9517 0.7103499999999999 0.0241 0.02465
0 0.978225 0.7275 0.021425 0.0225
0 0.68875 0.67 0.0225 0.0275
0 0.718575 0.6582250000000001 0.02215 0.023925000000000002
0 0.70125 0.72125 0.02 0.0225
0 0.79 0.8125 0.02 0.0225
0 0.825 0.8525 0.02 0.02
0 0.62 0.65125 0.0225 0.03
0 0.77 0.4925 0.025 0.0225
0 0.7975 0.49 0.0225 0.02
0 0.71875 0.49125 0.02 0.0225
0 0.68375 0.73875 0.018225 0.023925000000000002
0 0.804475 0.7375 0.021425 0.01965
0 0.58785 0.77715 0.02465 0.021425
0 0.8266 0.45795 0.021425 0.023025000000000004
0 0.9833 0.8608 0.023025000000000004 0.020525
0 0.64545 0.679375 0.0241 0.02125
0 0.69125 0.5 0.025 0.025
0 0.92125 0.78625 0.0225 0.0225
0 0.865 0.5225 0.0225 0.0225
0 0.8475 0.8883 0.02215 0.019475
0 0.53035 0.95045 0.025 0.01875