0 0.16185 0.29497 0.0222 0.02385
0 0.16263 0.26638 0.02255 0.02278
0 0.26585 0.19722 0.02 0.02
0 0.22815 0.4077 0.02595 0.01897
0 0.23013 0.44675 0.02278 0.0167
0 0.32435 0.428 0.01657 0.0167
0 0.1656 0.37585 0.0205 0.02132
0 0.26043 0.33822 0.0137 0.01215
0 0.2709 0.34097 0.0189 0.02123
0 0.935 0.18875 0.025 0.0225
0 0.91875 0.28 0.02 0.0225
0 0.96625 0.26375 0.0225 0.02
0 0.94 0.2525 0.015 0.0175
0 0.935 0.18875 0.025 0.0225
0 0.135 0.5425 0.03 0.02
0 0.18375 0.53125 0.0225 0.0225
0 0.6625 0.9125 0.0225 0.0225
