0 0.9375 0.11875 0.02 0.0225
0 0.8975 0.105 0.0275 0.0225
0 0.95875 0.545 0.0225 0.025
0 0.1402 0.92935 0.027200000000000002 0.02255
0 0.37625 0.69875 0.02 0.02
0 0.99125 0.4575 0.0175 0.0275
0 0.98875 0.5875 0.0225 0.025
0 0.9375 0.09375 0.025 0.0225
0 0.94875 0.055 0.02 0.015
0 0.9475 0.04 0.0175 0.0125
0 0.98625 0.55625 0.0275 0.0225
0 0.10137499999999999 0.8716750000000001 0.02 0.02
0 0.135 0.8425 0.0175 0.0175
0 0.2575 0.9 0.02 0.02
0 0.07375 0.30875 0.0225 0.0225
0 0.40625 0.72375 0.0225 0.02
0 0.90125 0.19375 0.02 0.02
0 0.405 0.8825 0.02 0.02
0 0.947975 0.13275 0.018349999999999998 0.016675
0 0.932625 0.449775 0.022400000000000003 0.022775
0 0.464275 0.9310250000000001 0.0178 0.019175
0 0.046950000000000006 0.40602499999999997 0.0189 0.017375
0 0.105825 0.888825 0.0169 0.018799999999999997
0 0.544025 0.896575 0.0184 0.018175
0 0.255625 0.438075 0.0148 0.020775000000000002
0 0.511 0.642725 0.01665 0.019375
0 0.46695 0.65405 0.017849999999999998 0.01525
0 0.9388 0.543925 0.018675 0.02355