0 0.5675 0.20375 0.025 0.025
0 0.52375 0.14625 0.035 0.0275
0 0.4875 0.42125 0.025 0.02
0 0.51 0.42875 0.03 0.02
0 0.49625 0.37625 0.025 0.0275
0 0.66375 0.1625 0.0225 0.0225
0 0.6 0.4775 0.0225 0.02
0 0.675 0.72 0.0225 0.0175
0 0.6375 0.9825 0.0225 0.0125
0 0.60375 0.8125 0.0225 0.0175
0 0.46375 0.73 0.0275 0.02
0 0.5975 0.6775 0.02 0.015
0 0.27125 0.7975 0.02 0.0175
0 0.78 0.97 0.0225 0.0225
0 0.14375 0.945 0.025 0.0225
0 0.5575 0.68875 0.02 0.025
0 0.6675 0.62875 0.0175 0.02
0 0.9325 0.875 0.0225 0.0325
0 0.63 0.5925 0.025 0.0175
0 0.445 0.53375 0.025 0.0175
0 0.62 0.94625 0.0175 0.0175
0 0.47875 0.54125 0.0225 0.0225
0 0.6155 0.91125 0.0225 0.0225
0 0.34 0.75375 0.0225 0.02
0 0.81625 0.96 0.02 0.02
0 0.65625 0.81875 0.0225 0.02
0 0.725 0.8 0.0225 0.0225
0 0.50375 0.64625 0.0225 0.0225
