0 0.3225 0.39875 0.02 0.02
0 0.32125 0.45 0.0225 0.0225
0 0.21 0.46 0.0225 0.0225
0 0.23875 0.54375 0.0225 0.02
0 0.235 0.5075 0.02 0.02
0 0.23875 0.47125 0.0225 0.02
0 0.4175 0.5625 0.025 0.02
0 0.035 0.68625 0.02 0.025
0 0.215 0.66125 0.03 0.025
0 0.19 0.71625 0.0225 0.0225
0 0.1475 0.8125 0.025 0.0275
0 0.10625 0.80125 0.02 0.0175
0 0.16375 0.77625 0.0175 0.0225
0 0.19875 0.82 0.02 0.015
0 0.26625 0.93625 0.025 0.02
0 0.18 0.9675 0.025 0.02
0 0.23875 0.9725 0.0275 0.025
0 0.3575 0.655 0.0225 0.0225
0 0.42 0.66 0.0225 0.0225
0 0.43125 0.78125 0.025 0.025
0 0.45375 0.7075 0.0225 0.02
0 0.0875 0.715 0.0225 0.0225
0 0.225 0.715 0.025 0.025
0 0.43875 0.32625 0.025 0.025
0 0.2225 0.94375 0.025 0.025
0 0.1875 0.77875 0.0275 0.0275
0 0.46375 0.765 0.02 0.02
0 0.41625 0.6075 0.0225 0.0225
0 0.2175 0.38875 0.0225 0.02
0 0.23125 0.3175 0.0225 0.0225
0 0.09125 0.3275 0.0275 0.025
0 0.02625 0.8125 0.02 0.0175
0 0.46625 0.7325 0.02 0.02
0 0.20875 0.40712 0.02 0.0175
0 0.10625 0.68625 0.0225 0.0225
0 0.36625 0.20125 0.0225 0.0225
0 0.39 0.61875 0.02 0.02
0 0.46 0.82375 0.025 0.025
0 0.31298 0.63625 0.02 0.02
0 0.25287 0.4125 0.0225 0.0225
0 0.43375 0.15125 0.0225 0.02
0 0.915 0.055 0.02 0.02
0 0.535 0.84125 0.02 0.02
0 0.555 0.78625 0.02 0.0225
0 0.6375 0.5725 0.02 0.0175
0 0.5475 0.7225 0.0225 0.02
0 0.57 0.6925 0.025 0.02
0 0.715 0.795 0.025 0.02
0 0.7325 0.7525 0.02 0.0175
0 0.78125 0.70125 0.025 0.0225
0 0.52625 0.81125 0.02 0.0225
0 0.74625 0.4725 0.0175 0.0225
0 0.56125 0.54 0.0225 0.0225
0 0.9325 0.68 0.0225 0.0225
0 0.89125 0.4375 0.02 0.02
0 0.63375 0.545 0.02 0.02
0 0.815 0.97625 0.02 0.02
0 0.76125 0.795 0.0175 0.0175
0 0.90625 0.09875 0.0225 0.02
0 0.7125 0.82125 0.02 0.02
0 0.78875 0.95125 0.02 0.02
0 0.6 0.68 0.0175 0.0175
0 0.88125 0.13125 0.02 0.02
0 0.87125 0.57375 0.0175 0.0175
0 0.61213 0.5225 0.0175 0.0175
0 0.53875 0.68125 0.02 0.02
0 0.6125 0.65 0.0225 0.0225
0 0.905 0.14625 0.0225 0.02
0 0.74125 0.49625 0.02 0.02
