0 0.1375 0.0925 0.0175 0.0175
0 0.0675 0.105 0.0175 0.0225
0 0.1125 0.06875 0.0225 0.02
0 0.105 0.05375 0.0225 0.0175
0 0.1625 0.0725 0.0225 0.0175
0 0.18375 0.12375 0.02 0.0175
0 0.19375 0.13625 0.02 0.015
0 0.20875 0.09125 0.025 0.02
0 0.2175 0.06625 0.015 0.0175
0 0.2275 0.03375 0.0225 0.015
0 0.2675 0.1425 0.02 0.0225
0 0.335 0.185 0.0175 0.0225
0 0.33875 0.145 0.015 0.02
0 0.44115000000000004 0.16547499999999998 0.0202 0.020925
0 0.461875 0.1705 0.02625 0.026025
0 0.59625 0.12875 0.0175 0.0225
0 0.5825 0.12 0.0175 0.0175
0 0.9252750000000001 0.0759 0.021324999999999997 0.01855
0 0.8775 0.1325 0.025 0.025
0 0.125 0.20875 0.0175 0.0175
0 0.13 0.2225 0.015 0.0225
0 0.15375 0.21 0.015 0.0175
0 0.16375 0.22125 0.0275 0.0225
0 0.165 0.2375 0.0225 0.025
0 0.20675000000000002 0.243575 0.021 0.022850000000000002
0 0.0275 0.235 0.0175 0.02
0 0.01875 0.26875 0.0225 0.0225
0 0.135 0.28875 0.0175 0.025
0 0.16875 0.2675 0.02 0.025
0 0.13125 0.2625 0.0275 0.0275
0 0.09 0.25625 0.025 0.0325
0 0.1075 0.25375 0.02 0.0175
0 0.14625 0.31 0.025 0.0225
0 0.11875 0.32875 0.0175 0.015
0 0.09 0.31 0.0175 0.0175
0 0.14115 0.3716 0.0277 0.024275
0 0.10375 0.37625 0.015 0.02
0 0.0275 0.44625 0.025 0.0225
0 0.03875 0.43 0.0225 0.02
0 0.0825 0.48875 0.03 0.0275
0 0.015 0.55625 0.025 0.02
0 0.07375 0.61125 0.025 0.0225
0 0.09 0.71 0.025 0.02
0 0.0625 0.695 0.0225 0.0175
0 0.045 0.77875 0.0275 0.02
0 0.10625 0.77 0.0275 0.0225
0 0.09375 0.7475 0.0225 0.015
0 0.07875 0.76375 0.02 0.015
0 0.075 0.77625 0.0225 0.0125
0 0.06375 0.815 0.0275 0.02
0 0.2225 0.3575 0.0175 0.025
0 0.28125 0.40125 0.0175 0.0275
0 0.20875 0.42375 0.025 0.025
0 0.2975 0.48 0.0175 0.025
0 0.26 0.58875 0.03 0.025
0 0.33 0.565 0.025 0.0275
0 0.33875 0.43625 0.0275 0.03
0 0.5575 0.2825 0.02 0.025
0 0.5225 0.3075 0.0175 0.0275
0 0.5025 0.31 0.0175 0.03
0 0.5875 0.2775 0.0175 0.0225
0 0.475 0.26875 0.02 0.025
0 0.53625 0.32 0.02 0.02
0 0.6075 0.53 0.0275 0.0225
0 0.67875 0.48375 0.0225 0.025
0 0.6075 0.36875 0.025 0.0275
0 0.4925 0.34625 0.0225 0.025
0 0.58 0.07 0.0225 0.0225
0 0.645 0.33875 0.0225 0.0225
0 0.23125 0.26375 0.0225 0.02
0 0.1025 0.35625 0.02 0.02
0 0.19375 0.38125 0.0225 0.02
0 0.4975 0.24875 0.02 0.02
0 0.0975 0.815 0.0225 0.0225
0 0.59875 0.09625 0.0225 0.02
0 0.645 0.4275 0.0275 0.0275
0 0.08134999999999999 0.6475 0.02 0.02
0 0.05625 0.505 0.0225 0.0225