0 0.21125 0.085 0.0275 0.025
0 0.18375 0.0725 0.02 0.02
0 0.26 0.0775 0.0225 0.015
0 0.29375 0.07875 0.0175 0.0175
0 0.945 0.3275 0.0275 0.025
0 0.9525 0.30875 0.02 0.025
0 0.9375 0.285 0.02 0.02
0 0.92375 0.265 0.0225 0.025
0 0.85 0.18875 0.0275 0.025
0 0.83875 0.1725 0.0175 0.0175
0 0.88625 0.16875 0.0225 0.0225
0 0.895 0.1325 0.02 0.02
0 0.97 0.1975 0.0225 0.0225
0 0.93 0.185 0.02 0.015
0 0.87375 0.23125 0.0225 0.0225
0 0.77 0.2025 0.0225 0.02
0 0.81 0.22875 0.0225 0.0175
0 0.815 0.165 0.0225 0.02
0 0.84625 0.125 0.0275 0.0225
0 0.8825 0.0875 0.02 0.02
0 0.85 0.1075 0.02 0.02
0 0.85125 0.0925 0.025 0.02
0 0.80875 0.06625 0.03 0.025
0 0.70875 0.07875 0.02 0.0225
0 0.8075 0.1 0.025 0.0225
0 0.76375 0.445 0.0225 0.0225
0 0.0725 0.685 0.02 0.02
0 0.9 0.85125 0.0225 0.02
0 0.65 0.67 0.0225 0.025
0 0.6625 0.68375 0.0225 0.0225
0 0.6825 0.69125 0.0225 0.025
0 0.7025 0.78375 0.0225 0.0225
0 0.78125 0.785 0.025 0.0175
0 0.8575 0.73 0.025 0.0175
0 0.865 0.7125 0.0275 0.0225
0 0.88125 0.85125 0.02 0.0175
0 0.96 0.905 0.02 0.02
0 0.86875 0.7425 0.02 0.0175
0 0.8275 0.68625 0.02 0.02
0 0.76125 0.7375 0.025 0.0325
0 0.775 0.7 0.02 0.0275
0 0.69625 0.7225 0.0225 0.0225
0 0.84875 0.77 0.025 0.0225
0 0.8725 0.765 0.025 0.02
0 0.79375 0.82375 0.025 0.0225
0 0.9275 0.8075 0.025 0.025
0 0.825 0.96125 0.025 0.0275
0 0.91375 0.875 0.02 0.0275
0 0.925 0.8825 0.015 0.0225
0 0.9525 0.645 0.025 0.0225
0 0.92375 0.9175 0.02 0.02
