0 0.33375 0.55875 0.02 0.0175
0 0.89 0.8475 0.0175 0.02
0 0.74625 0.94 0.0175 0.0175
0 0.66875 0.84375 0.0175 0.0225
0 0.36875 0.035 0.0175 0.015
0 0.395 0.0625 0.015 0.015
0 0.82625 0.69625 0.0175 0.015
0 0.845 0.72 0.015 0.0175
0 0.8575 0.7075 0.015 0.0125
0 0.94375 0.6925 0.0175 0.0175
0 0.15625 0.36125 0.02 0.0175
0 0.12875 0.22625 0.0225 0.0225
0 0.93125 0.3575 0.0225 0.0225
0 0.505 0.72375 0.02 0.0175
0 0.70625 0.985 0.0225 0.0225
0 0.97875 0.48 0.0225 0.0225
0 0.93375 0.8225 0.0225 0.0225
0 0.3 0.01875 0.0225 0.0225
0 0.8875 0.7125 0.02 0.02
0 0.9725 0.71125 0.02 0.02
0 0.445 0.655 0.02 0.02
0 0.065 0.3475 0.02 0.02
0 0.70375 0.05125 0.02 0.02
0 0.29375 0.06875 0.0175 0.0175
0 0.0895 0.33535 0.0183 0.01355
0 0.115525 0.35385 0.01735 0.020724999999999997
0 0.135275 0.3439 0.01695 0.013999999999999999
0 0.16622499999999998 0.39057499999999995 0.016375 0.02045
0 0.39575000000000005 0.53665 0.017425 0.01795
0 0.049550000000000004 0.98505 0.018725000000000002 0.025425
0 0.507375 0.710175 0.015575 0.01855
0 0.87485 0.4288 0.013999999999999999 0.018325
0 0.858775 0.426475 0.015774999999999997 0.01725
0 0.912425 0.40604999999999997 0.0195 0.017475
0 0.988125 0.7258 0.018425 0.01805
0 0.728225 0.899875 0.017150000000000002 0.0158
0 0.74235 0.841625 0.018600000000000002 0.0172
0 0.785 0.9023749999999999 0.0182 0.01905
0 0.815625 0.813175 0.016975 0.022799999999999997
0 0.7278 0.908875 0.017625 0.016175
0 0.6924250000000001 0.00715 0.02235 0.014275
0 0.8231999999999999 0.7591 0.0196 0.019975
0 0.763725 0.858225 0.017175 0.019275
0 0.8815500000000001 0.81365 0.018475 0.02015
0 0.31085 0.034275 0.019375 0.0154
0 0.3525 0.01795 0.017525 0.018075
0 0.883925 0.018000000000000002 0.017849999999999998 0.021724999999999998
0 0.2594 0.124725 0.01705 0.0155
0 0.19362500000000002 0.143325 0.0194 0.018799999999999997
0 0.76765 0.0555 0.0139 0.016375
0 0.8620749999999999 0.018975 0.0152 0.0183