0 0.39625 0.4825 0.0225 0.02
0 0.4375 0.48375 0.02 0.0175
0 0.35625 0.3825 0.0225 0.025
0 0.3875 0.39125 0.0275 0.02
0 0.3375 0.32875 0.025 0.02
0 0.36875 0.33 0.0325 0.02
0 0.34625 0.34625 0.0225 0.02
0 0.34125 0.3 0.025 0.015
0 0.1075 0.28625 0.0275 0.0275
0 0.09625 0.1975 0.03 0.025
0 0.0525 0.16 0.03 0.0225
0 0.1325 0.13875 0.03 0.02
0 0.17125 0.2625 0.03 0.02
0 0.14 0.36 0.03 0.025
0 0.35 0.4175 0.0175 0.015
0 0.13125 0.2025 0.0275 0.0225
0 0.1375 0.22375 0.0275 0.0225
0 0.1675 0.1825 0.0225 0.02
0 0.1775 0.3525 0.02 0.0175
0 0.91 0.06 0.025 0.025
0 0.1075 0.155 0.02 0.02
0 0.11875 0.35 0.0275 0.0275
0 0.375 0.46875 0.02 0.02
0 0.075 0.10125 0.025 0.0225
0 0.985 0.04 0.0225 0.0225
0 0.205 0.24125 0.0225 0.0225
0 0.23062 0.22287 0.02555 0.03163
0 0.12152 0.30968 0.0276 0.0228
0 0.17185 0.20157 0.0242 0.02015
0 0.54875 0.67375 0.02 0.02
0 0.69375 0.8025 0.0275 0.025
0 0.53625 0.79375 0.0225 0.02
0 0.535 0.65125 0.02 0.02
0 0.6925 0.8025 0.0275 0.025
0 0.6425 0.805 0.0225 0.0225
0 0.37625 0.58125 0.025 0.0225
0 0.50625 0.6575 0.02 0.02
