0 0.34917499999999996 0.18739999999999998 0.02335 0.025249999999999998
0 0.43 0.29375 0.0175 0.0175
0 0.3425 0.1375 0.015 0.015
0 0.3625 0.135 0.015 0.015
0 0.3975 0.23125 0.0225 0.0225
0 0.3425 0.09875 0.0175 0.015
0 0.3575 0.325 0.02 0.02
0 0.44125 0.0675 0.015 0.0175
0 0.43875 0.03125 0.02 0.0125
0 0.39125 0.1925 0.0225 0.0225
0 0.32375 0.37375 0.02 0.02
0 0.86625 0.28375 0.02 0.02
0 0.40807499999999997 0.339025 0.016125 0.015575
0 0.32 0.38375 0.02 0.02
0 0.481425 0.0076 0.02105 0.015175000000000001
0 0.3417 0.38122500000000004 0.0166 0.0161
0 0.81645 0.5299499999999999 0.018625 0.017025
0 0.42715000000000003 0.013349999999999999 0.016825 0.016
0 0.364775 0.289425 0.01705 0.01635
0 0.419775 0.34395000000000003 0.0194 0.022850000000000002
0 0.4353 0.307825 0.0169 0.0165
0 0.2446 0.36695 0.017775 0.016025
0 0.33145 0.253625 0.02005 0.016175
0 0.9614499999999999 0.130825 0.015774999999999997 0.022375
0 0.252925 0.3169 0.016575 0.021324999999999997
0 0.988 0.187225 0.01885 0.0191
0 0.032675 0.7424 0.017124999999999998 0.020525