0 0.54375 0.74125 0.02 0.0225
0 0.84875 0.1325 0.0225 0.0275
0 0.4075 0.785 0.015 0.0175
0 0.2421 0.910625 0.0202 0.01925
0 0.9575 0.04 0.025 0.025
0 0.63375 0.71875 0.02 0.0175
0 0.41625 0.4875 0.0225 0.0225
0 0.42625 0.5075 0.0175 0.0225
0 0.4375 0.8025 0.0175 0.02
0 0.1725 0.9525 0.0225 0.0225
0 0.66875 0.73875 0.02 0.02
0 0.62125 0.81625 0.02 0.02
0 0.6716249999999999 0.030674999999999997 0.018225 0.020274999999999998
0 0.783375 0.0076 0.020325000000000003 0.015175000000000001
0 0.506825 0.774075 0.02255 0.021349999999999997