0 0.5675 0.1725 0.025 0.0175
0 0.59 0.16125 0.0275 0.025
0 0.60875 0.1775 0.0225 0.0225
0 0.62875 0.17 0.025 0.0225
0 0.62875 0.18875 0.025 0.025
0 0.61875 0.19875 0.025 0.0275
0 0.52375 0.10875 0.03 0.0225
0 0.54375 0.0525 0.0225 0.02
0 0.60625 0.11875 0.0225 0.02
0 0.60625 0.095 0.025 0.0225
0 0.6325 0.0925 0.0225 0.0175
0 0.6625 0.11875 0.0225 0.02
0 0.6475 0.03375 0.0225 0.0225
0 0.07 0.285 0.02 0.0225
0 0.0325 0.2525 0.02 0.02
0 0.05875 0.40625 0.0225 0.0225
0 0.52 0.25875 0.025 0.0225
0 0.57625 0.215 0.0275 0.035
0 0.38625 0.20375 0.025 0.0225
0 0.80875 0.2175 0.025 0.0175
0 0.95875 0.11875 0.0275 0.02
0 0.9275 0.03625 0.025 0.02
0 0.9125 0.3525 0.025 0.0275
0 0.9875 0.32125 0.02 0.02
0 0.93 0.3975 0.0225 0.0225
0 0.9475 0.3975 0.02 0.025
0 0.045 0.295 0.025 0.0225
0 0.67375 0.2175 0.025 0.0225
0 0.89125 0.13375 0.02 0.02
0 0.7325 0.11 0.02 0.02
0 0.55 0.1985 0.02 0.02
0 0.42625 0.12375 0.025 0.0225
0 0.955 0.32173 0.025 0.0225
0 0.045 0.1875 0.0225 0.0225
0 0.445 0.36875 0.0225 0.0225
0 0.61875 0.27875 0.02 0.0175
0 0.8925 0.16125 0.025 0.0225
0 0.075 0.7175 0.02 0.0225
0 0.06625 0.7475 0.025 0.0225
0 0.2275 0.565 0.02 0.02
0 0.2975 0.62 0.025 0.02
0 0.74375 0.5925 0.025 0.0225
0 0.96375 0.56875 0.0225 0.02
0 0.51 0.77375 0.02 0.0225
0 0.71625 0.86 0.0225 0.02
0 0.73 0.925 0.0275 0.0275
0 0.86125 0.95625 0.0225 0.0275
0 0.37 0.78625 0.0175 0.0225
0 0.3925 0.79125 0.015 0.02
0 0.50125 0.825 0.0175 0.02
0 0.42 0.94625 0.0225 0.0275
0 0.4625 0.935 0.02 0.02
0 0.15625 0.81125 0.0225 0.02
0 0.79875 0.62375 0.0225 0.0225
0 0.155 0.61375 0.02 0.02
0 0.85875 0.935 0.0225 0.0225
0 0.82875 0.9725 0.0225 0.02
0 0.20875 0.845 0.02 0.02
0 0.2025 0.625 0.02 0.02
0 0.965 0.9575 0.0225 0.0225
