0 0.10875 0.61 0.03 0.0225
0 0.20875 0.6725 0.0225 0.0225
0 0.1725 0.6525 0.025 0.0275
0 0.14 0.66375 0.0225 0.0325
0 0.1025 0.55625 0.02 0.02
0 0.10375 0.57875 0.02 0.0175
0 0.14125 0.52625 0.015 0.0175
0 0.2175 0.75 0.03 0.03
0 0.05125 0.78625 0.025 0.0175
0 0.16625 0.74375 0.02 0.0225
0 0.1075 0.98625 0.0225 0.02
0 0.1475 0.97875 0.0225 0.0175
0 0.17125 0.98625 0.02 0.02
0 0.245 0.94625 0.0275 0.02
0 0.34875 0.92875 0.0275 0.02
0 0.4325 0.9625 0.02 0.0225
0 0.04625 0.39625 0.0325 0.0275
0 0.1 0.11375 0.02 0.02
0 0.5725 0.185 0.02 0.02
0 0.10875 0.7125 0.0225 0.02
0 0.2425 0.70375 0.02 0.02
0 0.24262499999999998 0.0875 0.02 0.02
0 0.16375 0.0225 0.02 0.02