0 0.63397 0.10263 0.02342 0.02517
0 0.25875 0.1325 0.02 0.0175
0 0.6325 0.145 0.0225 0.0225
0 0.50875 0.16625 0.02 0.02
0 0.4025 0.205 0.0175 0.0175
0 0.80625 0.2175 0.0225 0.02
0 0.29065 0.1426 0.01928 0.0202
0 0.74125 0.3175 0.0175 0.02
0 0.83375 0.22625 0.0175 0.0225
0 0.85375 0.26125 0.025 0.0225
0 0.07625 0.0825 0.0225 0.0225
0 0.25625 0.04875 0.02 0.02
0 0.3825 0.14 0.0225 0.0225
0 0.81875 0.27625 0.0225 0.0225
0 0.85615 0.21108 0.01765 0.02215
0 0.42845 0.1998 0.01585 0.01928
0 0.48235 0.16425 0.02185 0.0178
0 0.42883 0.23267 0.01835 0.0207
0 0.38743 0.22757 0.01415 0.01405
0 0.41633 0.23118 0.0148 0.01593
0 0.65985 0.33755 0.02148 0.0215
0 0.74052 0.3699 0.0007 0.0005
0 0.9 0.69125 0.02 0.0175
0 0.09125 0.7325 0.025 0.025
0 0.9025 0.7375 0.0225 0.0275
0 0.12125 0.74875 0.02 0.02
0 0.14375 0.7575 0.0175 0.0275
0 0.91625 0.78875 0.02 0.0225
0 0.13625 0.8 0.0225 0.0225
0 0.06375 0.8125 0.02 0.0175
0 0.39335 0.86417 0.02462 0.0217
0 0.0575 0.865 0.0225 0.025
0 0.19173 0.86397 0.02022 0.02835
0 0.10375 0.8725 0.0175 0.02
0 0.04375 0.92125 0.0225 0.0225
0 0.585 0.94375 0.0225 0.02
0 0.66875 0.95625 0.0225 0.025
0 0.80945 0.82562 0.0242 0.02602
0 0.2109 0.9577 0.01978 0.02595
0 0.94203 0.828 0.02158 0.0236
0 0.40377 0.89105 0.02375 0.02525
0 0.2525 0.8575 0.025 0.025
0 0.1425 0.915 0.02 0.02
0 0.1275 0.945 0.0225 0.0225
0 0.44052 0.68645 0.01855 0.01575
0 0.41472 0.71608 0.02232 0.01968
0 0.25412 0.69335 0.02075 0.02063
0 0.14815 0.93477 0.01978 0.01972
0 0.27418 0.84958 0.0213 0.02237
0 0.4266 0.89483 0.02003 0.0175
0 0.5642 0.83472 0.01947 0.023
